name_tree	id_node	dist	rank	num_descendants	expansion_score	var_fitness	name	mean_fitness	support	num_children	depth_normalized	depth	num_leaf_descendants	is_leaf
	0	0.0		238					1.0	2	0.0	0.0	176	False
	1	1.0	43.0	76	0.021109279907472096	0.11072574971713767	_0	2.304990376793007	1.0	2	0.09090909090909091	1.0	43	False
	2	1.0	10.0	160	-0.02581078086350813	0.0684147794846588	_1	3.1386051887355086	1.0	7	0.09090909090909091	1.0	133	False
	3	1.0	51.0	2	-0.003259550220094004	0.3215105803477192	_2	2.2587399372840564	1.0	2	0.18181818181818182	2.0	2	False
	4	1.0	54.0	72	0.022880186416004793	0.11002768126657436	_3	2.255946187342258	1.0	2	0.18181818181818182	2.0	41	False
	5	1.0	31.0	2	-0.003259550220094004	0.2789800051793261	_4	2.5586390993960695	1.0	2	0.18181818181818182	2.0	2	False
	6	1.0	6.0	6	-0.005638419292425886	0.12353690488602886	_5	3.3893771098697187	1.0	6	0.18181818181818182	2.0	6	False
	7	1.0	15.0	9	-0.006172071327524269	0.10642487503697318	_6	2.9464563651405458	1.0	5	0.18181818181818182	2.0	7	False
	8	1.0	5.0	10	-0.007361307128541277	0.0951612821566048	_7	3.4015875795889032	1.0	8	0.18181818181818182	2.0	9	False
	9	1.0	7.0	12	-0.008100912182043233	0.11999256550557291	_8	3.2954557262926465	1.0	6	0.18181818181818182	2.0	11	False
	10	1.0	2.0	57	-0.016678497617979016	0.029172503991125254	_9	3.6174719863472165	1.0	30	0.18181818181818182	2.0	46	False
	11	1.0	1.0	57	-0.018003014761471023	0.02229326390861175	_10	3.9644878325408177	1.0	40	0.18181818181818182	2.0	52	False
	12	1.0	160.0	0		0.9441309916776666	CTR_MGH.AACAAGAAGACGCTCC	1.0119225188318486	1.0	0	0.2727272727272727	3.0	1	True
	13	1.0	159.0	0		0.9441309916776666	CTR_MGH.GAGTGTTTCTGGAGAG	1.0119225188318486	1.0	0	0.2727272727272727	3.0	1	True
	14	1.0	59.0	2	-0.0027535769319418034	0.32479763043773247	_13	2.2389509390904783	1.0	2	0.2727272727272727	3.0	2	False
	15	1.0	63.0	68	0.0239616979665754	0.1485974605428222	_14	2.150991600450247	1.0	2	0.2727272727272727	3.0	39	False
	16	1.0	134.0	0		0.8978928813390494	CTR_MGH.TCAGTCCTCTCAATCT	1.299800769640341	1.0	0	0.2727272727272727	3.0	1	True
	17	1.0	133.0	0		0.8978928813390494	CTR_MGH.CCGGTAGTCTGATTCT	1.299800769640341	1.0	0	0.2727272727272727	3.0	1	True
	18	1.0	74.0	0		0.7427694774219544	CTR_MGH.TACTTGTAGTGGTGGT	2.077385814064228	1.0	0	0.2727272727272727	3.0	1	True
	19	1.0	77.0	0		0.7427694774219544	CTR_MGH.CGGGACTGTCCCGTGA	2.077385814064228	1.0	0	0.2727272727272727	3.0	1	True
	20	1.0	75.0	0		0.7427694774219544	CTR_MGH.AGACAAACACGTACAT	2.077385814064228	1.0	0	0.2727272727272727	3.0	1	True
	21	1.0	78.0	0		0.7427694774219544	CTR_MGH.TCGGATATCTGTGTGA	2.077385814064228	1.0	0	0.2727272727272727	3.0	1	True
	22	1.0	79.0	0		0.7427694774219544	CTR_MGH.TTCATGTAGGCTATCT	2.077385814064228	1.0	0	0.2727272727272727	3.0	1	True
	23	1.0	76.0	0		0.7427694774219544	CTR_MGH.TCTGGCTCACCAGCCA	2.077385814064228	1.0	0	0.2727272727272727	3.0	1	True
	24	1.0	108.0	0		0.7354274029214287	CTR_MGH.TCACAAGCAATGCTCA	1.66986973587436	1.0	0	0.2727272727272727	3.0	1	True
	25	1.0	106.0	0		0.7354274029214287	CTR_MGH.TGCACGGGTTCCAAAC	1.66986973587436	1.0	0	0.2727272727272727	3.0	1	True
	26	1.0	107.0	0		0.7354274029214287	CTR_MGH.TCTGTCGAGGCTGAAC	1.66986973587436	1.0	0	0.2727272727272727	3.0	1	True
	27	1.0	32.0	2	-0.0027535769319418034	0.28937173128954363	_26	2.493655328671787	1.0	2	0.2727272727272727	3.0	2	False
	28	1.0	33.0	2	-0.0027535769319418034	0.28937173128954363	_27	2.493655328671787	1.0	2	0.2727272727272727	3.0	2	False
	29	1.0	70.0	0		0.7189738359891384	CTR_MGH.CAGCCAGGTAGGGTAC	2.089377583599136	1.0	0	0.2727272727272727	3.0	1	True
	30	1.0	72.0	0		0.7189738359891384	CTR_MGH.ATACTTCGTGCAAGAC	2.089377583599136	1.0	0	0.2727272727272727	3.0	1	True
	31	1.0	68.0	0		0.7189738359891384	CTR_MGH.GTACAACAGAAGGATG	2.089377583599136	1.0	0	0.2727272727272727	3.0	1	True
	32	1.0	71.0	0		0.7189738359891384	CTR_MGH.ACCAAACGTAAGCAAT	2.089377583599136	1.0	0	0.2727272727272727	3.0	1	True
	33	1.0	67.0	0		0.7189738359891384	CTR_MGH.CACCGTTTCAGTGTGT	2.089377583599136	1.0	0	0.2727272727272727	3.0	1	True
	34	1.0	73.0	0		0.7189738359891384	CTR_MGH.GCTACCTAGGCATCAG	2.089377583599136	1.0	0	0.2727272727272727	3.0	1	True
	35	1.0	69.0	0		0.7189738359891384	CTR_MGH.GTAATGCAGTCGCGAA	2.089377583599136	1.0	0	0.2727272727272727	3.0	1	True
	36	1.0	26.0	2	-0.0027535769319418034	0.2772282767652161	_35	2.6442268325619107	1.0	2	0.2727272727272727	3.0	2	False
	37	1.0	80.0	0		0.7411774800045317	CTR_MGH.CATAGACTCATCTATC	1.9919946684746443	1.0	0	0.2727272727272727	3.0	1	True
	38	1.0	84.0	0		0.7411774800045317	CTR_MGH.CATTTCAGTCGGCCTA	1.9919946684746443	1.0	0	0.2727272727272727	3.0	1	True
	39	1.0	82.0	0		0.7411774800045317	CTR_MGH.ACTTATCAGGGTAATT	1.9919946684746443	1.0	0	0.2727272727272727	3.0	1	True
	40	1.0	83.0	0		0.7411774800045317	CTR_MGH.CGTCAAACACTCTCGT	1.9919946684746443	1.0	0	0.2727272727272727	3.0	1	True
	41	1.0	81.0	0		0.7411774800045317	CTR_MGH.AGGGCTCAGCGTGCCT	1.9919946684746443	1.0	0	0.2727272727272727	3.0	1	True
	42	1.0	4.0	6	-0.004452769126464575	0.12465455194482189	_41	3.415664889574177	1.0	6	0.2727272727272727	3.0	6	False
	43	1.0	54.0	0		0.6630825097919919	CTR_MGH.ACGGTTACAAGTTCGT	2.2857656369907824	1.0	0	0.2727272727272727	3.0	1	True
	44	1.0	52.0	0		0.6630825097919919	CTR_MGH.CTGTGAAGTATCGTAC	2.2857656369907824	1.0	0	0.2727272727272727	3.0	1	True
	45	1.0	39.0	0		0.6630825097919919	CTR_MGH.CCCTTAGTCGGAATGG	2.2857656369907824	1.0	0	0.2727272727272727	3.0	1	True
	46	1.0	53.0	0		0.6630825097919919	CTR_MGH.TTTGTTGCAGCTTCCT	2.2857656369907824	1.0	0	0.2727272727272727	3.0	1	True
	47	1.0	41.0	0		0.6630825097919919	CTR_MGH.GGGATCCAGCAACTCT	2.2857656369907824	1.0	0	0.2727272727272727	3.0	1	True
	48	1.0	40.0	0		0.6630825097919919	CTR_MGH.AGGTTACGTCGAGATG	2.2857656369907824	1.0	0	0.2727272727272727	3.0	1	True
	49	1.0	47.0	0		0.6630825097919919	CTR_MGH.AACCTGATCTAGGCCG	2.2857656369907824	1.0	0	0.2727272727272727	3.0	1	True
	50	1.0	37.0	0		0.6630825097919919	CTR_MGH.GTAGGAGCAGAACCGA	2.2857656369907824	1.0	0	0.2727272727272727	3.0	1	True
	51	1.0	55.0	0		0.6630825097919919	CTR_MGH.GTGAGCCGTGGTCTGC	2.2857656369907824	1.0	0	0.2727272727272727	3.0	1	True
	52	1.0	43.0	0		0.6630825097919919	CTR_MGH.GTCGAATGTGCTCTCT	2.2857656369907824	1.0	0	0.2727272727272727	3.0	1	True
	53	1.0	45.0	0		0.6630825097919919	CTR_MGH.TTCGGTCCACATATCG	2.2857656369907824	1.0	0	0.2727272727272727	3.0	1	True
	54	1.0	48.0	0		0.6630825097919919	CTR_MGH.AAGCGTTTCCATTGCC	2.2857656369907824	1.0	0	0.2727272727272727	3.0	1	True
	55	1.0	38.0	0		0.6630825097919919	CTR_MGH.ACGGGTCTCCTTATAC	2.2857656369907824	1.0	0	0.2727272727272727	3.0	1	True
	56	1.0	46.0	0		0.6630825097919919	CTR_MGH.ATCGATGCAAATAGCA	2.2857656369907824	1.0	0	0.2727272727272727	3.0	1	True
	57	1.0	36.0	0		0.6630825097919919	CTR_MGH.CCACGAGCATGGTACT	2.2857656369907824	1.0	0	0.2727272727272727	3.0	1	True
	58	1.0	42.0	0		0.6630825097919919	CTR_MGH.GAGTCTATCCACAGGC	2.2857656369907824	1.0	0	0.2727272727272727	3.0	1	True
	59	1.0	50.0	0		0.6630825097919919	CTR_MGH.AAGACAAAGATGGGCT	2.2857656369907824	1.0	0	0.2727272727272727	3.0	1	True
	60	1.0	44.0	0		0.6630825097919919	CTR_MGH.ACATGCAGTCCTCCTA	2.2857656369907824	1.0	0	0.2727272727272727	3.0	1	True
	61	1.0	51.0	0		0.6630825097919919	CTR_MGH.TGAGCATTCACTACTT	2.2857656369907824	1.0	0	0.2727272727272727	3.0	1	True
	62	1.0	49.0	0		0.6630825097919919	CTR_MGH.GGCGTCAAGCCTAACT	2.2857656369907824	1.0	0	0.2727272727272727	3.0	1	True
	63	1.0	23.0	2	-0.0027535769319418034	0.26674718906049844	_62	2.7140895291630587	1.0	2	0.2727272727272727	3.0	2	False
	64	1.0	18.0	2	-0.0027535769319418034	0.26674718906049844	_63	2.7140895291630587	1.0	2	0.2727272727272727	3.0	2	False
	65	1.0	20.0	2	-0.0027535769319418034	0.26674718906049844	_64	2.7140895291630587	1.0	2	0.2727272727272727	3.0	2	False
	66	1.0	22.0	2	-0.0027535769319418034	0.26674718906049844	_65	2.7140895291630587	1.0	2	0.2727272727272727	3.0	2	False
	67	1.0	24.0	2	-0.0027535769319418034	0.26674718906049844	_66	2.7140895291630587	1.0	2	0.2727272727272727	3.0	2	False
	68	1.0	19.0	2	-0.0027535769319418034	0.26674718906049844	_67	2.7140895291630587	1.0	2	0.2727272727272727	3.0	2	False
	69	1.0	21.0	2	-0.0027535769319418034	0.26674718906049844	_68	2.7140895291630587	1.0	2	0.2727272727272727	3.0	2	False
	70	1.0	13.0	3	-0.003255574648575346	0.20702303645964015	_69	3.0074640611944936	1.0	3	0.2727272727272727	3.0	3	False
	71	1.0	14.0	3	-0.003255574648575346	0.20702303645964015	_70	3.0074640611944936	1.0	3	0.2727272727272727	3.0	3	False
	72	1.0	25.0	7	-0.0026952263916588315	0.17015155998960818	_71	2.7029664069024237	1.0	2	0.2727272727272727	3.0	6	False
	73	1.0	1.0	0		0.6560352290036207	CTR_MGH.CACGTTCAGAGTGACC	2.5914908526094553	1.0	0	0.2727272727272727	3.0	1	True
	74	1.0	24.0	0		0.6560352290036207	CTR_MGH.CATGAGTTCCCACAGG	2.5914908526094553	1.0	0	0.2727272727272727	3.0	1	True
	75	1.0	14.0	0		0.6560352290036207	CTR_MGH.AGGCTGCCATCTTCGC	2.5914908526094553	1.0	0	0.2727272727272727	3.0	1	True
	76	1.0	23.0	0		0.6560352290036207	CTR_MGH.CGAGAAGTCTACGGTA	2.5914908526094553	1.0	0	0.2727272727272727	3.0	1	True
	77	1.0	12.0	0		0.6560352290036207	CTR_MGH.TACCCGTTCCTGCTAC	2.5914908526094553	1.0	0	0.2727272727272727	3.0	1	True
	78	1.0	31.0	0		0.6560352290036207	CTR_MGH.AGTAGCTAGATACAGT	2.5914908526094553	1.0	0	0.2727272727272727	3.0	1	True
	79	1.0	25.0	0		0.6560352290036207	CTR_MGH.GGGTGTCGTAGATCGG	2.5914908526094553	1.0	0	0.2727272727272727	3.0	1	True
	80	1.0	29.0	0		0.6560352290036207	CTR_MGH.TAAGCGTGTGTAGCAG	2.5914908526094553	1.0	0	0.2727272727272727	3.0	1	True
	81	1.0	18.0	0		0.6560352290036207	CTR_MGH.TATCTTGAGATGCTTC	2.5914908526094553	1.0	0	0.2727272727272727	3.0	1	True
	82	1.0	22.0	0		0.6560352290036207	CTR_MGH.AGCCACGGTGTTTCTT	2.5914908526094553	1.0	0	0.2727272727272727	3.0	1	True
	83	1.0	17.0	0		0.6560352290036207	CTR_MGH.GCACGTGCATAAGCGG	2.5914908526094553	1.0	0	0.2727272727272727	3.0	1	True
	84	1.0	32.0	0		0.6560352290036207	CTR_MGH.TTCTTCCCACCCTCTA	2.5914908526094553	1.0	0	0.2727272727272727	3.0	1	True
	85	1.0	27.0	0		0.6560352290036207	CTR_MGH.GCACATAGTACATACC	2.5914908526094553	1.0	0	0.2727272727272727	3.0	1	True
	86	1.0	35.0	0		0.6560352290036207	CTR_MGH.ACTTTGTTCCGGTAAT	2.5914908526094553	1.0	0	0.2727272727272727	3.0	1	True
	87	1.0	10.0	0		0.6560352290036207	CTR_MGH.CTCAGGGAGTGCGCTC	2.5914908526094553	1.0	0	0.2727272727272727	3.0	1	True
	88	1.0	33.0	0		0.6560352290036207	CTR_MGH.TTTCCTCAGACATAAC	2.5914908526094553	1.0	0	0.2727272727272727	3.0	1	True
	89	1.0	20.0	0		0.6560352290036207	CTR_MGH.TCGGATAGTTGGCCTG	2.5914908526094553	1.0	0	0.2727272727272727	3.0	1	True
	90	1.0	8.0	0		0.6560352290036207	CTR_MGH.TTGCCTGAGACCTCCG	2.5914908526094553	1.0	0	0.2727272727272727	3.0	1	True
	91	1.0	15.0	0		0.6560352290036207	CTR_MGH.GCATTAGTCCGTTGAA	2.5914908526094553	1.0	0	0.2727272727272727	3.0	1	True
	92	1.0	11.0	0		0.6560352290036207	CTR_MGH.AACCAACGTGACTATC	2.5914908526094553	1.0	0	0.2727272727272727	3.0	1	True
	93	1.0	7.0	0		0.6560352290036207	CTR_MGH.GGAGAACCACATCCCT	2.5914908526094553	1.0	0	0.2727272727272727	3.0	1	True
	94	1.0	28.0	0		0.6560352290036207	CTR_MGH.CGGAGAACACGGTGTC	2.5914908526094553	1.0	0	0.2727272727272727	3.0	1	True
	95	1.0	19.0	0		0.6560352290036207	CTR_MGH.TGTGGCGGTAGAGATT	2.5914908526094553	1.0	0	0.2727272727272727	3.0	1	True
	96	1.0	2.0	0		0.6560352290036207	CTR_MGH.AGCTACACATCGATGT	2.5914908526094553	1.0	0	0.2727272727272727	3.0	1	True
	97	1.0	26.0	0		0.6560352290036207	CTR_MGH.GCTACCTCAATACAGA	2.5914908526094553	1.0	0	0.2727272727272727	3.0	1	True
	98	1.0	13.0	0		0.6560352290036207	CTR_MGH.TGAGGAGAGCCAAGCA	2.5914908526094553	1.0	0	0.2727272727272727	3.0	1	True
	99	1.0	34.0	0		0.6560352290036207	CTR_MGH.GCATGATTCGCAGTTA	2.5914908526094553	1.0	0	0.2727272727272727	3.0	1	True
	100	1.0	5.0	0		0.6560352290036207	CTR_MGH.TCATCATGTTGGAGAC	2.5914908526094553	1.0	0	0.2727272727272727	3.0	1	True
	101	1.0	9.0	0		0.6560352290036207	CTR_MGH.CGGGACTGTCCAAGAG	2.5914908526094553	1.0	0	0.2727272727272727	3.0	1	True
	102	1.0	3.0	0		0.6560352290036207	CTR_MGH.GATAGAATCCGAACGC	2.5914908526094553	1.0	0	0.2727272727272727	3.0	1	True
	103	1.0	16.0	0		0.6560352290036207	CTR_MGH.TGCTCGTCACTAAACC	2.5914908526094553	1.0	0	0.2727272727272727	3.0	1	True
	104	1.0	21.0	0		0.6560352290036207	CTR_MGH.AGGTCATCAAAGGCGT	2.5914908526094553	1.0	0	0.2727272727272727	3.0	1	True
	105	1.0	4.0	0		0.6560352290036207	CTR_MGH.TGGGCTGAGTCAAGCG	2.5914908526094553	1.0	0	0.2727272727272727	3.0	1	True
	106	1.0	30.0	0		0.6560352290036207	CTR_MGH.TGTTCATCAGAGATTA	2.5914908526094553	1.0	0	0.2727272727272727	3.0	1	True
	107	1.0	6.0	0		0.6560352290036207	CTR_MGH.TGCATCCAGGAAGTCC	2.5914908526094553	1.0	0	0.2727272727272727	3.0	1	True
	108	1.0	16.0	2	-0.0027535769319418034	0.26439973864116695	_107	2.827968495328693	1.0	2	0.2727272727272727	3.0	2	False
	109	1.0	12.0	3	-0.003255574648575346	0.20584457574788395	_108	3.103721185855295	1.0	3	0.2727272727272727	3.0	3	False
	110	1.0	11.0	3	-0.003255574648575346	0.20584457574788395	_109	3.103721185855295	1.0	3	0.2727272727272727	3.0	3	False
	111	1.0	8.0	4	-0.003698368015704607	0.16741588591237289	_110	3.293344736104287	1.0	4	0.2727272727272727	3.0	4	False
	112	1.0	3.0	5	-0.004094460179831771	0.14078755554950284	_111	3.430089497715375	1.0	5	0.2727272727272727	3.0	5	False
	113	1.0	173.0	0		0.9475995574797589	CTR_MGH.ATGCGATCAATAACGA	0.9928146099416086	1.0	0	0.36363636363636365	4.0	1	True
	114	1.0	174.0	0		0.9475995574797589	CTR_MGH.GGGATGATCCTCACCA	0.9928146099416086	1.0	0	0.36363636363636365	4.0	1	True
	115	1.0	176.0	0		0.7851072049757416	CTR_MGH.CAGTTAGTCTGTCAGA	0.9104818142043148	1.0	0	0.36363636363636365	4.0	1	True
	116	1.0	61.0	66	0.024647117353018843	0.10138515480766586	_115	2.232426762257771	1.0	2	0.36363636363636365	4.0	38	False
	117	1.0	135.0	0		0.9090154388152554	CTR_MGH.CCTCAACCAACGTATC	1.2376724391661311	1.0	0	0.36363636363636365	4.0	1	True
	118	1.0	136.0	0		0.9090154388152554	CTR_MGH.GTGCTGGAGCCTGAAG	1.2376724391661311	1.0	0	0.36363636363636365	4.0	1	True
	119	1.0	137.0	0		0.9090154388152554	CTR_MGH.GGTCTGGAGACTCATC	1.2376724391661311	1.0	0	0.36363636363636365	4.0	1	True
	120	1.0	138.0	0		0.9090154388152554	CTR_MGH.TCTCAGCAGTTAACAG	1.2376724391661311	1.0	0	0.36363636363636365	4.0	1	True
	121	1.0	129.0	0		0.8939871850704142	CTR_MGH.TCTACCGGTTATAGCC	1.3811091066816	1.0	0	0.36363636363636365	4.0	1	True
	122	1.0	130.0	0		0.8939871850704142	CTR_MGH.GTCTACCAGGGTTAAT	1.3811091066816	1.0	0	0.36363636363636365	4.0	1	True
	123	1.0	62.0	0		0.7432010102323137	CTR_MGH.TCACATTAGTCCGCGT	2.1011743576951254	1.0	0	0.36363636363636365	4.0	1	True
	124	1.0	61.0	0		0.7432010102323137	CTR_MGH.GTGACGCAGCCACCGT	2.1011743576951254	1.0	0	0.36363636363636365	4.0	1	True
	125	1.0	66.0	0		0.7432010102323137	CTR_MGH.AACGTCAAGGCTCTAT	2.1011743576951254	1.0	0	0.36363636363636365	4.0	1	True
	126	1.0	65.0	0		0.7432010102323137	CTR_MGH.ACCATTTTCGACATAC	2.1011743576951254	1.0	0	0.36363636363636365	4.0	1	True
	127	1.0	63.0	0		0.7432010102323137	CTR_MGH.TCAGCAAAGAGCAGAA	2.1011743576951254	1.0	0	0.36363636363636365	4.0	1	True
	128	1.0	64.0	0		0.7432010102323137	CTR_MGH.TACGTCCTCCTCACTG	2.1011743576951254	1.0	0	0.36363636363636365	4.0	1	True
	129	1.0	114.0	0		0.8826711140734842	CTR_MGH.CATGCGGAGTATGAGT	1.447443592263038	1.0	0	0.36363636363636365	4.0	1	True
	130	1.0	116.0	0		0.8826711140734842	CTR_MGH.AGCGTCGCACCAGCTG	1.447443592263038	1.0	0	0.36363636363636365	4.0	1	True
	131	1.0	121.0	0		0.8826711140734842	CTR_MGH.CCATCACAGGGAACAA	1.447443592263038	1.0	0	0.36363636363636365	4.0	1	True
	132	1.0	118.0	0		0.8826711140734842	CTR_MGH.GTGGCGTTCACTTGTT	1.447443592263038	1.0	0	0.36363636363636365	4.0	1	True
	133	1.0	115.0	0		0.8826711140734842	CTR_MGH.TTGTGTTAGTACAACA	1.447443592263038	1.0	0	0.36363636363636365	4.0	1	True
	134	1.0	119.0	0		0.8826711140734842	CTR_MGH.CGGGCATGTCGTCGGT	1.447443592263038	1.0	0	0.36363636363636365	4.0	1	True
	135	1.0	123.0	0		0.8826711140734842	CTR_MGH.CAACAGTAGGTCTGGA	1.447443592263038	1.0	0	0.36363636363636365	4.0	1	True
	136	1.0	125.0	0		0.8826711140734842	CTR_MGH.CATTCTAGTCCGGTGT	1.447443592263038	1.0	0	0.36363636363636365	4.0	1	True
	137	1.0	120.0	0		0.8826711140734842	CTR_MGH.AGAAATGGTAGATCGG	1.447443592263038	1.0	0	0.36363636363636365	4.0	1	True
	138	1.0	117.0	0		0.8826711140734842	CTR_MGH.TGTTCCGCACCGTACG	1.447443592263038	1.0	0	0.36363636363636365	4.0	1	True
	139	1.0	124.0	0		0.8826711140734842	CTR_MGH.GTAGGAGTCCATGCAA	1.447443592263038	1.0	0	0.36363636363636365	4.0	1	True
	140	1.0	127.0	0		0.8826711140734842	CTR_MGH.GATAGAACAGGTTTAC	1.447443592263038	1.0	0	0.36363636363636365	4.0	1	True
	141	1.0	126.0	0		0.8826711140734842	CTR_MGH.CCACGTTAGCGTCTGC	1.447443592263038	1.0	0	0.36363636363636365	4.0	1	True
	142	1.0	122.0	0		0.8826711140734842	CTR_MGH.ATCACAGCAACGATCT	1.447443592263038	1.0	0	0.36363636363636365	4.0	1	True
	143	1.0	103.0	0		0.8221582483355498	CTR_MGH.CTCTCGATCAGTAGGG	1.7239672860312893	1.0	0	0.36363636363636365	4.0	1	True
	144	1.0	104.0	0		0.8221582483355498	CTR_MGH.TACCTCGTCACTGTCC	1.7239672860312893	1.0	0	0.36363636363636365	4.0	1	True
	145	1.0	100.0	0		0.8221582483355498	CTR_MGH.CTATCCGCAGGTGGAT	1.7239672860312893	1.0	0	0.36363636363636365	4.0	1	True
	146	1.0	101.0	0		0.8221582483355498	CTR_MGH.TGTTACTCAAGAGTGC	1.7239672860312893	1.0	0	0.36363636363636365	4.0	1	True
	147	1.0	105.0	0		0.8221582483355498	CTR_MGH.AGCCACGGTTCTCGTC	1.7239672860312893	1.0	0	0.36363636363636365	4.0	1	True
	148	1.0	102.0	0		0.8221582483355498	CTR_MGH.AGTGACTAGAGCCGAT	1.7239672860312893	1.0	0	0.36363636363636365	4.0	1	True
	149	1.0	128.0	0		0.7956316339157827	CTR_MGH.GTTGTCCCAGCACAAG	1.439102925979071	1.0	0	0.36363636363636365	4.0	1	True
	150	1.0	9.0	5	-0.0020098070052153917	0.15201384814995933	_149	3.1893756784023393	1.0	5	0.36363636363636365	4.0	5	False
	151	1.0	109.0	0		0.8772716531977949	CTR_MGH.TCGTGCTTCAGGAACG	1.5547294130174267	1.0	0	0.36363636363636365	4.0	1	True
	152	1.0	110.0	0		0.8772716531977949	CTR_MGH.ATAGGCTAGATGACAT	1.5547294130174267	1.0	0	0.36363636363636365	4.0	1	True
	153	1.0	99.0	0		0.8185762633628069	CTR_MGH.CGGAACCCACTACGGC	1.8132296809981212	1.0	0	0.36363636363636365	4.0	1	True
	154	1.0	95.0	0		0.8185762633628069	CTR_MGH.CGTGATAGTGCATACT	1.8132296809981212	1.0	0	0.36363636363636365	4.0	1	True
	155	1.0	98.0	0		0.8185762633628069	CTR_MGH.AGCGCCATCCGATGTA	1.8132296809981212	1.0	0	0.36363636363636365	4.0	1	True
	156	1.0	94.0	0		0.8185762633628069	CTR_MGH.AATCGTGCAGAGTCAG	1.8132296809981212	1.0	0	0.36363636363636365	4.0	1	True
	157	1.0	97.0	0		0.8185762633628069	CTR_MGH.GGGTGTCCATACAGCT	1.8132296809981212	1.0	0	0.36363636363636365	4.0	1	True
	158	1.0	96.0	0		0.8185762633628069	CTR_MGH.TCCATGCTCTAGATCG	1.8132296809981212	1.0	0	0.36363636363636365	4.0	1	True
	159	1.0	86.0	0		0.7812708890584106	CTR_MGH.AGATGAAGTGTGACCC	1.9885923094717946	1.0	0	0.36363636363636365	4.0	1	True
	160	1.0	85.0	0		0.7812708890584106	CTR_MGH.CCTATCGCAATTTCGG	1.9885923094717946	1.0	0	0.36363636363636365	4.0	1	True
	161	1.0	88.0	0		0.7812708890584106	CTR_MGH.GGGCCATGTTAAGAAC	1.9885923094717946	1.0	0	0.36363636363636365	4.0	1	True
	162	1.0	87.0	0		0.7812708890584106	CTR_MGH.GCGGAAAAGTAGTCAA	1.9885923094717946	1.0	0	0.36363636363636365	4.0	1	True
	163	1.0	59.0	0		0.7561871885569538	CTR_MGH.CCTAAGAAGGCTTAGG	2.1137061462357627	1.0	0	0.36363636363636365	4.0	1	True
	164	1.0	56.0	0		0.7561871885569538	CTR_MGH.CAATTTCGTGGCTAGA	2.1137061462357627	1.0	0	0.36363636363636365	4.0	1	True
	165	1.0	58.0	0		0.7561871885569538	CTR_MGH.ATTTCACGTACAAGTA	2.1137061462357627	1.0	0	0.36363636363636365	4.0	1	True
	166	1.0	60.0	0		0.7561871885569538	CTR_MGH.GGTCACGTCCATGCAA	2.1137061462357627	1.0	0	0.36363636363636365	4.0	1	True
	167	1.0	57.0	0		0.7561871885569538	CTR_MGH.CGGACACTCATCTCTA	2.1137061462357627	1.0	0	0.36363636363636365	4.0	1	True
	168	1.0	60.0	14	0.00745023944533566	0.10318940806844168	_167	2.2373815265340617	1.0	2	0.45454545454545453	5.0	8	False
	169	1.0	30.0	50	0.020525659089482277	0.055643553737967366	_168	2.5846300859352143	1.0	5	0.45454545454545453	5.0	30	False
	170	1.0	91.0	0		0.7706847643018047	CTR_MGH.CATGGTATCACCTCTG	1.89380199254241	1.0	0	0.45454545454545453	5.0	1	True
	171	1.0	90.0	0		0.7706847643018047	CTR_MGH.TGGTGATCACCATATG	1.89380199254241	1.0	0	0.45454545454545453	5.0	1	True
	172	1.0	92.0	0		0.7706847643018047	CTR_MGH.GAGAAATAGCCTTGAT	1.89380199254241	1.0	0	0.45454545454545453	5.0	1	True
	173	1.0	93.0	0		0.7706847643018047	CTR_MGH.CTGTCGTGTACTCGCG	1.89380199254241	1.0	0	0.45454545454545453	5.0	1	True
	174	1.0	89.0	0		0.7706847643018047	CTR_MGH.GAGAGGTTCTAGAACC	1.89380199254241	1.0	0	0.45454545454545453	5.0	1	True
	175	1.0	49.0	4	0.0017478232261444134	0.16839538357155348	_174	2.2800431372269796	1.0	2	0.5454545454545454	6.0	3	False
	176	1.0	45.0	8	0.004980658348053273	0.11105690518607148	_175	2.2950807379673073	1.0	2	0.5454545454545454	6.0	5	False
	177	1.0	29.0	5	0.002559142593656298	0.14905734809133975	_176	2.594897788183997	1.0	3	0.5454545454545454	6.0	4	False
	178	1.0	36.0	6	0.002488860035896647	0.11590378438871429	_177	2.3950738114576757	1.0	2	0.5454545454545454	6.0	4	False
	179	1.0	34.0	7	0.004804844065558889	0.1433838768856548	_178	2.4876308073665996	1.0	3	0.5454545454545454	6.0	5	False
	180	1.0	27.0	10	0.004435580826923741	0.08765147479065938	_179	2.605860650381544	1.0	3	0.5454545454545454	6.0	7	False
	181	1.0	44.0	17	0.0077746953291106214	0.10941482922431689	_180	2.2972794050235126	1.0	2	0.5454545454545454	6.0	10	False
	182	1.0	156.0	0		0.801973475820839	CTR_MGH.ATCACGACAAATGCGG	1.0349406023311905	1.0	0	0.6363636363636364	7.0	1	True
	183	1.0	58.0	2	0.0007882360851235982	0.3350754906483271	_182	2.2446301057459	1.0	2	0.6363636363636364	7.0	2	False
	184	1.0	56.0	2	0.0007882360851235982	0.32232101415661507	_183	2.2547121097959564	1.0	2	0.6363636363636364	7.0	2	False
	185	1.0	48.0	4	0.0030339375570261873	0.16816064028569233	_184	2.2913019182956194	1.0	2	0.6363636363636364	7.0	3	False
	186	1.0	131.0	0		0.7792011295879979	CTR_MGH.TCATGTTCAAATACAG	1.33706897524494	1.0	0	0.6363636363636364	7.0	1	True
	187	1.0	132.0	0		0.7792011295879979	CTR_MGH.TTTCGATTCCGCTTAC	1.33706897524494	1.0	0	0.6363636363636364	7.0	1	True
	188	1.0	39.0	2	0.0007882360851235982	0.3109510814781542	_187	2.3678055414939516	1.0	2	0.6363636363636364	7.0	2	False
	189	1.0	47.0	2	0.0007882360851235982	0.3167454191747767	_188	2.2939563780848458	1.0	2	0.6363636363636364	7.0	2	False
	190	1.0	46.0	2	0.0007882360851235982	0.3167454191747767	_189	2.2939563780848458	1.0	2	0.6363636363636364	7.0	2	False
	191	1.0	140.0	0		0.775650360531412	CTR_MGH.AGGCTGCAGTCGCCAC	1.234802788498686	1.0	0	0.6363636363636364	7.0	1	True
	192	1.0	139.0	0		0.775650360531412	CTR_MGH.TGAGCATTCCGGGACT	1.234802788498686	1.0	0	0.6363636363636364	7.0	1	True
	193	1.0	40.0	4	0.0030339375570261873	0.1681586571041258	_192	2.3284839782370215	1.0	2	0.6363636363636364	7.0	3	False
	194	1.0	38.0	2	0.0007882360851235982	0.3003000255419801	_193	2.3749130716990847	1.0	2	0.6363636363636364	7.0	2	False
	195	1.0	37.0	2	0.0007882360851235982	0.3003000255419801	_194	2.3749130716990847	1.0	2	0.6363636363636364	7.0	2	False
	196	1.0	17.0	3	0.0016918319750639744	0.22895936454516352	_195	2.7362035132289755	1.0	3	0.6363636363636364	7.0	3	False
	197	1.0	55.0	2	0.0007882360851235982	0.3218003743547433	_196	2.255725515943821	1.0	2	0.6363636363636364	7.0	2	False
	198	1.0	62.0	13	0.005827974538083529	0.148907327646306	_197	2.1961438363715637	1.0	2	0.6363636363636364	7.0	8	False
	199	1.0	171.0	0		0.9570107021144401	CTR_MGH.GATGGAGCAAGCAGGT	0.9981428352933882	1.0	0	0.7272727272727273	8.0	1	True
	200	1.0	172.0	0		0.9570107021144401	CTR_MGH.AGGGCCTTCTAGACCA	0.9981428352933882	1.0	0	0.7272727272727273	8.0	1	True
	201	1.0	167.0	0		0.9449704633913787	CTR_MGH.CGCATGGAGCTTGTTG	1.0080327449316648	1.0	0	0.7272727272727273	8.0	1	True
	202	1.0	168.0	0		0.9449704633913787	CTR_MGH.TCAAGTGCATGACAAA	1.0080327449316648	1.0	0	0.7272727272727273	8.0	1	True
	203	1.0	155.0	0		0.8015848064781563	CTR_MGH.ACGCACGTCTAGTTCT	1.0457987904455013	1.0	0	0.7272727272727273	8.0	1	True
	204	1.0	57.0	2	0.0018001826614279914	0.3341622473474093	_203	2.249228106264918	1.0	2	0.7272727272727273	8.0	2	False
	205	1.0	146.0	0		0.9319085160748348	CTR_MGH.CTCCATGTCTGTAAGC	1.1168955698387975	1.0	0	0.7272727272727273	8.0	1	True
	206	1.0	147.0	0		0.9319085160748348	CTR_MGH.AATGAAGGTTAGGACG	1.1168955698387975	1.0	0	0.7272727272727273	8.0	1	True
	207	1.0	153.0	0		0.9389557348174564	CTR_MGH.AAGCATCCAGCTCCTT	1.0458829625970676	1.0	0	0.7272727272727273	8.0	1	True
	208	1.0	151.0	0		0.9389557348174564	CTR_MGH.GGCAGTCGTCGCCTAG	1.0458829625970676	1.0	0	0.7272727272727273	8.0	1	True
	209	1.0	152.0	0		0.9389557348174564	CTR_MGH.GTGTTCCAGCATGAAT	1.0458829625970676	1.0	0	0.7272727272727273	8.0	1	True
	210	1.0	154.0	0		0.9389557348174564	CTR_MGH.ACTATGGTCCGAGATT	1.0458829625970676	1.0	0	0.7272727272727273	8.0	1	True
	211	1.0	148.0	0		0.8009961073727303	CTR_MGH.TGGGCGTTCTGCCTGT	1.081610928376683	1.0	0	0.7272727272727273	8.0	1	True
	212	1.0	50.0	2	0.0018001826614279914	0.33135709873958774	_211	2.264243727746971	1.0	2	0.7272727272727273	8.0	2	False
	213	1.0	142.0	0		0.9219404010485093	CTR_MGH.CTCAATTAGACGCCCT	1.1238913740073755	1.0	0	0.7272727272727273	8.0	1	True
	214	1.0	145.0	0		0.9219404010485093	CTR_MGH.TCGACCTTCTCTCGCA	1.1238913740073755	1.0	0	0.7272727272727273	8.0	1	True
	215	1.0	143.0	0		0.9219404010485093	CTR_MGH.GTGTGGCTCCCTATTA	1.1238913740073755	1.0	0	0.7272727272727273	8.0	1	True
	216	1.0	144.0	0		0.9219404010485093	CTR_MGH.TTGCTGCGTGCGCTCA	1.1238913740073755	1.0	0	0.7272727272727273	8.0	1	True
	217	1.0	112.0	0		0.8484873051419712	CTR_MGH.TTCTAGTTCCAGCTCT	1.469228874444552	1.0	0	0.7272727272727273	8.0	1	True
	218	1.0	111.0	0		0.8484873051419712	CTR_MGH.CCTAAGACAAGTGGTG	1.469228874444552	1.0	0	0.7272727272727273	8.0	1	True
	219	1.0	113.0	0		0.8484873051419712	CTR_MGH.AAGCGAGGTACCTATG	1.469228874444552	1.0	0	0.7272727272727273	8.0	1	True
	220	1.0	165.0	0		0.9444648373598625	CTR_MGH.CTGTATTAGTGCACCC	1.0090158090880839	1.0	0	0.7272727272727273	8.0	1	True
	221	1.0	166.0	0		0.9444648373598625	CTR_MGH.ACGGGTCTCTGCCTGT	1.0090158090880839	1.0	0	0.7272727272727273	8.0	1	True
	222	1.0	175.0	0		0.7848320817427676	CTR_MGH.TGCGACGTCCACGTCT	0.9541924053871663	1.0	0	0.7272727272727273	8.0	1	True
	223	1.0	35.0	11	0.0045942196424853384	0.10358422164112291	_222	2.409612011628306	1.0	3	0.7272727272727273	8.0	7	False
	224	1.0	170.0	0		0.956064426047593	CTR_MGH.GAGATGGTCGCTTGCT	1.0025838526780144	1.0	0	0.8181818181818182	9.0	1	True
	225	1.0	169.0	0		0.956064426047593	CTR_MGH.AAAGGATTCATCGCTC	1.0025838526780144	1.0	0	0.8181818181818182	9.0	1	True
	226	1.0	158.0	0		0.9531360536700937	CTR_MGH.GTGCAGCGTGACACGA	1.0170800313092656	1.0	0	0.8181818181818182	9.0	1	True
	227	1.0	157.0	0		0.9531360536700937	CTR_MGH.TTGGATGCAATGAACA	1.0170800313092656	1.0	0	0.8181818181818182	9.0	1	True
	228	1.0	141.0	0		0.7403287799162419	CTR_MGH.ACCACAATCCTAGCTC	1.1608213975537585	1.0	0	0.8181818181818182	9.0	1	True
	229	1.0	42.0	4	0.0008417822023463826	0.1667408750167585	_228	2.313736837082619	1.0	2	0.8181818181818182	9.0	3	False
	230	1.0	41.0	4	0.0008417822023463826	0.1667408750167585	_229	2.313736837082619	1.0	2	0.8181818181818182	9.0	3	False
	231	1.0	150.0	0		0.7999232410086377	CTR_MGH.GTTGTCCAGGCTGGAT	1.067438423867077	1.0	0	0.9090909090909091	10.0	1	True
	232	1.0	52.0	2	-0.0014886437115613064	0.33217041745432496	_231	2.2584053480611614	1.0	2	0.9090909090909091	10.0	2	False
	233	1.0	149.0	0		0.7999232410086377	CTR_MGH.TACGGTAGTTGGACTT	1.067438423867077	1.0	0	0.9090909090909091	10.0	1	True
	234	1.0	53.0	2	-0.0014886437115613064	0.33217041745432496	_233	2.2584053480611614	1.0	2	0.9090909090909091	10.0	2	False
	235	1.0	161.0	0		0.9540181401258567	CTR_MGH.TAGTGCAGTTAGGAGC	1.0114483104715348	1.0	0	1.0	11.0	1	True
	236	1.0	162.0	0		0.9540181401258567	CTR_MGH.CTCATTAGTCAACATC	1.0114483104715348	1.0	0	1.0	11.0	1	True
	237	1.0	163.0	0		0.9540181401258567	CTR_MGH.GATCCCTCAAGAGTTA	1.0114483104715348	1.0	0	1.0	11.0	1	True
	238	1.0	164.0	0		0.9540181401258567	CTR_MGH.ACTGTCCAGAGAGTGA	1.0114483104715348	1.0	0	1.0	11.0	1	True
