name_tree	id_node	dist	rank	num_descendants	expansion_score	var_fitness	name	mean_fitness	support	num_children	depth_normalized	depth	num_leaf_descendants	is_leaf
	0	0.0		39					1.0	3	0.0	0.0	23	False
	1	1.0	8.0	4	-0.012669765658762997	0.16155569678255777	_0	2.320776986257951	1.0	2	0.2	1.0	3	False
	2	1.0	10.0	11	-0.008467689937274092	0.10932338236770622	_1	2.290709857201402	1.0	2	0.2	1.0	7	False
	3	1.0	4.0	21	-0.002756509720877962	0.07967441445786516	_2	2.4304092436181963	1.0	3	0.2	1.0	13	False
	4	1.0	11.0	0		0.8175445951566809	CTR_MGH.CTCATTAAGGGCTGAT	1.0387365611735762	1.0	0	0.4	2.0	1	True
	5	1.0	11.0	2	-0.01225851402689693	0.3133201088486226	_4	2.258217472288381	1.0	2	0.4	2.0	2	False
	6	1.0	13.0	2	-0.01225851402689693	0.3067987654672617	_5	2.2507162777308696	1.0	2	0.4	2.0	2	False
	7	1.0	15.0	7	-0.009549201487844695	0.15074958013313466	_6	2.2424199013603614	1.0	2	0.4	2.0	5	False
	8	1.0	9.0	4	-0.009549201487844695	0.1613397303843902	_7	2.2950931282776255	1.0	2	0.4	2.0	3	False
	9	1.0	17.0	6	-0.011055937456081053	0.1504638862625578	_8	2.2132214827541015	1.0	2	0.4	2.0	4	False
	10	1.0	1.0	8	-0.006513230836124339	0.10356571090026545	_9	2.678615919331693	1.0	4	0.4	2.0	6	False
	11	1.0	14.0	0		0.9569138201395196	CTR_MGH.CAGTTCCCAGAAGCGT	0.9759505267448987	1.0	0	0.6	3.0	1	True
	12	1.0	15.0	0		0.9569138201395196	CTR_MGH.TCGGATATCAAACCTG	0.9759505267448987	1.0	0	0.6	3.0	1	True
	13	1.0	17.0	0		0.9511645375147534	CTR_MGH.GTGAGTTTCGTCGACG	0.9689084901871308	1.0	0	0.6	3.0	1	True
	14	1.0	16.0	0		0.9511645375147534	CTR_MGH.TCACATTTCATCTATC	0.9689084901871308	1.0	0	0.6	3.0	1	True
	15	1.0	20.0	0		0.8090055466659238	CTR_MGH.ATGGAGGGTGATGTAA	0.9640607331804096	1.0	0	0.6	3.0	1	True
	16	1.0	3.0	5	-0.01023462087428813	0.14830627663923934	_15	2.513226620769123	1.0	3	0.6	3.0	4	False
	17	1.0	12.0	0		0.8178483414539677	CTR_MGH.CGGAACCGTTAGAAGT	1.014229603051171	1.0	0	0.6	3.0	1	True
	18	1.0	14.0	2	-0.01023462087428813	0.31500892976100925	_17	2.249067346130177	1.0	2	0.6	3.0	2	False
	19	1.0	23.0	0		0.8092354178592304	CTR_MGH.CCGATCTTCAACGTGT	0.9360894605421032	1.0	0	0.6	3.0	1	True
	20	1.0	12.0	4	-0.01174135684252449	0.1661006678399266	_19	2.256121019530088	1.0	2	0.6	3.0	3	False
	21	1.0	1.0	0		0.7592756712411721	CTR_MGH.CTATCCGTCCCGAAAT	1.3785588559124204	1.0	0	0.6	3.0	1	True
	22	1.0	2.0	0		0.7592756712411721	CTR_MGH.AAGTTCGGTGTCCGTG	1.3785588559124204	1.0	0	0.6	3.0	1	True
	23	1.0	6.0	2	-0.01023462087428813	0.2862901091499559	_22	2.3808817841124266	1.0	2	0.6	3.0	2	False
	24	1.0	5.0	2	-0.01023462087428813	0.2862901091499559	_23	2.3808817841124266	1.0	2	0.6	3.0	2	False
	25	1.0	3.0	0		0.8019298751978838	CTR_MGH.GCCAGCATCAGGACAG	1.2217732263215124	1.0	0	0.8	4.0	1	True
	26	1.0	4.0	0		0.8019298751978838	CTR_MGH.CTATCCGAGGTAGATT	1.2217732263215124	1.0	0	0.8	4.0	1	True
	27	1.0	7.0	2	-0.013523447247277436	0.2999984739153705	_26	2.3251232822876178	1.0	2	0.8	4.0	2	False
	28	1.0	18.0	0		0.9586933283454929	CTR_MGH.TGAGACTTCTCCCAAC	0.9671893023463485	1.0	0	0.8	4.0	1	True
	29	1.0	19.0	0		0.9586933283454929	CTR_MGH.CCTCATGCAAGACAAT	0.9671893023463485	1.0	0	0.8	4.0	1	True
	30	1.0	13.0	0		0.8229142935877481	CTR_MGH.GCTTCACCAATTCTCT	0.9768794821284936	1.0	0	0.8	4.0	1	True
	31	1.0	16.0	2	-0.013523447247277436	0.3185189042916754	_30	2.23471270604962	1.0	2	0.8	4.0	2	False
	32	1.0	5.0	0		0.9290326481864992	CTR_MGH.ACATTTCGTGGTCCCA	1.0931945156494016	1.0	0	0.8	4.0	1	True
	33	1.0	6.0	0		0.9290326481864992	CTR_MGH.TCTTGCGGTGCAACAG	1.0931945156494016	1.0	0	0.8	4.0	1	True
	34	1.0	8.0	0		0.9290326481864992	CTR_MGH.CCTATCGCATACTGTG	1.0931945156494016	1.0	0	0.8	4.0	1	True
	35	1.0	7.0	0		0.9290326481864992	CTR_MGH.GGTGTTATCGACATTG	1.0931945156494016	1.0	0	0.8	4.0	1	True
	36	1.0	9.0	0		0.9429980668480389	CTR_MGH.CTGTATTGTACAGAAT	1.0399397674239548	1.0	0	1.0	5.0	1	True
	37	1.0	10.0	0		0.9429980668480389	CTR_MGH.ACGGTCGAGCCGCTTG	1.0399397674239548	1.0	0	1.0	5.0	1	True
	38	1.0	21.0	0		0.9622675229333385	CTR_MGH.ACCAAACAGCTTGTGT	0.9534240464015913	1.0	0	1.0	5.0	1	True
	39	1.0	22.0	0		0.9622675229333385	CTR_MGH.ATGCATGTCCACCTCA	0.9534240464015913	1.0	0	1.0	5.0	1	True
