name_tree	id_node	dist	rank	num_descendants	expansion_score	var_fitness	name	mean_fitness	support	num_children	depth_normalized	depth	num_leaf_descendants	is_leaf
	0	0.0		229					1.0	2	0.0	0.0	151	False
	1	1.0	18.0	36	-0.053655340413676055	0.2832623341142302	_0	3.24513481018183	1.0	3	0.1111111111111111	1.0	32	False
	2	1.0	48.0	191	0.004751916710624874	0.0941539060671639	_1	2.670003737123686	1.0	3	0.1111111111111111	1.0	119	False
	3	1.0	78.0	0		0.7255871228801354	CTR_MGH.TGGAGAGTCGAGATGG	2.2924958991955835	1.0	0	0.2222222222222222	2.0	1	True
	4	1.0	77.0	0		0.7255871228801354	CTR_MGH.TGGGATTCACTACAGT	2.2924958991955835	1.0	0	0.2222222222222222	2.0	1	True
	5	1.0	3.0	33	-0.05137846061699115	0.18096356653149925	_4	3.984844787482517	1.0	5	0.2222222222222222	2.0	30	False
	6	1.0	56.0	26	-0.041723757390880176	0.1137521073309351	_5	2.625026095162621	1.0	2	0.2222222222222222	2.0	15	False
	7	1.0	57.0	72	-0.014563207528834972	0.11092459484806039	_6	2.5942505114646	1.0	2	0.2222222222222222	2.0	46	False
	8	1.0	71.0	90	-0.015786987101667937	0.10618856904584018	_7	2.4971536241204353	1.0	2	0.2222222222222222	2.0	58	False
	9	1.0	36.0	0		0.6233338652959706	CTR_MGH.TCACATTAGCAGCGAT	3.022723899477372	1.0	0	0.3333333333333333	3.0	1	True
	10	1.0	35.0	0		0.6233338652959706	CTR_MGH.GTTAGTGCAGATCACT	3.022723899477372	1.0	0	0.3333333333333333	3.0	1	True
	11	1.0	14.0	2	-0.048947664680512044	0.3771614853381884	_10	3.3881771979896205	1.0	2	0.3333333333333333	3.0	2	False
	12	1.0	13.0	2	-0.048947664680512044	0.3771614853381884	_11	3.3881771979896205	1.0	2	0.3333333333333333	3.0	2	False
	13	1.0	1.0	24	-0.05001637571880614	0.07154100404632402	_12	5.420182393074032	1.0	24	0.3333333333333333	3.0	24	False
	14	1.0	59.0	4	-0.048072801981496334	0.2232168228824305	_13	2.5906943205280095	1.0	2	0.3333333333333333	3.0	3	False
	15	1.0	33.0	20	-0.04215354816384916	0.09230202522036635	_14	2.8381922199688954	1.0	3	0.3333333333333333	3.0	12	False
	16	1.0	29.0	7	-0.04750592733123863	0.15348845218183094	_15	2.897508333314615	1.0	3	0.3333333333333333	3.0	5	False
	17	1.0	70.0	63	-0.01575195823403226	0.10688438581182336	_16	2.504266279219218	1.0	2	0.3333333333333333	3.0	41	False
	18	1.0	69.0	31	-0.033706686034629035	0.10791300062404208	_17	2.5406953094397693	1.0	2	0.3333333333333333	3.0	19	False
	19	1.0	60.0	57	-0.021637195748082115	0.11704406394431732	_18	2.588277737268624	1.0	2	0.3333333333333333	3.0	39	False
	20	1.0	65.0	0		0.817202042875377	CTR_MGH.AAGTCGTGTATTGCCA	2.4336499558767644	1.0	0	0.4444444444444444	4.0	1	True
	21	1.0	66.0	0		0.817202042875377	CTR_MGH.GCACATACAAATACGA	2.4336499558767644	1.0	0	0.4444444444444444	4.0	1	True
	22	1.0	64.0	0		0.817202042875377	CTR_MGH.CGCATGGCAACGGCTC	2.4336499558767644	1.0	0	0.4444444444444444	4.0	1	True
	23	1.0	67.0	0		0.817202042875377	CTR_MGH.GAAGGGTCAGTATACC	2.4336499558767644	1.0	0	0.4444444444444444	4.0	1	True
	24	1.0	17.0	0		0.5161973430353228	CTR_MGH.GGAGATGGTTACCTGA	4.419146375523013	1.0	0	0.4444444444444444	4.0	1	True
	25	1.0	4.0	0		0.5161973430353228	CTR_MGH.CATAAGCGTATGACAA	4.419146375523013	1.0	0	0.4444444444444444	4.0	1	True
	26	1.0	1.0	0		0.5161973430353228	CTR_MGH.ATCACGACAAGGCCTC	4.419146375523013	1.0	0	0.4444444444444444	4.0	1	True
	27	1.0	2.0	0		0.5161973430353228	CTR_MGH.ATCCCTGGTAGTGTGG	4.419146375523013	1.0	0	0.4444444444444444	4.0	1	True
	28	1.0	8.0	0		0.5161973430353228	CTR_MGH.TCGCTTGAGCCTGGAA	4.419146375523013	1.0	0	0.4444444444444444	4.0	1	True
	29	1.0	18.0	0		0.5161973430353228	CTR_MGH.TACCTCGCAAAGCAAT	4.419146375523013	1.0	0	0.4444444444444444	4.0	1	True
	30	1.0	5.0	0		0.5161973430353228	CTR_MGH.TTACGCCCAATTCGTG	4.419146375523013	1.0	0	0.4444444444444444	4.0	1	True
	31	1.0	12.0	0		0.5161973430353228	CTR_MGH.AGTACTGCATACACCA	4.419146375523013	1.0	0	0.4444444444444444	4.0	1	True
	32	1.0	21.0	0		0.5161973430353228	CTR_MGH.TCACTCGAGAGCAGCT	4.419146375523013	1.0	0	0.4444444444444444	4.0	1	True
	33	1.0	10.0	0		0.5161973430353228	CTR_MGH.TGCCGAGCACCTCTGT	4.419146375523013	1.0	0	0.4444444444444444	4.0	1	True
	34	1.0	24.0	0		0.5161973430353228	CTR_MGH.CGATGCGCAGGTCTCG	4.419146375523013	1.0	0	0.4444444444444444	4.0	1	True
	35	1.0	13.0	0		0.5161973430353228	CTR_MGH.AAGCCATCATCCGTGG	4.419146375523013	1.0	0	0.4444444444444444	4.0	1	True
	36	1.0	19.0	0		0.5161973430353228	CTR_MGH.TTGAGTGCACCTCTAC	4.419146375523013	1.0	0	0.4444444444444444	4.0	1	True
	37	1.0	6.0	0		0.5161973430353228	CTR_MGH.ATTCTTGTCATTGCGA	4.419146375523013	1.0	0	0.4444444444444444	4.0	1	True
	38	1.0	20.0	0		0.5161973430353228	CTR_MGH.TACAGGTAGGAGAGGC	4.419146375523013	1.0	0	0.4444444444444444	4.0	1	True
	39	1.0	11.0	0		0.5161973430353228	CTR_MGH.GTTGCTCGTATGTGTC	4.419146375523013	1.0	0	0.4444444444444444	4.0	1	True
	40	1.0	3.0	0		0.5161973430353228	CTR_MGH.TCCACGTTCGGTCGAC	4.419146375523013	1.0	0	0.4444444444444444	4.0	1	True
	41	1.0	23.0	0		0.5161973430353228	CTR_MGH.TTTGTTGTCGTGACTA	4.419146375523013	1.0	0	0.4444444444444444	4.0	1	True
	42	1.0	16.0	0		0.5161973430353228	CTR_MGH.GAGTCATTCAAACCCA	4.419146375523013	1.0	0	0.4444444444444444	4.0	1	True
	43	1.0	15.0	0		0.5161973430353228	CTR_MGH.ACGGTCGTCTGTCCCA	4.419146375523013	1.0	0	0.4444444444444444	4.0	1	True
	44	1.0	14.0	0		0.5161973430353228	CTR_MGH.ACTTATCCATCATCTT	4.419146375523013	1.0	0	0.4444444444444444	4.0	1	True
	45	1.0	22.0	0		0.5161973430353228	CTR_MGH.TTCGGTCGTAGGCAGT	4.419146375523013	1.0	0	0.4444444444444444	4.0	1	True
	46	1.0	9.0	0		0.5161973430353228	CTR_MGH.CATACTTTCACGGACC	4.419146375523013	1.0	0	0.4444444444444444	4.0	1	True
	47	1.0	7.0	0		0.5161973430353228	CTR_MGH.GAAGGGTGTACGTACT	4.419146375523013	1.0	0	0.4444444444444444	4.0	1	True
	48	1.0	123.0	0		0.6691064149326738	CTR_MGH.TGTGCGGGTAGCCAGA	1.6435803515448217	1.0	0	0.4444444444444444	4.0	1	True
	49	1.0	78.0	2	-0.04793571810420764	0.46476317074841766	_48	2.3973369335593686	1.0	2	0.4444444444444444	4.0	2	False
	50	1.0	46.0	4	-0.04651251989603717	0.2132361371247269	_49	2.6873759789157527	1.0	2	0.4444444444444444	4.0	3	False
	51	1.0	47.0	4	-0.04651251989603717	0.2132361371247269	_50	2.6873759789157527	1.0	2	0.4444444444444444	4.0	3	False
	52	1.0	24.0	9	-0.044544902455571356	0.12024777819385868	_51	3.020529863494947	1.0	3	0.4444444444444444	4.0	6	False
	53	1.0	94.0	0		0.5997407960612224	CTR_MGH.TCAATTCGTAGGTTTC	1.9484679884279936	1.0	0	0.4444444444444444	4.0	1	True
	54	1.0	50.0	2	-0.04793571810420764	0.40198150276536815	_53	2.636461607881616	1.0	2	0.4444444444444444	4.0	2	False
	55	1.0	51.0	2	-0.04793571810420764	0.40198150276536815	_54	2.636461607881616	1.0	2	0.4444444444444444	4.0	2	False
	56	1.0	64.0	21	-0.03131726773356647	0.11121064181203444	_55	2.582685264265706	1.0	2	0.4444444444444444	4.0	14	False
	57	1.0	55.0	40	-0.023100794830413784	0.11390771175924996	_56	2.6298123711147445	1.0	2	0.4444444444444444	4.0	27	False
	58	1.0	53.0	8	-0.04343812163977917	0.13621441999046713	_57	2.6330834233843907	1.0	2	0.4444444444444444	4.0	5	False
	59	1.0	40.0	21	-0.036469200908739764	0.12067555285431286	_58	2.736923811086939	1.0	2	0.4444444444444444	4.0	14	False
	60	1.0	52.0	17	-0.039134717138377885	0.13348611507304398	_59	2.635199461816736	1.0	2	0.4444444444444444	4.0	10	False
	61	1.0	22.0	38	-0.02533636863094134	0.1557940470737993	_60	3.0285158096938174	1.0	2	0.4444444444444444	4.0	29	False
	62	1.0	149.0	0		0.9081970410876177	CTR_MGH.TAGGAGGGTTATGGTC	1.450847978185116	1.0	0	0.5555555555555556	5.0	1	True
	63	1.0	148.0	0		0.9081970410876177	CTR_MGH.GCATCGGAGCGACTGA	1.450847978185116	1.0	0	0.5555555555555556	5.0	1	True
	64	1.0	115.0	0		0.6590464318195535	CTR_MGH.TATTGGGAGGTGGTTG	1.7396693226776343	1.0	0	0.5555555555555556	5.0	1	True
	65	1.0	73.0	2	-0.04692377152790324	0.451261850094558	_64	2.473260279762063	1.0	2	0.5555555555555556	5.0	2	False
	66	1.0	114.0	0		0.6590464318195535	CTR_MGH.TAAGCACTCTGTCGCT	1.7396693226776343	1.0	0	0.5555555555555556	5.0	1	True
	67	1.0	72.0	2	-0.04692377152790324	0.451261850094558	_66	2.473260279762063	1.0	2	0.5555555555555556	5.0	2	False
	68	1.0	43.0	2	-0.04692377152790324	0.37692393034255023	_67	2.729131142601239	1.0	2	0.5555555555555556	5.0	2	False
	69	1.0	41.0	2	-0.04692377152790324	0.37692393034255023	_68	2.729131142601239	1.0	2	0.5555555555555556	5.0	2	False
	70	1.0	42.0	2	-0.04692377152790324	0.37692393034255023	_69	2.729131142601239	1.0	2	0.5555555555555556	5.0	2	False
	71	1.0	117.0	0		0.8453531611719214	CTR_MGH.CTCATGCTCCAAGCCG	1.6886268938615931	1.0	0	0.5555555555555556	5.0	1	True
	72	1.0	119.0	0		0.8453531611719214	CTR_MGH.TCATTCATCCGATAGT	1.6886268938615931	1.0	0	0.5555555555555556	5.0	1	True
	73	1.0	120.0	0		0.8453531611719214	CTR_MGH.CACCGTTCACGACGAA	1.6886268938615931	1.0	0	0.5555555555555556	5.0	1	True
	74	1.0	118.0	0		0.8453531611719214	CTR_MGH.TCTTCCTCAGGGACTA	1.6886268938615931	1.0	0	0.5555555555555556	5.0	1	True
	75	1.0	34.0	10	-0.038547050022942106	0.1356025991440255	_74	2.827534360633649	1.0	3	0.5555555555555556	5.0	7	False
	76	1.0	49.0	9	-0.0383230648981481	0.17002930607423394	_75	2.650382186379513	1.0	2	0.5555555555555556	5.0	7	False
	77	1.0	26.0	16	-0.03363650975125392	0.12969883900675683	_76	2.979900831770927	1.0	2	0.5555555555555556	5.0	12	False
	78	1.0	37.0	22	-0.0321303523780009	0.12145768543223578	_77	2.800455516968471	1.0	2	0.5555555555555556	5.0	15	False
	79	1.0	75.0	2	-0.04692377152790324	0.4066766175418284	_78	2.4362455601270154	1.0	2	0.5555555555555556	5.0	2	False
	80	1.0	58.0	4	-0.04495223781057803	0.2285430960563497	_79	2.5934887165094382	1.0	2	0.5555555555555556	5.0	3	False
	81	1.0	38.0	5	-0.04384784283398424	0.20511308438474174	_80	2.7843282892112846	1.0	2	0.5555555555555556	5.0	4	False
	82	1.0	19.0	14	-0.03965755778987409	0.1465620731353212	_81	3.2067444982757056	1.0	6	0.5555555555555556	5.0	10	False
	83	1.0	74.0	2	-0.04692377152790324	0.4043819444501269	_82	2.4380929852447686	1.0	2	0.5555555555555556	5.0	2	False
	84	1.0	35.0	13	-0.0409056236469106	0.1138643283217382	_83	2.826986918359373	1.0	3	0.5555555555555556	5.0	8	False
	85	1.0	6.0	13	-0.03783750447876849	0.2205648265342397	_84	3.6035291310826576	1.0	3	0.5555555555555556	5.0	12	False
	86	1.0	7.0	23	-0.030674554323847393	0.11095545841406995	_85	3.5808803254469304	1.0	6	0.5555555555555556	5.0	17	False
	87	1.0	137.0	0		0.8945966320324503	CTR_MGH.AAACGAACACGTACTA	1.526352766729653	1.0	0	0.6666666666666666	6.0	1	True
	88	1.0	139.0	0		0.8945966320324503	CTR_MGH.CGTCAAACAAACGAGC	1.526352766729653	1.0	0	0.6666666666666666	6.0	1	True
	89	1.0	136.0	0		0.8945966320324503	CTR_MGH.CTCCCTCGTCTCACGG	1.526352766729653	1.0	0	0.6666666666666666	6.0	1	True
	90	1.0	138.0	0		0.8945966320324503	CTR_MGH.CTAGACATCGTGGACC	1.526352766729653	1.0	0	0.6666666666666666	6.0	1	True
	91	1.0	106.0	0		0.8202952946928748	CTR_MGH.TTGGGATTCCGTACGG	1.780717911744067	1.0	0	0.6666666666666666	6.0	1	True
	92	1.0	107.0	0		0.8202952946928748	CTR_MGH.GAGTCTAGTTCAGCTA	1.780717911744067	1.0	0	0.6666666666666666	6.0	1	True
	93	1.0	109.0	0		0.8202952946928748	CTR_MGH.TGGTAGTGTATACCCA	1.780717911744067	1.0	0	0.6666666666666666	6.0	1	True
	94	1.0	108.0	0		0.8202952946928748	CTR_MGH.CATTCATGTTGGTGTT	1.780717911744067	1.0	0	0.6666666666666666	6.0	1	True
	95	1.0	110.0	0		0.8202952946928748	CTR_MGH.GAGTGAGTCCTATTTG	1.780717911744067	1.0	0	0.6666666666666666	6.0	1	True
	96	1.0	105.0	0		0.8202952946928748	CTR_MGH.AACAAAGAGATGCTAA	1.780717911744067	1.0	0	0.6666666666666666	6.0	1	True
	97	1.0	102.0	0		0.5822054741968259	CTR_MGH.AGGTTGTTCCTTGGAA	1.8790602167315444	1.0	0	0.6666666666666666	6.0	1	True
	98	1.0	63.0	2	-0.045911824951598845	0.39497062592541976	_97	2.5852406887804142	1.0	2	0.6666666666666666	6.0	2	False
	99	1.0	36.0	5	-0.04188596257521824	0.20739250655682095	_98	2.8223045478211333	1.0	2	0.6666666666666666	6.0	4	False
	100	1.0	116.0	0		0.6164066453535622	CTR_MGH.ATGGGAGAGTCACTGT	1.7030124024496245	1.0	0	0.6666666666666666	6.0	1	True
	101	1.0	20.0	7	-0.039282652039168926	0.2012415750824701	_100	3.0835335825273913	1.0	3	0.6666666666666666	6.0	6	False
	102	1.0	25.0	5	-0.04211702529045734	0.20853144018303738	_101	2.991743666921776	1.0	3	0.6666666666666666	6.0	4	False
	103	1.0	5.0	9	-0.03766108899519878	0.18875750988922846	_102	3.6918691139408057	1.0	6	0.6666666666666666	6.0	8	False
	104	1.0	39.0	6	-0.04206550512400603	0.15970307743521328	_103	2.782953567901102	1.0	2	0.6666666666666666	6.0	4	False
	105	1.0	10.0	14	-0.03479639122834935	0.12244265722114633	_104	3.4365559815285507	1.0	4	0.6666666666666666	6.0	11	False
	106	1.0	143.0	0		0.8506815375830046	CTR_MGH.ATTTCTGGTTCCTAAG	1.4896435506562078	1.0	0	0.6666666666666666	6.0	1	True
	107	1.0	142.0	0		0.8506815375830046	CTR_MGH.TCATTTGAGCGTGTCC	1.4896435506562078	1.0	0	0.6666666666666666	6.0	1	True
	108	1.0	122.0	0		0.6743641975666841	CTR_MGH.ATAGAGAGTTTGATCG	1.6463457594566282	1.0	0	0.6666666666666666	6.0	1	True
	109	1.0	77.0	2	-0.045911824951598845	0.4680293864081664	_108	2.3991849120807904	1.0	2	0.6666666666666666	6.0	2	False
	110	1.0	104.0	0		0.650802536286117	CTR_MGH.TCACGGGCACTACACA	1.8359754472590804	1.0	0	0.6666666666666666	6.0	1	True
	111	1.0	31.0	3	-0.04480742997500504	0.3954530513660721	_110	2.8867809900755854	1.0	3	0.6666666666666666	6.0	3	False
	112	1.0	82.0	0		0.5922689289657521	CTR_MGH.GACCTTCCAATACGCT	2.2550509800495675	1.0	0	0.6666666666666666	6.0	1	True
	113	1.0	81.0	0		0.5922689289657521	CTR_MGH.GATCATGAGCCAAGTG	2.2550509800495675	1.0	0	0.6666666666666666	6.0	1	True
	114	1.0	79.0	0		0.5922689289657521	CTR_MGH.GCCTGTTAGGTCTACT	2.2550509800495675	1.0	0	0.6666666666666666	6.0	1	True
	115	1.0	80.0	0		0.5922689289657521	CTR_MGH.CAACAACTCCTTCACG	2.2550509800495675	1.0	0	0.6666666666666666	6.0	1	True
	116	1.0	32.0	2	-0.045911824951598845	0.3820421242545695	_115	2.8615680251047744	1.0	2	0.6666666666666666	6.0	2	False
	117	1.0	44.0	6	-0.04513049722693006	0.1877992668654631	_116	2.7184781072982744	1.0	2	0.6666666666666666	6.0	4	False
	118	1.0	140.0	0		0.848400213765903	CTR_MGH.CAGCCAGAGGGTGAGG	1.491483477096755	1.0	0	0.6666666666666666	6.0	1	True
	119	1.0	141.0	0		0.848400213765903	CTR_MGH.GACGTTATCCGGCAAC	1.491483477096755	1.0	0	0.6666666666666666	6.0	1	True
	120	1.0	61.0	2	-0.045911824951598845	0.3824534465011986	_119	2.5862263993936647	1.0	2	0.6666666666666666	6.0	2	False
	121	1.0	62.0	2	-0.045911824951598845	0.3824534465011986	_120	2.5862263993936647	1.0	2	0.6666666666666666	6.0	2	False
	122	1.0	65.0	6	-0.04513049722693006	0.17341123421518034	_121	2.5784788982367544	1.0	2	0.6666666666666666	6.0	4	False
	123	1.0	47.0	0		0.6632225013572919	CTR_MGH.CCGGGTATCCTGTAGA	2.6469868001262506	1.0	0	0.6666666666666666	6.0	1	True
	124	1.0	48.0	0		0.6632225013572919	CTR_MGH.CATCCCAGTGCCCTTT	2.6469868001262506	1.0	0	0.6666666666666666	6.0	1	True
	125	1.0	2.0	10	-0.03960841098730119	0.17048685847965572	_124	4.652139038416099	1.0	10	0.6666666666666666	6.0	10	False
	126	1.0	49.0	0		0.5567282191295115	CTR_MGH.GTAACACCATAAGCAA	2.62516960749708	1.0	0	0.6666666666666666	6.0	1	True
	127	1.0	50.0	0		0.5567282191295115	CTR_MGH.GGGTGTCGTACGAGCA	2.62516960749708	1.0	0	0.6666666666666666	6.0	1	True
	128	1.0	11.0	3	-0.04480742997500504	0.3122467620443583	_127	3.417881032451318	1.0	3	0.6666666666666666	6.0	3	False
	129	1.0	12.0	3	-0.04480742997500504	0.3122467620443583	_128	3.417881032451318	1.0	3	0.6666666666666666	6.0	3	False
	130	1.0	17.0	5	-0.04211702529045734	0.20880817161247123	_129	3.2508384544274462	1.0	3	0.6666666666666666	6.0	4	False
	131	1.0	9.0	6	-0.04101263031386354	0.20157403377836758	_130	3.462688140223869	1.0	4	0.6666666666666666	6.0	5	False
	132	1.0	128.0	0		0.8386144226177077	CTR_MGH.TTTACTGCACCACATA	1.6377567211447188	1.0	0	0.7777777777777778	7.0	1	True
	133	1.0	129.0	0		0.8386144226177077	CTR_MGH.CCCGGAATCGGTCTGG	1.6377567211447188	1.0	0	0.7777777777777778	7.0	1	True
	134	1.0	103.0	0		0.6529591668559944	CTR_MGH.TCCCACACAGGAGGAG	1.8736710824860807	1.0	0	0.7777777777777778	7.0	1	True
	135	1.0	28.0	3	-0.04339388522539381	0.39385565533629574	_134	2.913237451576678	1.0	3	0.7777777777777778	7.0	3	False
	136	1.0	83.0	0		0.6462308497166358	CTR_MGH.GCATTAGAGGGAGTTC	2.132797516639993	1.0	0	0.7777777777777778	7.0	1	True
	137	1.0	84.0	0		0.6462308497166358	CTR_MGH.GTGAGCCAGAGGTGCT	2.132797516639993	1.0	0	0.7777777777777778	7.0	1	True
	138	1.0	15.0	4	-0.04206550512400603	0.3359811658157934	_137	3.3766328010294355	1.0	4	0.7777777777777778	7.0	4	False
	139	1.0	89.0	0		0.6536719551372263	CTR_MGH.GTCAGCGAGAGGTGCT	2.0417815612074106	1.0	0	0.7777777777777778	7.0	1	True
	140	1.0	90.0	0		0.6536719551372263	CTR_MGH.CTATAGGCACCCATAA	2.0417815612074106	1.0	0	0.7777777777777778	7.0	1	True
	141	1.0	45.0	2	-0.04489987837529443	0.4277363333641455	_140	2.7028330360635984	1.0	2	0.7777777777777778	7.0	2	False
	142	1.0	43.0	0		0.6321416369401769	CTR_MGH.CATAGACTCTCCTGCA	2.734295054668658	1.0	0	0.7777777777777778	7.0	1	True
	143	1.0	46.0	0		0.6321416369401769	CTR_MGH.TACGGTATCTGAGAGG	2.734295054668658	1.0	0	0.7777777777777778	7.0	1	True
	144	1.0	44.0	0		0.6321416369401769	CTR_MGH.CGGAACCTCAAGGCTT	2.734295054668658	1.0	0	0.7777777777777778	7.0	1	True
	145	1.0	45.0	0		0.6321416369401769	CTR_MGH.GAGCCTGGTAAGACCG	2.734295054668658	1.0	0	0.7777777777777778	7.0	1	True
	146	1.0	42.0	0		0.6321416369401769	CTR_MGH.CATTGTTCACGGCCAT	2.734295054668658	1.0	0	0.7777777777777778	7.0	1	True
	147	1.0	8.0	3	-0.04339388522539381	0.34151337772315493	_146	3.485501391782656	1.0	3	0.7777777777777778	7.0	3	False
	148	1.0	67.0	2	-0.04489987837529443	0.4122755442357313	_147	2.549929888527548	1.0	2	0.7777777777777778	7.0	2	False
	149	1.0	68.0	2	-0.04489987837529443	0.4122755442357313	_148	2.549929888527548	1.0	2	0.7777777777777778	7.0	2	False
	150	1.0	57.0	0		0.5682323569141401	CTR_MGH.GGGAGATGTTGTCATG	2.4825387299554684	1.0	0	0.7777777777777778	7.0	1	True
	151	1.0	23.0	2	-0.04489987837529443	0.3616834144361256	_150	3.022842320321455	1.0	2	0.7777777777777778	7.0	2	False
	152	1.0	16.0	3	-0.04339388522539381	0.3215980366775195	_151	3.3261272024807687	1.0	3	0.7777777777777778	7.0	3	False
	153	1.0	4.0	5	-0.04087722863162453	0.2623841155784241	_152	3.8182721403547597	1.0	5	0.7777777777777778	7.0	5	False
	154	1.0	147.0	0		0.9114175059111358	CTR_MGH.AAACGCTGTAAGATCA	1.4526798236265146	1.0	0	0.7777777777777778	7.0	1	True
	155	1.0	146.0	0		0.9114175059111358	CTR_MGH.GAGGGTACAGAACTAA	1.4526798236265146	1.0	0	0.7777777777777778	7.0	1	True
	156	1.0	97.0	0		0.8378780533692693	CTR_MGH.CATCCACAGAGCTGCA	1.937117852097797	1.0	0	0.7777777777777778	7.0	1	True
	157	1.0	99.0	0		0.8378780533692693	CTR_MGH.AGTAACCCAGGCTATT	1.937117852097797	1.0	0	0.7777777777777778	7.0	1	True
	158	1.0	98.0	0		0.8378780533692693	CTR_MGH.TTGACCCTCTTGGTGA	1.937117852097797	1.0	0	0.7777777777777778	7.0	1	True
	159	1.0	101.0	0		0.8247735421794835	CTR_MGH.AGATGAAGTTGCATAC	1.9121426218882291	1.0	0	0.7777777777777778	7.0	1	True
	160	1.0	100.0	0		0.8247735421794835	CTR_MGH.CAAGAGGGTAGCGAGT	1.9121426218882291	1.0	0	0.7777777777777778	7.0	1	True
	161	1.0	111.0	0		0.6337972029493222	CTR_MGH.TACGGTATCTAGACAC	1.7706171578240828	1.0	0	0.7777777777777778	7.0	1	True
	162	1.0	54.0	4	-0.046638419877105625	0.23820912303328612	_161	2.631034421881676	1.0	2	0.7777777777777778	7.0	3	False
	163	1.0	125.0	0		0.8262629857683441	CTR_MGH.TTAATCCAGGAATGTT	1.6387653882745443	1.0	0	0.7777777777777778	7.0	1	True
	164	1.0	124.0	0		0.8262629857683441	CTR_MGH.GTGGAGAAGGGAGGTG	1.6387653882745443	1.0	0	0.7777777777777778	7.0	1	True
	165	1.0	126.0	0		0.8262629857683441	CTR_MGH.TAGCACACAGCAAGAC	1.6387653882745443	1.0	0	0.7777777777777778	7.0	1	True
	166	1.0	127.0	0		0.8262629857683441	CTR_MGH.CCATAAGGTTTACGTG	1.6387653882745443	1.0	0	0.7777777777777778	7.0	1	True
	167	1.0	130.0	0		0.6198879477185595	CTR_MGH.ACTATCTCAGACCTAT	1.6315475217434958	1.0	0	0.7777777777777778	7.0	1	True
	168	1.0	66.0	4	-0.046638419877105625	0.23954006761383262	_167	2.566942922925742	1.0	2	0.7777777777777778	7.0	3	False
	169	1.0	31.0	0		0.6109004174728909	CTR_MGH.TAGCACATCCCATTCG	3.675629828161714	1.0	0	0.7777777777777778	7.0	1	True
	170	1.0	27.0	0		0.6109004174728909	CTR_MGH.ACGGGTCAGAAGTCAT	3.675629828161714	1.0	0	0.7777777777777778	7.0	1	True
	171	1.0	28.0	0		0.6109004174728909	CTR_MGH.TCGCTCACACGCGCTA	3.675629828161714	1.0	0	0.7777777777777778	7.0	1	True
	172	1.0	29.0	0		0.6109004174728909	CTR_MGH.GACCTTCGTGATCATC	3.675629828161714	1.0	0	0.7777777777777778	7.0	1	True
	173	1.0	33.0	0		0.6109004174728909	CTR_MGH.GCACATAGTGCAATGG	3.675629828161714	1.0	0	0.7777777777777778	7.0	1	True
	174	1.0	30.0	0		0.6109004174728909	CTR_MGH.CTGTGAAAGAGATGCC	3.675629828161714	1.0	0	0.7777777777777778	7.0	1	True
	175	1.0	26.0	0		0.6109004174728909	CTR_MGH.TCGGATATCAGGAGAC	3.675629828161714	1.0	0	0.7777777777777778	7.0	1	True
	176	1.0	34.0	0		0.6109004174728909	CTR_MGH.CACACAAAGTCATACC	3.675629828161714	1.0	0	0.7777777777777778	7.0	1	True
	177	1.0	25.0	0		0.6109004174728909	CTR_MGH.AAACGAACAGTAACAA	3.675629828161714	1.0	0	0.7777777777777778	7.0	1	True
	178	1.0	32.0	0		0.6109004174728909	CTR_MGH.CTTCTCTTCTCATAGG	3.675629828161714	1.0	0	0.7777777777777778	7.0	1	True
	179	1.0	63.0	0		0.7537163884143263	CTR_MGH.ATGCATGAGACCACGA	2.463281013346503	1.0	0	0.7777777777777778	7.0	1	True
	180	1.0	62.0	0		0.7537163884143263	CTR_MGH.TGTGATGCATATAGCC	2.463281013346503	1.0	0	0.7777777777777778	7.0	1	True
	181	1.0	61.0	0		0.7537163884143263	CTR_MGH.GGGACTCAGAAGCGAA	2.463281013346503	1.0	0	0.7777777777777778	7.0	1	True
	182	1.0	59.0	0		0.7537163884143263	CTR_MGH.ACTTAGGGTGAGCAGT	2.463281013346503	1.0	0	0.7777777777777778	7.0	1	True
	183	1.0	60.0	0		0.7537163884143263	CTR_MGH.AAATGGATCGAGATGG	2.463281013346503	1.0	0	0.7777777777777778	7.0	1	True
	184	1.0	58.0	0		0.7537163884143263	CTR_MGH.TTGCTGCCATCCTATT	2.463281013346503	1.0	0	0.7777777777777778	7.0	1	True
	185	1.0	75.0	0		0.653168772673836	CTR_MGH.TCCCATGAGTAGAGTT	2.2984780160238216	1.0	0	0.7777777777777778	7.0	1	True
	186	1.0	76.0	0		0.653168772673836	CTR_MGH.GTCTCACAGTCCCAGC	2.2984780160238216	1.0	0	0.7777777777777778	7.0	1	True
	187	1.0	30.0	2	-0.04489987837529443	0.4131148716316826	_186	2.889530410252264	1.0	2	0.7777777777777778	7.0	2	False
	188	1.0	54.0	0		0.6454075626872573	CTR_MGH.GCAGGCTCAAGAGTTA	2.508021562829665	1.0	0	0.7777777777777778	7.0	1	True
	189	1.0	55.0	0		0.6454075626872573	CTR_MGH.CTAGACATCACCGACG	2.508021562829665	1.0	0	0.7777777777777778	7.0	1	True
	190	1.0	56.0	0		0.6454075626872573	CTR_MGH.GCAGCTGCATTAAGCC	2.508021562829665	1.0	0	0.7777777777777778	7.0	1	True
	191	1.0	21.0	2	-0.04489987837529443	0.4000379545893544	_190	3.0374905905460308	1.0	2	0.7777777777777778	7.0	2	False
	192	1.0	92.0	0		0.8361858119865264	CTR_MGH.CTATCCGAGATGAATC	1.9633628120375808	1.0	0	0.8888888888888888	8.0	1	True
	193	1.0	93.0	0		0.8361858119865264	CTR_MGH.TTGCGTCAGATGGCAC	1.9633628120375808	1.0	0	0.8888888888888888	8.0	1	True
	194	1.0	91.0	0		0.8361858119865264	CTR_MGH.AGGGCTCCACTCAGAT	1.9633628120375808	1.0	0	0.8888888888888888	8.0	1	True
	195	1.0	70.0	0		0.77713848654553	CTR_MGH.TCTCAGCTCGACACTA	2.4224183251074463	1.0	0	0.8888888888888888	8.0	1	True
	196	1.0	69.0	0		0.77713848654553	CTR_MGH.AGTCATGCAAGTGGTG	2.4224183251074463	1.0	0	0.8888888888888888	8.0	1	True
	197	1.0	71.0	0		0.77713848654553	CTR_MGH.CTGCAGGCAGCAGATG	2.4224183251074463	1.0	0	0.8888888888888888	8.0	1	True
	198	1.0	68.0	0		0.77713848654553	CTR_MGH.GACTATGAGGCAGGTT	2.4224183251074463	1.0	0	0.8888888888888888	8.0	1	True
	199	1.0	112.0	0		0.8704737776333227	CTR_MGH.CATGCGGTCTTACCGC	1.7544774511833463	1.0	0	0.8888888888888888	8.0	1	True
	200	1.0	113.0	0		0.8704737776333227	CTR_MGH.TCAAGCATCAAACCTG	1.7544774511833463	1.0	0	0.8888888888888888	8.0	1	True
	201	1.0	51.0	0		0.781900759948039	CTR_MGH.CTTCAATCAGATAAAC	2.5299534024385646	1.0	0	0.8888888888888888	8.0	1	True
	202	1.0	53.0	0		0.781900759948039	CTR_MGH.TAGGTACTCGACCTAA	2.5299534024385646	1.0	0	0.8888888888888888	8.0	1	True
	203	1.0	52.0	0		0.781900759948039	CTR_MGH.CGGCAGTAGAATCGAT	2.5299534024385646	1.0	0	0.8888888888888888	8.0	1	True
	204	1.0	135.0	0		0.8558295251610746	CTR_MGH.GTCGTTCTCACGATAC	1.6026329920905957	1.0	0	0.8888888888888888	8.0	1	True
	205	1.0	134.0	0		0.8558295251610746	CTR_MGH.GCACATACATACAGGG	1.6026329920905957	1.0	0	0.8888888888888888	8.0	1	True
	206	1.0	133.0	0		0.8558295251610746	CTR_MGH.GACGCTGTCGGACGTC	1.6026329920905957	1.0	0	0.8888888888888888	8.0	1	True
	207	1.0	132.0	0		0.8558295251610746	CTR_MGH.TAGATCGTCGACATCA	1.6026329920905957	1.0	0	0.8888888888888888	8.0	1	True
	208	1.0	87.0	0		0.8040556760698294	CTR_MGH.AACCCAAGTTGCATGT	2.072126634914761	1.0	0	0.8888888888888888	8.0	1	True
	209	1.0	88.0	0		0.8040556760698294	CTR_MGH.ATAGACCAGACGATAT	2.072126634914761	1.0	0	0.8888888888888888	8.0	1	True
	210	1.0	73.0	0		0.7633151427657383	CTR_MGH.TACCGGGAGGATACAT	2.372538354673716	1.0	0	0.8888888888888888	8.0	1	True
	211	1.0	72.0	0		0.7633151427657383	CTR_MGH.ATTCCTAAGAGCCTGA	2.372538354673716	1.0	0	0.8888888888888888	8.0	1	True
	212	1.0	74.0	0		0.7633151427657383	CTR_MGH.CAATGACGTCCAGAAG	2.372538354673716	1.0	0	0.8888888888888888	8.0	1	True
	213	1.0	38.0	0		0.7031466908655659	CTR_MGH.GTCACTCCATGGAGAC	2.8584525591162486	1.0	0	0.8888888888888888	8.0	1	True
	214	1.0	41.0	0		0.7031466908655659	CTR_MGH.ACCCTTGAGAACTCCT	2.8584525591162486	1.0	0	0.8888888888888888	8.0	1	True
	215	1.0	39.0	0		0.7031466908655659	CTR_MGH.AGGATCTGTGGAATGC	2.8584525591162486	1.0	0	0.8888888888888888	8.0	1	True
	216	1.0	37.0	0		0.7031466908655659	CTR_MGH.TGAGGTTAGCGCATCC	2.8584525591162486	1.0	0	0.8888888888888888	8.0	1	True
	217	1.0	40.0	0		0.7031466908655659	CTR_MGH.CTTAGGACAGACAAGC	2.8584525591162486	1.0	0	0.8888888888888888	8.0	1	True
	218	1.0	121.0	0		0.6838159431088289	CTR_MGH.CGCATGGAGTGCAGCA	1.68363242914646	1.0	0	0.8888888888888888	8.0	1	True
	219	1.0	76.0	2	-0.04869467803643594	0.4711419982826319	_218	2.4279342974251032	1.0	2	0.8888888888888888	8.0	2	False
	220	1.0	131.0	0		0.6852847553252004	CTR_MGH.TTTGACTGTAACTAAG	1.6199375041375152	1.0	0	0.8888888888888888	8.0	1	True
	221	1.0	79.0	2	-0.04869467803643594	0.47720634082046054	_220	2.377605789524401	1.0	2	0.8888888888888888	8.0	2	False
	222	1.0	95.0	0		0.8552177557676734	CTR_MGH.TGTGTGAGTAAGATCA	1.9397915922773326	1.0	0	0.8888888888888888	8.0	1	True
	223	1.0	96.0	0		0.8552177557676734	CTR_MGH.AAGGTAACACAGTGTT	1.9397915922773326	1.0	0	0.8888888888888888	8.0	1	True
	224	1.0	85.0	0		0.841626553625809	CTR_MGH.ACCATTTAGCATTTGC	2.0865174344648847	1.0	0	0.8888888888888888	8.0	1	True
	225	1.0	86.0	0		0.841626553625809	CTR_MGH.CTCCCTCCAAATCCCA	2.0865174344648847	1.0	0	0.8888888888888888	8.0	1	True
	226	1.0	145.0	0		0.9143887562467898	CTR_MGH.GGGCTCACAGGCTACC	1.481256979427859	1.0	0	1.0	9.0	1	True
	227	1.0	144.0	0		0.9143887562467898	CTR_MGH.CATGCTCAGCGTTGTT	1.481256979427859	1.0	0	1.0	9.0	1	True
	228	1.0	151.0	0		0.9205543682745123	CTR_MGH.ACCTGTCCACCCTGTT	1.4312071518739429	1.0	0	1.0	9.0	1	True
	229	1.0	150.0	0		0.9205543682745123	CTR_MGH.TGTTACTGTGCGGCTT	1.4312071518739429	1.0	0	1.0	9.0	1	True
