name_tree	id_node	dist	rank	num_descendants	expansion_score	var_fitness	name	mean_fitness	support	num_children	depth_normalized	depth	num_leaf_descendants	is_leaf
	0	0.0		584					1.0	2	0.0	0.0	422	False
	1	1.0	158.0	2	-0.09830885641204518	0.4383234153293696	_0	2.5332545640451807	1.0	2	0.1	1.0	2	False
	2	1.0	160.0	580	0.0023793254112553313	0.18652750209926872	_1	2.4665955160946575	1.0	2	0.1	1.0	420	False
	3	1.0	412.0	0		0.8815653006619999	CTR_MGH.ATCGGATTCAGACCTA	1.5859997700163055	1.0	0	0.2	2.0	1	True
	4	1.0	413.0	0		0.8815653006619999	CTR_MGH.GGCTTTCCAGTTGCGC	1.5859997700163055	1.0	0	0.2	2.0	1	True
	5	1.0	416.0	0		0.6329114056359892	CTR_MGH.CTGTGAATCAGCTTGA	1.5202647158205	1.0	0	0.2	2.0	1	True
	6	1.0	151.0	578	0.0038872480614308967	0.14758831568853825	_5	2.666647963220767	1.0	2	0.2	2.0	419	False
	7	1.0	155.0	104	-0.04938256600095149	0.12374888147454488	_6	2.6229462277177684	1.0	2	0.3	3.0	72	False
	8	1.0	82.0	472	-0.001646211251570942	0.2130758492103766	_7	3.449164951703696	1.0	3	0.3	3.0	347	False
	9	1.0	156.0	4	-0.09412398622953888	0.22558576179620804	_8	2.589449119703921	1.0	2	0.4	4.0	3	False
	10	1.0	138.0	98	-0.050601161428810784	0.10812359350881806	_9	2.8861570781123635	1.0	3	0.4	4.0	69	False
	11	1.0	59.0	10	-0.0925668006715348	0.17123897896362728	_10	3.595213446998981	1.0	5	0.4	4.0	8	False
	12	1.0	58.0	156	-0.032588498610472263	0.1676502948904801	_11	3.6106260658521814	1.0	5	0.4	4.0	107	False
	13	1.0	38.0	303	-0.01744519118289388	0.32210908844846387	_12	3.9884624162809024	1.0	3	0.4	4.0	232	False
	14	1.0	409.0	0		0.6714466644801309	CTR_MGH.ATTCTTGAGATACGAT	1.6423371101860362	1.0	0	0.5	5.0	1	True
	15	1.0	163.0	2	-0.0942610701068276	0.4663372011537561	_14	2.396206846044718	1.0	2	0.5	5.0	2	False
	16	1.0	150.0	4	-0.09256370414407976	0.21594065332697454	_15	2.70840314142359	1.0	2	0.5	5.0	3	False
	17	1.0	137.0	7	-0.09083553368432125	0.15176653777829507	_16	2.925161462049531	1.0	2	0.5	5.0	5	False
	18	1.0	103.0	84	-0.05439619808172486	0.182680180684212	_17	3.2308266544366258	1.0	2	0.5	5.0	61	False
	19	1.0	247.0	0		0.6153438260211868	CTR_MGH.ACGTACACAGCCGTCA	2.6390262417784114	1.0	0	0.5	5.0	1	True
	20	1.0	248.0	0		0.6153438260211868	CTR_MGH.TCAAGCAAGGTTGGTG	2.6390262417784114	1.0	0	0.5	5.0	1	True
	21	1.0	249.0	0		0.6153438260211868	CTR_MGH.GCTGAATTCAGAGTGG	2.6390262417784114	1.0	0	0.5	5.0	1	True
	22	1.0	110.0	2	-0.0942610701068276	0.3804147934716422	_21	3.1290951827765516	1.0	2	0.5	5.0	2	False
	23	1.0	86.0	3	-0.09375907239019407	0.33684306029968525	_22	3.42532588581437	1.0	3	0.5	5.0	3	False
	24	1.0	64.0	22	-0.0789004098000591	0.12472844289005636	_23	3.5854473179761266	1.0	6	0.5	5.0	15	False
	25	1.0	105.0	24	-0.07264367388077003	0.20287834601333898	_24	3.221579572596559	1.0	3	0.5	5.0	17	False
	26	1.0	94.0	26	-0.07425462804997554	0.14785774946112618	_25	3.335597332864003	1.0	3	0.5	5.0	18	False
	27	1.0	51.0	27	-0.0722217924291888	0.3207886409340137	_26	3.7796870016507134	1.0	3	0.5	5.0	21	False
	28	1.0	93.0	52	-0.05873672360254134	0.12856564518082614	_27	3.337524711478357	1.0	5	0.5	5.0	36	False
	29	1.0	24.0	19	-0.0850350918917873	0.18656476429065094	_28	4.2373453061192725	1.0	7	0.5	5.0	16	False
	30	1.0	31.0	115	-0.04270607685545019	0.38120590488401973	_29	4.091315566447969	1.0	2	0.5	5.0	95	False
	31	1.0	40.0	166	-0.038178579291254504	0.3036501672944034	_30	3.9031856585379296	1.0	2	0.5	5.0	121	False
	32	1.0	422.0	0		0.9097550244242338	CTR_MGH.CAAGAGGAGCCTCACG	1.44972135044196	1.0	0	0.6	6.0	1	True
	33	1.0	421.0	0		0.9097550244242338	CTR_MGH.GAAATGATCGTCGCTT	1.44972135044196	1.0	0	0.6	6.0	1	True
	34	1.0	402.0	0		0.661663237706053	CTR_MGH.CTCCTCCCATATAGCC	1.7605489085720285	1.0	0	0.6	6.0	1	True
	35	1.0	159.0	2	-0.0932491235305232	0.45132963915843494	_34	2.4893025788574685	1.0	2	0.6	6.0	2	False
	36	1.0	152.0	2	-0.0932491235305232	0.39925652265172484	_35	2.657136714222426	1.0	2	0.6	6.0	2	False
	37	1.0	132.0	3	-0.09234552764058282	0.35909670492447177	_36	2.987458484287299	1.0	3	0.6	6.0	3	False
	38	1.0	96.0	21	-0.07660227814459597	0.09111776952570594	_37	3.3056883973478097	1.0	5	0.6	6.0	14	False
	39	1.0	23.0	61	-0.061572504874700014	0.09553763326580267	_38	4.298124050649879	1.0	15	0.6	6.0	47	False
	40	1.0	337.0	0		0.8218846109222122	CTR_MGH.CAAAGAAGTAACTTCG	2.17732666307212	1.0	0	0.6	6.0	1	True
	41	1.0	336.0	0		0.8218846109222122	CTR_MGH.CGAGGAAGTATGATCC	2.17732666307212	1.0	0	0.6	6.0	1	True
	42	1.0	297.0	0		0.7776696511972672	CTR_MGH.AATTTCCGTGTAGCAG	2.4705317423528723	1.0	0	0.6	6.0	1	True
	43	1.0	296.0	0		0.7776696511972672	CTR_MGH.TATTCCACAAGAGCTG	2.4705317423528723	1.0	0	0.6	6.0	1	True
	44	1.0	295.0	0		0.7776696511972672	CTR_MGH.AACGAAAAGAGAATCT	2.4705317423528723	1.0	0	0.6	6.0	1	True
	45	1.0	258.0	0		0.5701290106785173	CTR_MGH.TTTCGATAGTCCTGCG	2.6296123566905902	1.0	0	0.6	6.0	1	True
	46	1.0	259.0	0		0.5701290106785173	CTR_MGH.CTCTCGATCGATACGT	2.6296123566905902	1.0	0	0.6	6.0	1	True
	47	1.0	111.0	2	-0.0932491235305232	0.35856449949327285	_46	3.1240500840907233	1.0	2	0.6	6.0	2	False
	48	1.0	112.0	2	-0.0932491235305232	0.35856449949327285	_47	3.1240500840907233	1.0	2	0.6	6.0	2	False
	49	1.0	87.0	3	-0.09234552764058282	0.31780583982558674	_48	3.4203873172695345	1.0	3	0.6	6.0	3	False
	50	1.0	114.0	9	-0.08539745504607968	0.15728265700857236	_49	3.1169761518149244	1.0	3	0.6	6.0	6	False
	51	1.0	329.0	0		0.6472756300640663	CTR_MGH.CGGGTGTGTTCACGAT	2.26951587025823	1.0	0	0.6	6.0	1	True
	52	1.0	140.0	2	-0.0932491235305232	0.4098468440180678	_51	2.8694105653784923	1.0	2	0.6	6.0	2	False
	53	1.0	107.0	19	-0.07560597306389837	0.1665123894335352	_52	3.18854640818268	1.0	2	0.6	6.0	14	False
	54	1.0	133.0	2	-0.0932491235305232	0.3771614856424659	_53	2.952110391287035	1.0	2	0.6	6.0	2	False
	55	1.0	99.0	6	-0.08865510309428667	0.20820667152941752	_54	3.258435761492073	1.0	3	0.6	6.0	5	False
	56	1.0	80.0	15	-0.07956283963723185	0.1341735567619473	_55	3.475659270564389	1.0	6	0.6	6.0	11	False
	57	1.0	234.0	0		0.7595354914261581	CTR_MGH.CTGTACCCAGCCGGTT	2.820109741077764	1.0	0	0.6	6.0	1	True
	58	1.0	233.0	0		0.7595354914261581	CTR_MGH.CTGTGAATCCCGTTCA	2.820109741077764	1.0	0	0.6	6.0	1	True
	59	1.0	17.0	24	-0.07348672564956929	0.15254911412307948	_58	4.410444920426017	1.0	13	0.6	6.0	19	False
	60	1.0	313.0	0		0.5743364540282325	CTR_MGH.TAGCACAAGCATTGAA	2.384567247763341	1.0	0	0.6	6.0	1	True
	61	1.0	147.0	6	-0.08820938507756326	0.1899176972435459	_60	2.7678184824473435	1.0	2	0.6	6.0	4	False
	62	1.0	146.0	6	-0.08820938507756326	0.1899176972435459	_61	2.7678184824473435	1.0	2	0.6	6.0	4	False
	63	1.0	128.0	5	-0.08969822799537339	0.21063172298701716	_62	3.039333255770646	1.0	2	0.6	6.0	4	False
	64	1.0	50.0	30	-0.06741423727212295	0.13194986570545808	_63	3.7852791152157064	1.0	7	0.6	6.0	23	False
	65	1.0	164.0	0		0.6277417342880494	CTR_MGH.TCGAACATCTGTGCTC	3.2704327124062553	1.0	0	0.6	6.0	1	True
	66	1.0	162.0	0		0.6277417342880494	CTR_MGH.CATACTTCATAACAGA	3.2704327124062553	1.0	0	0.6	6.0	1	True
	67	1.0	161.0	0		0.6277417342880494	CTR_MGH.AGGTGTTTCAGCGCAC	3.2704327124062553	1.0	0	0.6	6.0	1	True
	68	1.0	163.0	0		0.6277417342880494	CTR_MGH.TCATTTGGTAGAGACC	3.2704327124062553	1.0	0	0.6	6.0	1	True
	69	1.0	67.0	2	-0.0932491235305232	0.3782271610704431	_68	3.5531332445005623	1.0	2	0.6	6.0	2	False
	70	1.0	68.0	2	-0.0932491235305232	0.3782271610704431	_69	3.5531332445005623	1.0	2	0.6	6.0	2	False
	71	1.0	9.0	8	-0.0890601364059698	0.19160343579592976	_70	4.653906836267493	1.0	8	0.6	6.0	8	False
	72	1.0	88.0	15	-0.07777143394955828	0.3002063958315251	_71	3.4117117748187424	1.0	2	0.6	6.0	12	False
	73	1.0	3.0	98	-0.04691328093309434	0.1300485631091739	_72	5.1574643473247574	1.0	11	0.6	6.0	83	False
	74	1.0	95.0	2	-0.0932491235305232	0.435258673734074	_73	3.3317271299634212	1.0	2	0.6	6.0	2	False
	75	1.0	8.0	162	-0.03908217518119489	0.080348330395271	_74	4.678211600676363	1.0	20	0.6	6.0	119	False
	76	1.0	415.0	0		0.8946034748481395	CTR_MGH.TGGATCATCATTTACC	1.542297730937954	1.0	0	0.7	7.0	1	True
	77	1.0	414.0	0		0.8946034748481395	CTR_MGH.AAACCCACAATTTCCT	1.542297730937954	1.0	0	0.7	7.0	1	True
	78	1.0	405.0	0		0.842581848673774	CTR_MGH.TCCATCGTCAAAGGAT	1.7091683833540994	1.0	0	0.7	7.0	1	True
	79	1.0	406.0	0		0.842581848673774	CTR_MGH.TAATTCCAGCGAGGAG	1.7091683833540994	1.0	0	0.7	7.0	1	True
	80	1.0	378.0	0		0.8016693701638973	CTR_MGH.GGTAGAGCATCTAGAC	2.037060667520458	1.0	0	0.7	7.0	1	True
	81	1.0	377.0	0		0.8016693701638973	CTR_MGH.GACATCATCAGACATC	2.037060667520458	1.0	0	0.7	7.0	1	True
	82	1.0	376.0	0		0.8016693701638973	CTR_MGH.TGCAGATCATCGGAGA	2.037060667520458	1.0	0	0.7	7.0	1	True
	83	1.0	136.0	2	-0.09223717695421878	0.35024279988843965	_82	2.9338265538018526	1.0	2	0.7	7.0	2	False
	84	1.0	135.0	2	-0.09223717695421878	0.35024279988843965	_83	2.9338265538018526	1.0	2	0.7	7.0	2	False
	85	1.0	134.0	2	-0.09223717695421878	0.35024279988843965	_84	2.9338265538018526	1.0	2	0.7	7.0	2	False
	86	1.0	129.0	5	-0.0877363477366074	0.20152314015745176	_85	3.0242521210621267	1.0	2	0.7	7.0	4	False
	87	1.0	109.0	5	-0.0879364040049251	0.2004882736582836	_86	3.1307736365038146	1.0	3	0.7	7.0	4	False
	88	1.0	156.0	0		0.5404491204313793	CTR_MGH.ACAAGCTTCACCGCTT	3.3305863061850576	1.0	0	0.7	7.0	1	True
	89	1.0	160.0	0		0.5404491204313793	CTR_MGH.TCAGGGCGTTTGTGGT	3.3305863061850576	1.0	0	0.7	7.0	1	True
	90	1.0	159.0	0		0.5404491204313793	CTR_MGH.ATCGATGTCGCGTGAC	3.3305863061850576	1.0	0	0.7	7.0	1	True
	91	1.0	154.0	0		0.5404491204313793	CTR_MGH.AGATGCTCAACAACAA	3.3305863061850576	1.0	0	0.7	7.0	1	True
	92	1.0	155.0	0		0.5404491204313793	CTR_MGH.AGCGCCACATCCTCAC	3.3305863061850576	1.0	0	0.7	7.0	1	True
	93	1.0	158.0	0		0.5404491204313793	CTR_MGH.TCTAACTGTTCGGCCA	3.3305863061850576	1.0	0	0.7	7.0	1	True
	94	1.0	157.0	0		0.5404491204313793	CTR_MGH.TTCCTTCGTCGTAATC	3.3305863061850576	1.0	0	0.7	7.0	1	True
	95	1.0	61.0	2	-0.09223717695421878	0.33845681562578456	_94	3.5928755436030233	1.0	2	0.7	7.0	2	False
	96	1.0	62.0	2	-0.09223717695421878	0.33845681562578456	_95	3.5928755436030233	1.0	2	0.7	7.0	2	False
	97	1.0	60.0	2	-0.09223717695421878	0.33845681562578456	_96	3.5928755436030233	1.0	2	0.7	7.0	2	False
	98	1.0	63.0	2	-0.09223717695421878	0.33845681562578456	_97	3.5928755436030233	1.0	2	0.7	7.0	2	False
	99	1.0	78.0	5	-0.0877363477366074	0.2501261572400182	_98	3.4978752334446086	1.0	2	0.7	7.0	4	False
	100	1.0	33.0	4	-0.0897807201364355	0.2621096234258964	_99	4.080670353442898	1.0	4	0.7	7.0	4	False
	101	1.0	49.0	6	-0.08663120994167788	0.22091451434978637	_100	3.7945175117744636	1.0	4	0.7	7.0	5	False
	102	1.0	13.0	23	-0.08266801715565823	0.19569456252035522	_101	4.528856356061429	1.0	9	0.7	7.0	19	False
	103	1.0	339.0	0		0.8005093096386835	CTR_MGH.GCACGGTAGGGCAATC	2.1724085994200495	1.0	0	0.7	7.0	1	True
	104	1.0	338.0	0		0.8005093096386835	CTR_MGH.GACCAATTCCCGAATA	2.1724085994200495	1.0	0	0.7	7.0	1	True
	105	1.0	340.0	0		0.8005093096386835	CTR_MGH.AGACCATCACCCAACG	2.1724085994200495	1.0	0	0.7	7.0	1	True
	106	1.0	341.0	0		0.8005093096386835	CTR_MGH.GGAGATGCAGACATCT	2.1724085994200495	1.0	0	0.7	7.0	1	True
	107	1.0	298.0	0		0.7591276804964853	CTR_MGH.TACTTGTCACAGACGA	2.4657338699134117	1.0	0	0.7	7.0	1	True
	108	1.0	299.0	0		0.7591276804964853	CTR_MGH.GGGTCTGTCGCTACAA	2.4657338699134117	1.0	0	0.7	7.0	1	True
	109	1.0	300.0	0		0.7591276804964853	CTR_MGH.AGTTAGCCAGCAAGAC	2.4657338699134117	1.0	0	0.7	7.0	1	True
	110	1.0	342.0	0		0.6029608312976134	CTR_MGH.AGAGCAGCAAGGCAAC	2.1660843318503935	1.0	0	0.7	7.0	1	True
	111	1.0	145.0	2	-0.09223717695421878	0.39172025456599346	_110	2.796925053855208	1.0	2	0.7	7.0	2	False
	112	1.0	141.0	4	-0.08944313997316145	0.22491397279584824	_111	2.8094836572753064	1.0	2	0.7	7.0	3	False
	113	1.0	390.0	0		0.8520478320100673	CTR_MGH.AGGGTCCCACGGATCC	1.9198374808986336	1.0	0	0.7	7.0	1	True
	114	1.0	389.0	0		0.8520478320100673	CTR_MGH.GCCATGGAGCGCTGAA	1.9198374808986336	1.0	0	0.7	7.0	1	True
	115	1.0	113.0	8	-0.08544797691653698	0.16113840058842221	_114	3.1222512389414065	1.0	2	0.7	7.0	6	False
	116	1.0	45.0	9	-0.0835185042991659	0.19022740503453583	_115	3.851385497161874	1.0	7	0.7	7.0	8	False
	117	1.0	379.0	0		0.8195563077383134	CTR_MGH.CGAGGCTCAGCCTTCT	2.0019565721016317	1.0	0	0.7	7.0	1	True
	118	1.0	380.0	0		0.8195563077383134	CTR_MGH.TTTACGTCAATGTGGG	2.0019565721016317	1.0	0	0.7	7.0	1	True
	119	1.0	321.0	0		0.6525146725578406	CTR_MGH.TCCACGTAGCTTGTGT	2.305995494513929	1.0	0	0.7	7.0	1	True
	120	1.0	320.0	0		0.6525146725578406	CTR_MGH.CTCAGTCTCCCGATCT	2.305995494513929	1.0	0	0.7	7.0	1	True
	121	1.0	106.0	3	-0.0909319828909716	0.3668617596585886	_120	3.207824591632317	1.0	3	0.7	7.0	3	False
	122	1.0	286.0	0		0.5795686879012747	CTR_MGH.AGAGAATTCCTCGCAT	2.5211318386484733	1.0	0	0.7	7.0	1	True
	123	1.0	287.0	0		0.5795686879012747	CTR_MGH.ATCCTATTCAACTGAC	2.5211318386484733	1.0	0	0.7	7.0	1	True
	124	1.0	285.0	0		0.5795686879012747	CTR_MGH.ACTGATGAGAAGCGGG	2.5211318386484733	1.0	0	0.7	7.0	1	True
	125	1.0	125.0	2	-0.09223717695421878	0.3660455262190734	_124	3.0491887080489675	1.0	2	0.7	7.0	2	False
	126	1.0	126.0	2	-0.09223717695421878	0.3660455262190734	_125	3.0491887080489675	1.0	2	0.7	7.0	2	False
	127	1.0	118.0	5	-0.0877363477366074	0.21563803912547108	_126	3.100180039973016	1.0	2	0.7	7.0	4	False
	128	1.0	129.0	0		0.5946605141113874	CTR_MGH.GAGCCTGCATCCTTGC	3.440033051631788	1.0	0	0.7	7.0	1	True
	129	1.0	135.0	0		0.5946605141113874	CTR_MGH.TGGAGGAAGGAATTAC	3.440033051631788	1.0	0	0.7	7.0	1	True
	130	1.0	133.0	0		0.5946605141113874	CTR_MGH.TTACGTTAGGGATGTC	3.440033051631788	1.0	0	0.7	7.0	1	True
	131	1.0	137.0	0		0.5946605141113874	CTR_MGH.AGGTTGTCAACAGAGC	3.440033051631788	1.0	0	0.7	7.0	1	True
	132	1.0	134.0	0		0.5946605141113874	CTR_MGH.GTATTTCAGTTTCTTC	3.440033051631788	1.0	0	0.7	7.0	1	True
	133	1.0	136.0	0		0.5946605141113874	CTR_MGH.CACTGAACAAATGCTC	3.440033051631788	1.0	0	0.7	7.0	1	True
	134	1.0	132.0	0		0.5946605141113874	CTR_MGH.TGAGGGACAATACAGA	3.440033051631788	1.0	0	0.7	7.0	1	True
	135	1.0	131.0	0		0.5946605141113874	CTR_MGH.TGCTCCAAGCCGAACA	3.440033051631788	1.0	0	0.7	7.0	1	True
	136	1.0	128.0	0		0.5946605141113874	CTR_MGH.CTCCAACGTTCACGAT	3.440033051631788	1.0	0	0.7	7.0	1	True
	137	1.0	130.0	0		0.5946605141113874	CTR_MGH.CCCTTAGAGGCCACCT	3.440033051631788	1.0	0	0.7	7.0	1	True
	138	1.0	56.0	2	-0.09223717695421878	0.36370858300168685	_137	3.665684264041551	1.0	2	0.7	7.0	2	False
	139	1.0	57.0	2	-0.09223717695421878	0.36370858300168685	_138	3.665684264041551	1.0	2	0.7	7.0	2	False
	140	1.0	77.0	7	-0.08666622733508848	0.20844208857375968	_139	3.498189546806346	1.0	2	0.7	7.0	5	False
	141	1.0	400.0	0		0.635774353720993	CTR_MGH.AGGGCTCGTATAGCTC	1.8196123308589285	1.0	0	0.7	7.0	1	True
	142	1.0	153.0	4	-0.08944313997316145	0.2373202740027116	_141	2.6534537188542227	1.0	2	0.7	7.0	3	False
	143	1.0	401.0	0		0.635774353720993	CTR_MGH.GCAGGCTGTCTGGTTA	1.8196123308589285	1.0	0	0.7	7.0	1	True
	144	1.0	154.0	4	-0.08944313997316145	0.2373202740027116	_143	2.6534537188542227	1.0	2	0.7	7.0	3	False
	145	1.0	371.0	0		0.6555490895397753	CTR_MGH.AAAGGTATCTACCAGA	2.0889526801507676	1.0	0	0.7	7.0	1	True
	146	1.0	122.0	3	-0.0909319828909716	0.3804714183343112	_145	3.0620601623718517	1.0	3	0.7	7.0	3	False
	147	1.0	230.0	0		0.5766802273119644	CTR_MGH.GTCGCGATCAAGTAAG	2.8266485561938697	1.0	0	0.7	7.0	1	True
	148	1.0	232.0	0		0.5766802273119644	CTR_MGH.GAGTTTGTCGTGGCGT	2.8266485561938697	1.0	0	0.7	7.0	1	True
	149	1.0	231.0	0		0.5766802273119644	CTR_MGH.CATGCGGGTGCAGTGA	2.8266485561938697	1.0	0	0.7	7.0	1	True
	150	1.0	102.0	2	-0.09223717695421878	0.3578435413470107	_149	3.2573881174345285	1.0	2	0.7	7.0	2	False
	151	1.0	100.0	2	-0.09223717695421878	0.3578435413470107	_150	3.2573881174345285	1.0	2	0.7	7.0	2	False
	152	1.0	101.0	2	-0.09223717695421878	0.3578435413470107	_151	3.2573881174345285	1.0	2	0.7	7.0	2	False
	153	1.0	34.0	17	-0.07606464171300424	0.1546953950851666	_152	4.050876523614072	1.0	6	0.7	7.0	14	False
	154	1.0	266.0	0		0.8171808554553754	CTR_MGH.CTAACTTAGCATACTC	2.5965442227937237	1.0	0	0.7	7.0	1	True
	155	1.0	265.0	0		0.8171808554553754	CTR_MGH.CGCAGGTCATCGCTCT	2.5965442227937237	1.0	0	0.7	7.0	1	True
	156	1.0	264.0	0		0.8171808554553754	CTR_MGH.AGCCACGCAAATGGTA	2.5965442227937237	1.0	0	0.7	7.0	1	True
	157	1.0	267.0	0		0.8171808554553754	CTR_MGH.TTGGTTTCAAGAATGT	2.5965442227937237	1.0	0	0.7	7.0	1	True
	158	1.0	80.0	0		0.6308808703229509	CTR_MGH.CCGAACGCATCGCTCT	3.677181914022828	1.0	0	0.7	7.0	1	True
	159	1.0	84.0	0		0.6308808703229509	CTR_MGH.GGAGAACTCTTGGCTC	3.677181914022828	1.0	0	0.7	7.0	1	True
	160	1.0	86.0	0		0.6308808703229509	CTR_MGH.ACCATTTTCCAAGAGG	3.677181914022828	1.0	0	0.7	7.0	1	True
	161	1.0	79.0	0		0.6308808703229509	CTR_MGH.AGGTGTTGTAGCACAG	3.677181914022828	1.0	0	0.7	7.0	1	True
	162	1.0	83.0	0		0.6308808703229509	CTR_MGH.GGTCTGGCAACAAAGT	3.677181914022828	1.0	0	0.7	7.0	1	True
	163	1.0	85.0	0		0.6308808703229509	CTR_MGH.CTTCCGAGTGCCCACA	3.677181914022828	1.0	0	0.7	7.0	1	True
	164	1.0	82.0	0		0.6308808703229509	CTR_MGH.GTCGTAACAGAGTCAG	3.677181914022828	1.0	0	0.7	7.0	1	True
	165	1.0	81.0	0		0.6308808703229509	CTR_MGH.TTCCGTGTCCGCCTAT	3.677181914022828	1.0	0	0.7	7.0	1	True
	166	1.0	131.0	2	-0.09223717695421878	0.4487856655460938	_165	2.9990876501280073	1.0	2	0.7	7.0	2	False
	167	1.0	66.0	11	-0.08058336398104186	0.2780457240858105	_166	3.5614760992524315	1.0	2	0.7	7.0	10	False
	168	1.0	40.0	0		0.5710034411460825	CTR_MGH.TAGGTTGAGAAGTATC	4.165744478182468	1.0	0	0.7	7.0	1	True
	169	1.0	41.0	0		0.5710034411460825	CTR_MGH.CTATAGGGTGGTCCCA	4.165744478182468	1.0	0	0.7	7.0	1	True
	170	1.0	42.0	0		0.5710034411460825	CTR_MGH.CATTCTAAGGCTAGCA	4.165744478182468	1.0	0	0.7	7.0	1	True
	171	1.0	44.0	0		0.5710034411460825	CTR_MGH.AACACACCAAATGGAT	4.165744478182468	1.0	0	0.7	7.0	1	True
	172	1.0	45.0	0		0.5710034411460825	CTR_MGH.ACTGCAACAAAGGCTG	4.165744478182468	1.0	0	0.7	7.0	1	True
	173	1.0	43.0	0		0.5710034411460825	CTR_MGH.TACACCCTCGACATAC	4.165744478182468	1.0	0	0.7	7.0	1	True
	174	1.0	18.0	3	-0.0909319828909716	0.3129889979464089	_173	4.384698844233347	1.0	3	0.7	7.0	3	False
	175	1.0	19.0	3	-0.0909319828909716	0.3129889979464089	_174	4.384698844233347	1.0	3	0.7	7.0	3	False
	176	1.0	10.0	9	-0.08207220689885197	0.2746308264417081	_175	4.639105692300546	1.0	4	0.7	7.0	8	False
	177	1.0	6.0	12	-0.07907662801280549	0.28067833697492617	_176	4.7875505040911355	1.0	3	0.7	7.0	11	False
	178	1.0	1.0	60	-0.0639204127035234	0.05376047870869627	_177	5.4835737908287525	1.0	33	0.7	7.0	52	False
	179	1.0	315.0	0		0.8742962251812338	CTR_MGH.GTCCCATTCAAGCCCG	2.3776152724674793	1.0	0	0.7	7.0	1	True
	180	1.0	314.0	0		0.8742962251812338	CTR_MGH.GCCAACGGTATGGAGC	2.3776152724674793	1.0	0	0.7	7.0	1	True
	181	1.0	78.0	0		0.5253534776008895	CTR_MGH.ATTTCACGTAAGTCAA	3.701724950865903	1.0	0	0.7	7.0	1	True
	182	1.0	77.0	0		0.5253534776008895	CTR_MGH.TGATCTTAGGCGACAT	3.701724950865903	1.0	0	0.7	7.0	1	True
	183	1.0	72.0	0		0.5253534776008895	CTR_MGH.TCACTCGAGGGCCAAT	3.701724950865903	1.0	0	0.7	7.0	1	True
	184	1.0	71.0	0		0.5253534776008895	CTR_MGH.AGTTAGCAGACCCTTA	3.701724950865903	1.0	0	0.7	7.0	1	True
	185	1.0	76.0	0		0.5253534776008895	CTR_MGH.CTGTGAAAGTACCATC	3.701724950865903	1.0	0	0.7	7.0	1	True
	186	1.0	74.0	0		0.5253534776008895	CTR_MGH.TTTAGTCCAATTGAGA	3.701724950865903	1.0	0	0.7	7.0	1	True
	187	1.0	73.0	0		0.5253534776008895	CTR_MGH.AGCCACGTCATTATCC	3.701724950865903	1.0	0	0.7	7.0	1	True
	188	1.0	70.0	0		0.5253534776008895	CTR_MGH.AGCCAGCCACTGCGAC	3.701724950865903	1.0	0	0.7	7.0	1	True
	189	1.0	75.0	0		0.5253534776008895	CTR_MGH.CCTGTTGCATATCGGT	3.701724950865903	1.0	0	0.7	7.0	1	True
	190	1.0	47.0	2	-0.09223717695421878	0.33468577057323223	_189	3.8392396062550067	1.0	2	0.7	7.0	2	False
	191	1.0	74.0	4	-0.08944313997316145	0.26844787499124045	_190	3.5456838390746377	1.0	2	0.7	7.0	3	False
	192	1.0	32.0	3	-0.0909319828909716	0.2901941852189651	_191	4.091182306173204	1.0	3	0.7	7.0	3	False
	193	1.0	79.0	7	-0.09141348700854746	0.30660728528212644	_192	3.4816813259674557	1.0	2	0.7	7.0	5	False
	194	1.0	69.0	9	-0.0877363477366074	0.20668959499065132	_193	3.551956373465837	1.0	3	0.7	7.0	6	False
	195	1.0	46.0	11	-0.08472411432013156	0.21187812056521693	_194	3.85091872874789	1.0	4	0.7	7.0	8	False
	196	1.0	27.0	10	-0.0854799471871418	0.2526314739046285	_195	4.174668251817146	1.0	5	0.7	7.0	8	False
	197	1.0	36.0	15	-0.0809209441443159	0.16332407881985134	_196	4.042089990151641	1.0	7	0.7	7.0	11	False
	198	1.0	12.0	14	-0.07774125083778846	0.1703128205935478	_197	4.571482285853395	1.0	8	0.7	7.0	12	False
	199	1.0	35.0	28	-0.08148359061490894	0.2327599157124034	_198	4.0431452898951665	1.0	2	0.7	7.0	21	False
	200	1.0	7.0	39	-0.06952187586973037	0.099655333940742	_199	4.75382048846666	1.0	18	0.7	7.0	31	False
	201	1.0	386.0	0		0.7932106932234175	CTR_MGH.TCGGGTGGTGGCGCTT	1.983912004072859	1.0	0	0.8	8.0	1	True
	202	1.0	382.0	0		0.7932106932234175	CTR_MGH.CAGTTAGGTGCTAGCC	1.983912004072859	1.0	0	0.8	8.0	1	True
	203	1.0	383.0	0		0.7932106932234175	CTR_MGH.CTACAGATCAACACCA	1.983912004072859	1.0	0	0.8	8.0	1	True
	204	1.0	384.0	0		0.7932106932234175	CTR_MGH.GTCTCACCATGACGTT	1.983912004072859	1.0	0	0.8	8.0	1	True
	205	1.0	381.0	0		0.7932106932234175	CTR_MGH.GGAGGTAAGGTCGTCC	1.983912004072859	1.0	0	0.8	8.0	1	True
	206	1.0	385.0	0		0.7932106932234175	CTR_MGH.TCCTTTCCACCAGCTG	1.983912004072859	1.0	0	0.8	8.0	1	True
	207	1.0	372.0	0		0.646666829346211	CTR_MGH.CTACATTCAGCTGTGC	2.074033887125914	1.0	0	0.8	8.0	1	True
	208	1.0	124.0	3	-0.08951843814136036	0.37719411688625826	_207	3.0522884668203627	1.0	3	0.8	8.0	3	False
	209	1.0	334.0	0		0.6453923141602615	CTR_MGH.GATTGGTCAGAGTCTT	2.1796133458833253	1.0	0	0.8	8.0	1	True
	210	1.0	335.0	0		0.6453923141602615	CTR_MGH.ACAGCCGGTGCGGTAA	2.1796133458833253	1.0	0	0.8	8.0	1	True
	211	1.0	143.0	2	-0.09122523037791438	0.41513001304648434	_210	2.8043414197864927	1.0	2	0.8	8.0	2	False
	212	1.0	257.0	0		0.7783143985343166	CTR_MGH.GTCACTCTCCCAGGCA	2.6359496062976016	1.0	0	0.8	8.0	1	True
	213	1.0	250.0	0		0.7783143985343166	CTR_MGH.AGGCCACGTTAGTCGT	2.6359496062976016	1.0	0	0.8	8.0	1	True
	214	1.0	252.0	0		0.7783143985343166	CTR_MGH.TCACGCTTCGTCCTTG	2.6359496062976016	1.0	0	0.8	8.0	1	True
	215	1.0	253.0	0		0.7783143985343166	CTR_MGH.AGGAATATCATACGAC	2.6359496062976016	1.0	0	0.8	8.0	1	True
	216	1.0	256.0	0		0.7783143985343166	CTR_MGH.TATCTTGCACCAATTG	2.6359496062976016	1.0	0	0.8	8.0	1	True
	217	1.0	254.0	0		0.7783143985343166	CTR_MGH.ACGATCAGTAGGCTCC	2.6359496062976016	1.0	0	0.8	8.0	1	True
	218	1.0	255.0	0		0.7783143985343166	CTR_MGH.CATCCACTCTCATTGT	2.6359496062976016	1.0	0	0.8	8.0	1	True
	219	1.0	251.0	0		0.7783143985343166	CTR_MGH.ATGCATGCATCAGCTA	2.6359496062976016	1.0	0	0.8	8.0	1	True
	220	1.0	283.0	0		0.6924733614533451	CTR_MGH.TACCTCGTCCGTTTCG	2.5425509869471146	1.0	0	0.8	8.0	1	True
	221	1.0	92.0	3	-0.08951843814136036	0.37392176300755864	_220	3.3612954006693756	1.0	3	0.8	8.0	3	False
	222	1.0	192.0	0		0.7014248543537711	CTR_MGH.GAATCGTGTCTTGTCC	3.1163615908646825	1.0	0	0.8	8.0	1	True
	223	1.0	193.0	0		0.7014248543537711	CTR_MGH.ACTTCGCTCCGTGTAA	3.1163615908646825	1.0	0	0.8	8.0	1	True
	224	1.0	191.0	0		0.7014248543537711	CTR_MGH.CTGAGGCCATCACGGC	3.1163615908646825	1.0	0	0.8	8.0	1	True
	225	1.0	190.0	0		0.7014248543537711	CTR_MGH.CGAGTGCAGTACAGCG	3.1163615908646825	1.0	0	0.8	8.0	1	True
	226	1.0	228.0	0		0.6628847967327829	CTR_MGH.CCTTCAGGTGAGCTCC	2.8352691337326763	1.0	0	0.8	8.0	1	True
	227	1.0	227.0	0		0.6628847967327829	CTR_MGH.AGTGATCTCAGTGCGC	2.8352691337326763	1.0	0	0.8	8.0	1	True
	228	1.0	229.0	0		0.6628847967327829	CTR_MGH.TCTGTCGCAGAACTTC	2.8352691337326763	1.0	0	0.8	8.0	1	True
	229	1.0	98.0	2	-0.09122523037791438	0.3990642460231406	_228	3.261291159439109	1.0	2	0.8	8.0	2	False
	230	1.0	107.0	0		0.6353737813756624	CTR_MGH.GCACGGTCACGACGTC	3.5553129989013046	1.0	0	0.8	8.0	1	True
	231	1.0	104.0	0		0.6353737813756624	CTR_MGH.CTCTCAGCAGACATCT	3.5553129989013046	1.0	0	0.8	8.0	1	True
	232	1.0	106.0	0		0.6353737813756624	CTR_MGH.CTCCATGGTACTCGCG	3.5553129989013046	1.0	0	0.8	8.0	1	True
	233	1.0	110.0	0		0.6353737813756624	CTR_MGH.TTGACCCAGGTTGGTG	3.5553129989013046	1.0	0	0.8	8.0	1	True
	234	1.0	105.0	0		0.6353737813756624	CTR_MGH.TTCATTGTCGTGCTCT	3.5553129989013046	1.0	0	0.8	8.0	1	True
	235	1.0	108.0	0		0.6353737813756624	CTR_MGH.GAAGCCCGTGTTGCCG	3.5553129989013046	1.0	0	0.8	8.0	1	True
	236	1.0	109.0	0		0.6353737813756624	CTR_MGH.TGGTGATAGCTCTATG	3.5553129989013046	1.0	0	0.8	8.0	1	True
	237	1.0	81.0	4	-0.09319557741330041	0.2919066143269795	_236	3.4724462442373185	1.0	2	0.8	8.0	3	False
	238	1.0	28.0	10	-0.09319557741330041	0.32602485782469515	_237	4.154355845467424	1.0	2	0.8	8.0	9	False
	239	1.0	398.0	0		0.8345716670652803	CTR_MGH.TCACTCGAGGCCTGCT	1.847971718859185	1.0	0	0.8	8.0	1	True
	240	1.0	399.0	0		0.8345716670652803	CTR_MGH.GTGTCCTGTTTGACAC	1.847971718859185	1.0	0	0.8	8.0	1	True
	241	1.0	391.0	0		0.670254091336342	CTR_MGH.CGTCAAAGTGCTATTG	1.8608959679916042	1.0	0	0.8	8.0	1	True
	242	1.0	157.0	2	-0.09122523037791438	0.44932126467741806	_241	2.56591252323473	1.0	2	0.8	8.0	2	False
	243	1.0	144.0	2	-0.09122523037791438	0.39378970925856915	_242	2.8004669314823305	1.0	2	0.8	8.0	2	False
	244	1.0	90.0	4	-0.08801294069312086	0.3180190719611531	_243	3.401525666399046	1.0	4	0.8	8.0	4	False
	245	1.0	219.0	0		0.6329951531263962	CTR_MGH.TCGAAGTTCGAAACAA	2.8914304605768715	1.0	0	0.8	8.0	1	True
	246	1.0	217.0	0		0.6329951531263962	CTR_MGH.CTCAGGGCAGCTCATA	2.8914304605768715	1.0	0	0.8	8.0	1	True
	247	1.0	215.0	0		0.6329951531263962	CTR_MGH.GGAATGGAGAAGTCCG	2.8914304605768715	1.0	0	0.8	8.0	1	True
	248	1.0	216.0	0		0.6329951531263962	CTR_MGH.GAGTGAGCAGTAGTTC	2.8914304605768715	1.0	0	0.8	8.0	1	True
	249	1.0	218.0	0		0.6329951531263962	CTR_MGH.GCTGAATCAGAACATA	2.8914304605768715	1.0	0	0.8	8.0	1	True
	250	1.0	214.0	0		0.6329951531263962	CTR_MGH.TCAGGTAGTTACCTTT	2.8914304605768715	1.0	0	0.8	8.0	1	True
	251	1.0	97.0	2	-0.09122523037791438	0.3837438388748815	_250	3.2997309931452197	1.0	2	0.8	8.0	2	False
	252	1.0	331.0	0		0.8082120417177423	CTR_MGH.CGTAATGAGGTTCAGG	2.25532235435511	1.0	0	0.8	8.0	1	True
	253	1.0	332.0	0		0.8082120417177423	CTR_MGH.AGGGTGAAGTCGAATA	2.25532235435511	1.0	0	0.8	8.0	1	True
	254	1.0	330.0	0		0.8082120417177423	CTR_MGH.CTTTCGGAGCTGAGTG	2.25532235435511	1.0	0	0.8	8.0	1	True
	255	1.0	365.0	0		0.8082039440044966	CTR_MGH.CCCTCAAAGCCTGAGA	2.098220606067041	1.0	0	0.8	8.0	1	True
	256	1.0	368.0	0		0.8082039440044966	CTR_MGH.ATTTCTGGTTCCGCGA	2.098220606067041	1.0	0	0.8	8.0	1	True
	257	1.0	366.0	0		0.8082039440044966	CTR_MGH.AAAGTGAAGCACTCGC	2.098220606067041	1.0	0	0.8	8.0	1	True
	258	1.0	367.0	0		0.8082039440044966	CTR_MGH.TGAATCGGTCGAACGA	2.098220606067041	1.0	0	0.8	8.0	1	True
	259	1.0	350.0	0		0.660277251676936	CTR_MGH.GTTCATTAGGGCCAAT	2.1492407680425716	1.0	0	0.8	8.0	1	True
	260	1.0	117.0	3	-0.08951843814136036	0.3790682851237559	_259	3.1027329434541393	1.0	3	0.8	8.0	3	False
	261	1.0	244.0	0		0.8023471661280883	CTR_MGH.AGGTGTTAGGCGTTGA	2.707620774150451	1.0	0	0.8	8.0	1	True
	262	1.0	246.0	0		0.8023471661280883	CTR_MGH.GTGTTCCTCCATCGTC	2.707620774150451	1.0	0	0.8	8.0	1	True
	263	1.0	243.0	0		0.8023471661280883	CTR_MGH.GTCGTAACAAGTGGTG	2.707620774150451	1.0	0	0.8	8.0	1	True
	264	1.0	245.0	0		0.8023471661280883	CTR_MGH.CTCACTGCAGCAGATG	2.707620774150451	1.0	0	0.8	8.0	1	True
	265	1.0	123.0	2	-0.09122523037791438	0.4013839279118123	_264	3.061805073572301	1.0	2	0.8	8.0	2	False
	266	1.0	91.0	3	-0.08951843814136036	0.35580104576986926	_265	3.3628195371685843	1.0	3	0.8	8.0	3	False
	267	1.0	407.0	0		0.6828825419109106	CTR_MGH.GACCTTCAGGAGGGTG	1.7059092978064347	1.0	0	0.8	8.0	1	True
	268	1.0	161.0	2	-0.09122523037791438	0.46877670362284807	_267	2.445443037824152	1.0	2	0.8	8.0	2	False
	269	1.0	408.0	0		0.6828825419109106	CTR_MGH.TCTCCGATCATCTATC	1.7059092978064347	1.0	0	0.8	8.0	1	True
	270	1.0	162.0	2	-0.09122523037791438	0.46877670362284807	_269	2.445443037824152	1.0	2	0.8	8.0	2	False
	271	1.0	359.0	0		0.822309130445614	CTR_MGH.CATACAGGTACCAGAG	2.1109276052880435	1.0	0	0.8	8.0	1	True
	272	1.0	357.0	0		0.822309130445614	CTR_MGH.CCAATGATCTGGTTGA	2.1109276052880435	1.0	0	0.8	8.0	1	True
	273	1.0	358.0	0		0.822309130445614	CTR_MGH.AACCATGTCAAGTGTC	2.1109276052880435	1.0	0	0.8	8.0	1	True
	274	1.0	326.0	0		0.7991210432124207	CTR_MGH.CTTGATTGTGTTATCG	2.304403165445744	1.0	0	0.8	8.0	1	True
	275	1.0	322.0	0		0.7991210432124207	CTR_MGH.GTCATCCTCTCCTACG	2.304403165445744	1.0	0	0.8	8.0	1	True
	276	1.0	325.0	0		0.7991210432124207	CTR_MGH.CCTCACACAGTAACGG	2.304403165445744	1.0	0	0.8	8.0	1	True
	277	1.0	323.0	0		0.7991210432124207	CTR_MGH.GTTCCGTGTTGTCCCT	2.304403165445744	1.0	0	0.8	8.0	1	True
	278	1.0	327.0	0		0.7991210432124207	CTR_MGH.CTGAGCGAGCTAAGTA	2.304403165445744	1.0	0	0.8	8.0	1	True
	279	1.0	324.0	0		0.7991210432124207	CTR_MGH.TGCTCCAAGGGAGTGG	2.304403165445744	1.0	0	0.8	8.0	1	True
	280	1.0	194.0	0		0.5978589921445483	CTR_MGH.TATTGCTTCCCGTTGT	3.0877601592484987	1.0	0	0.8	8.0	1	True
	281	1.0	195.0	0		0.5978589921445483	CTR_MGH.CCTCTAGAGAGGCCAT	3.0877601592484987	1.0	0	0.8	8.0	1	True
	282	1.0	196.0	0		0.5978589921445483	CTR_MGH.CCACTTGGTCAAGCCC	3.0877601592484987	1.0	0	0.8	8.0	1	True
	283	1.0	83.0	2	-0.09122523037791438	0.36489880336968916	_282	3.4317227659502496	1.0	2	0.8	8.0	2	False
	284	1.0	39.0	4	-0.08801294069312086	0.28482595814142186	_283	3.9404811986110437	1.0	4	0.8	8.0	4	False
	285	1.0	30.0	5	-0.08666622733508848	0.2550829884614103	_284	4.137933969052371	1.0	5	0.8	8.0	5	False
	286	1.0	374.0	0		0.8895158532508205	CTR_MGH.CACACAACATATGGCT	2.04828381364666	1.0	0	0.8	8.0	1	True
	287	1.0	375.0	0		0.8895158532508205	CTR_MGH.CCCAACTGTTTGTTCT	2.04828381364666	1.0	0	0.8	8.0	1	True
	288	1.0	263.0	0		0.7190197573392894	CTR_MGH.TTCGGTCTCTTACCAT	2.605182836079236	1.0	0	0.8	8.0	1	True
	289	1.0	14.0	9	-0.0823654543857948	0.19500531944600397	_288	4.528471608127207	1.0	9	0.8	8.0	9	False
	290	1.0	143.0	0		0.748111034184161	CTR_MGH.TGGTAGTCAATACCTG	3.413734706067811	1.0	0	0.8	8.0	1	True
	291	1.0	139.0	0		0.748111034184161	CTR_MGH.AAAGTGACACAAGTGG	3.413734706067811	1.0	0	0.8	8.0	1	True
	292	1.0	141.0	0		0.748111034184161	CTR_MGH.TCGCTCACATAGTCGT	3.413734706067811	1.0	0	0.8	8.0	1	True
	293	1.0	138.0	0		0.748111034184161	CTR_MGH.TAAGTCGAGCACTGGA	3.413734706067811	1.0	0	0.8	8.0	1	True
	294	1.0	142.0	0		0.748111034184161	CTR_MGH.GTCCTCAAGAACTTCC	3.413734706067811	1.0	0	0.8	8.0	1	True
	295	1.0	140.0	0		0.748111034184161	CTR_MGH.TTCCTCTGTGTGGTCC	3.413734706067811	1.0	0	0.8	8.0	1	True
	296	1.0	89.0	0		0.7095134853729483	CTR_MGH.CATGCTCTCGCTTGCT	3.6621122729246105	1.0	0	0.8	8.0	1	True
	297	1.0	88.0	0		0.7095134853729483	CTR_MGH.TTCTTGAAGTCCCGGT	3.6621122729246105	1.0	0	0.8	8.0	1	True
	298	1.0	87.0	0		0.7095134853729483	CTR_MGH.TCATGAGGTCAGTCCG	3.6621122729246105	1.0	0	0.8	8.0	1	True
	299	1.0	15.0	5	-0.08666622733508848	0.28210882708054186	_298	4.445192863463459	1.0	5	0.8	8.0	5	False
	300	1.0	56.0	0		0.7141702506699374	CTR_MGH.CTGTCGTTCGGCGATC	3.8063746469304376	1.0	0	0.8	8.0	1	True
	301	1.0	57.0	0		0.7141702506699374	CTR_MGH.TCACATTCAGCAGAAC	3.8063746469304376	1.0	0	0.8	8.0	1	True
	302	1.0	4.0	9	-0.0823654543857948	0.18373642398699275	_301	4.962652418331806	1.0	9	0.8	8.0	9	False
	303	1.0	8.0	0		0.4997990187064154	CTR_MGH.AACTTCTAGAGCATTA	4.480141403705615	1.0	0	0.8	8.0	1	True
	304	1.0	11.0	0		0.4997990187064154	CTR_MGH.GACAGCCGTTGGGTTT	4.480141403705615	1.0	0	0.8	8.0	1	True
	305	1.0	5.0	0		0.4997990187064154	CTR_MGH.AGGATAAAGCTCGACC	4.480141403705615	1.0	0	0.8	8.0	1	True
	306	1.0	21.0	0		0.4997990187064154	CTR_MGH.TAGGAGGTCTGCTCTG	4.480141403705615	1.0	0	0.8	8.0	1	True
	307	1.0	28.0	0		0.4997990187064154	CTR_MGH.TTTAGTCAGTTGAAGT	4.480141403705615	1.0	0	0.8	8.0	1	True
	308	1.0	22.0	0		0.4997990187064154	CTR_MGH.GGGATCCTCTAATTCC	4.480141403705615	1.0	0	0.8	8.0	1	True
	309	1.0	4.0	0		0.4997990187064154	CTR_MGH.AACGTCAAGTGTGTTC	4.480141403705615	1.0	0	0.8	8.0	1	True
	310	1.0	7.0	0		0.4997990187064154	CTR_MGH.CTCATTAAGAATCCCT	4.480141403705615	1.0	0	0.8	8.0	1	True
	311	1.0	15.0	0		0.4997990187064154	CTR_MGH.ATCGTCCCACGCAGTC	4.480141403705615	1.0	0	0.8	8.0	1	True
	312	1.0	13.0	0		0.4997990187064154	CTR_MGH.GACTGATGTTGGGACA	4.480141403705615	1.0	0	0.8	8.0	1	True
	313	1.0	27.0	0		0.4997990187064154	CTR_MGH.TCCATCGTCACTCGAA	4.480141403705615	1.0	0	0.8	8.0	1	True
	314	1.0	26.0	0		0.4997990187064154	CTR_MGH.TTGTTCACATTCACCC	4.480141403705615	1.0	0	0.8	8.0	1	True
	315	1.0	9.0	0		0.4997990187064154	CTR_MGH.GTGAGGAGTTCAGCGC	4.480141403705615	1.0	0	0.8	8.0	1	True
	316	1.0	19.0	0		0.4997990187064154	CTR_MGH.AATGGAAGTTCGGACC	4.480141403705615	1.0	0	0.8	8.0	1	True
	317	1.0	20.0	0		0.4997990187064154	CTR_MGH.TCACACCTCCTGATAG	4.480141403705615	1.0	0	0.8	8.0	1	True
	318	1.0	12.0	0		0.4997990187064154	CTR_MGH.CAACCTCTCGCCTTTG	4.480141403705615	1.0	0	0.8	8.0	1	True
	319	1.0	17.0	0		0.4997990187064154	CTR_MGH.GTGAGGAGTACCGTCG	4.480141403705615	1.0	0	0.8	8.0	1	True
	320	1.0	24.0	0		0.4997990187064154	CTR_MGH.GCAACCGGTGTTACTG	4.480141403705615	1.0	0	0.8	8.0	1	True
	321	1.0	23.0	0		0.4997990187064154	CTR_MGH.TTTCCTCGTCTGCAAT	4.480141403705615	1.0	0	0.8	8.0	1	True
	322	1.0	6.0	0		0.4997990187064154	CTR_MGH.GTGCTTCCATACAGGG	4.480141403705615	1.0	0	0.8	8.0	1	True
	323	1.0	1.0	0		0.4997990187064154	CTR_MGH.TTTACGTTCCAAGGGA	4.480141403705615	1.0	0	0.8	8.0	1	True
	324	1.0	14.0	0		0.4997990187064154	CTR_MGH.TCACGCTGTTGCTCAA	4.480141403705615	1.0	0	0.8	8.0	1	True
	325	1.0	25.0	0		0.4997990187064154	CTR_MGH.CCACGAGCATAAGCGG	4.480141403705615	1.0	0	0.8	8.0	1	True
	326	1.0	10.0	0		0.4997990187064154	CTR_MGH.TGCGGGTGTCACCCTT	4.480141403705615	1.0	0	0.8	8.0	1	True
	327	1.0	16.0	0		0.4997990187064154	CTR_MGH.ACTATCTTCCGCGGAT	4.480141403705615	1.0	0	0.8	8.0	1	True
	328	1.0	18.0	0		0.4997990187064154	CTR_MGH.CCGAACGTCCACACAA	4.480141403705615	1.0	0	0.8	8.0	1	True
	329	1.0	2.0	0		0.4997990187064154	CTR_MGH.AGATGCTAGGCACAAC	4.480141403705615	1.0	0	0.8	8.0	1	True
	330	1.0	3.0	0		0.4997990187064154	CTR_MGH.TCCATCGTCTACGGGC	4.480141403705615	1.0	0	0.8	8.0	1	True
	331	1.0	20.0	2	-0.09122523037791438	0.3380195739851217	_330	4.369395424739668	1.0	2	0.8	8.0	2	False
	332	1.0	21.0	2	-0.09122523037791438	0.3380195739851217	_331	4.369395424739668	1.0	2	0.8	8.0	2	False
	333	1.0	37.0	4	-0.09319557741330041	0.33157660652199894	_332	4.0225070457414125	1.0	2	0.8	8.0	3	False
	334	1.0	16.0	6	-0.08951843814136036	0.2666108828638869	_333	4.438231410511729	1.0	4	0.8	8.0	5	False
	335	1.0	5.0	13	-0.09319557741330041	0.2711903680979759	_334	4.957772060719591	1.0	2	0.8	8.0	12	False
	336	1.0	223.0	0		0.7730762887180926	CTR_MGH.CGGGCATTCCATACAG	2.8787009724840793	1.0	0	0.8	8.0	1	True
	337	1.0	222.0	0		0.7730762887180926	CTR_MGH.AGGGCCTGTGTTTCTT	2.8787009724840793	1.0	0	0.8	8.0	1	True
	338	1.0	277.0	0		0.7101113535538657	CTR_MGH.ACTCTCGTCGGAAACG	2.589674103667201	1.0	0	0.8	8.0	1	True
	339	1.0	120.0	2	-0.09122523037791438	0.4294714156467787	_338	3.09201401417862	1.0	2	0.8	8.0	2	False
	340	1.0	189.0	0		0.7284227021233693	CTR_MGH.GTACAACCAGCGCGTT	3.1265040309457133	1.0	0	0.8	8.0	1	True
	341	1.0	188.0	0		0.7284227021233693	CTR_MGH.GTAACACAGTGAGTTA	3.1265040309457133	1.0	0	0.8	8.0	1	True
	342	1.0	187.0	0		0.7284227021233693	CTR_MGH.CAGTTAGAGACTAGAT	3.1265040309457133	1.0	0	0.8	8.0	1	True
	343	1.0	284.0	0		0.7474043507658381	CTR_MGH.AGGTCTACATTCACAG	2.526283126559048	1.0	0	0.8	8.0	1	True
	344	1.0	115.0	5	-0.09319557741330041	0.25755502695404786	_343	3.109735106307571	1.0	2	0.8	8.0	4	False
	345	1.0	268.0	0		0.6499542901557263	CTR_MGH.TGTGCGGAGCATGAAT	2.5961534901444634	1.0	0	0.8	8.0	1	True
	346	1.0	119.0	2	-0.09122523037791438	0.3986005504237493	_345	3.0985778009210714	1.0	2	0.8	8.0	2	False
	347	1.0	130.0	4	-0.09319557741330041	0.24109797350092244	_346	3.0023054265335625	1.0	2	0.8	8.0	3	False
	348	1.0	221.0	0		0.6538145261329991	CTR_MGH.CAGAGCCAGCATATGA	2.8908371223085823	1.0	0	0.8	8.0	1	True
	349	1.0	220.0	0		0.6538145261329991	CTR_MGH.CTGTGGGCAACGTATC	2.8908371223085823	1.0	0	0.8	8.0	1	True
	350	1.0	108.0	4	-0.09319557741330041	0.25290679137640737	_349	3.138654557834716	1.0	2	0.8	8.0	3	False
	351	1.0	65.0	3	-0.08951843814136036	0.3466338224907748	_350	3.584321586435262	1.0	3	0.8	8.0	3	False
	352	1.0	179.0	0		0.6915589581702708	CTR_MGH.TTCCACGGTAGACAGC	3.20858939291696	1.0	0	0.8	8.0	1	True
	353	1.0	177.0	0		0.6915589581702708	CTR_MGH.GCCGTGACAGATAAAC	3.20858939291696	1.0	0	0.8	8.0	1	True
	354	1.0	178.0	0		0.6915589581702708	CTR_MGH.GATCATGAGAGATCGC	3.20858939291696	1.0	0	0.8	8.0	1	True
	355	1.0	176.0	0		0.6915589581702708	CTR_MGH.CCACCATGTACCGGCT	3.20858939291696	1.0	0	0.8	8.0	1	True
	356	1.0	75.0	5	-0.09122523037791438	0.26702319982782896	_355	3.531494366257047	1.0	3	0.8	8.0	4	False
	357	1.0	200.0	0		0.6062452602626749	CTR_MGH.CATTCATTCCTCAGAA	3.0790811103470164	1.0	0	0.8	8.0	1	True
	358	1.0	198.0	0		0.6062452602626749	CTR_MGH.CGGGTGTTCGTTCTAT	3.0790811103470164	1.0	0	0.8	8.0	1	True
	359	1.0	197.0	0		0.6062452602626749	CTR_MGH.ATTCAGGGTACGTACT	3.0790811103470164	1.0	0	0.8	8.0	1	True
	360	1.0	199.0	0		0.6062452602626749	CTR_MGH.AAAGTGAAGAGGGTAA	3.0790811103470164	1.0	0	0.8	8.0	1	True
	361	1.0	85.0	2	-0.09122523037791438	0.3688620281331456	_360	3.4258216163857087	1.0	2	0.8	8.0	2	False
	362	1.0	84.0	2	-0.09122523037791438	0.3688620281331456	_361	3.4258216163857087	1.0	2	0.8	8.0	2	False
	363	1.0	104.0	4	-0.09319557741330041	0.24987087172861244	_362	3.226656385497397	1.0	2	0.8	8.0	3	False
	364	1.0	100.0	0		0.6109510804587277	CTR_MGH.CCGTTCACACCAGCCA	3.5970602140037418	1.0	0	0.8	8.0	1	True
	365	1.0	98.0	0		0.6109510804587277	CTR_MGH.CTTCAATCACTGTGTA	3.5970602140037418	1.0	0	0.8	8.0	1	True
	366	1.0	101.0	0		0.6109510804587277	CTR_MGH.TACGTCCAGTCGTCTA	3.5970602140037418	1.0	0	0.8	8.0	1	True
	367	1.0	99.0	0		0.6109510804587277	CTR_MGH.CTGAATGTCTGAGGCC	3.5970602140037418	1.0	0	0.8	8.0	1	True
	368	1.0	103.0	0		0.6109510804587277	CTR_MGH.GGGACAATCGTGGGAA	3.5970602140037418	1.0	0	0.8	8.0	1	True
	369	1.0	102.0	0		0.6109510804587277	CTR_MGH.TTTAGTCCAATCGTCA	3.5970602140037418	1.0	0	0.8	8.0	1	True
	370	1.0	52.0	2	-0.09122523037791438	0.37268688792237903	_369	3.7703869353830726	1.0	2	0.8	8.0	2	False
	371	1.0	25.0	4	-0.08801294069312086	0.285224573062834	_370	4.235650743793672	1.0	4	0.8	8.0	4	False
	372	1.0	54.0	3	-0.08951843814136036	0.35153239519511637	_371	3.702776080076206	1.0	3	0.8	8.0	3	False
	373	1.0	26.0	23	-0.0843358014211808	0.11858569456147094	_372	4.228626281510315	1.0	12	0.8	8.0	18	False
	374	1.0	64.0	0		0.5434768670826635	CTR_MGH.CCTCTCCCACATGAAA	3.775102091180466	1.0	0	0.8	8.0	1	True
	375	1.0	66.0	0		0.5434768670826635	CTR_MGH.TAGCACATCACCTGTC	3.775102091180466	1.0	0	0.8	8.0	1	True
	376	1.0	63.0	0		0.5434768670826635	CTR_MGH.TACTTACAGACTCCGC	3.775102091180466	1.0	0	0.8	8.0	1	True
	377	1.0	59.0	0		0.5434768670826635	CTR_MGH.CGTTAGACAGGACATG	3.775102091180466	1.0	0	0.8	8.0	1	True
	378	1.0	65.0	0		0.5434768670826635	CTR_MGH.GAGTGTTTCGCTTAAG	3.775102091180466	1.0	0	0.8	8.0	1	True
	379	1.0	61.0	0		0.5434768670826635	CTR_MGH.GCTACCTCAATCTCGA	3.775102091180466	1.0	0	0.8	8.0	1	True
	380	1.0	62.0	0		0.5434768670826635	CTR_MGH.TCTTTGATCCGCAAAT	3.775102091180466	1.0	0	0.8	8.0	1	True
	381	1.0	58.0	0		0.5434768670826635	CTR_MGH.TAACGACTCGCTTGAA	3.775102091180466	1.0	0	0.8	8.0	1	True
	382	1.0	69.0	0		0.5434768670826635	CTR_MGH.GCTCAAATCGCGCCAA	3.775102091180466	1.0	0	0.8	8.0	1	True
	383	1.0	67.0	0		0.5434768670826635	CTR_MGH.GATGCTACATCCCGTT	3.775102091180466	1.0	0	0.8	8.0	1	True
	384	1.0	60.0	0		0.5434768670826635	CTR_MGH.TGGGAAGCAGAGACTG	3.775102091180466	1.0	0	0.8	8.0	1	True
	385	1.0	68.0	0		0.5434768670826635	CTR_MGH.GATTCGAAGAAGTCTA	3.775102091180466	1.0	0	0.8	8.0	1	True
	386	1.0	44.0	2	-0.09122523037791438	0.34404594655662635	_385	3.8886171295600604	1.0	2	0.8	8.0	2	False
	387	1.0	41.0	2	-0.09122523037791438	0.34404594655662635	_386	3.8886171295600604	1.0	2	0.8	8.0	2	False
	388	1.0	42.0	2	-0.09122523037791438	0.34404594655662635	_387	3.8886171295600604	1.0	2	0.8	8.0	2	False
	389	1.0	43.0	2	-0.09122523037791438	0.34404594655662635	_388	3.8886171295600604	1.0	2	0.8	8.0	2	False
	390	1.0	53.0	5	-0.09319557741330041	0.2896215166949361	_389	3.757646796897392	1.0	2	0.8	8.0	4	False
	391	1.0	29.0	8	-0.09319557741330041	0.29888646229937876	_390	4.139643091815163	1.0	2	0.8	8.0	7	False
	392	1.0	364.0	0		0.8191458894234742	CTR_MGH.CACTAAGCATGAAAGT	2.101256915369157	1.0	0	0.9	9.0	1	True
	393	1.0	363.0	0		0.8191458894234742	CTR_MGH.GGACGTCTCAATCCGA	2.101256915369157	1.0	0	0.9	9.0	1	True
	394	1.0	362.0	0		0.8191458894234742	CTR_MGH.TGCAGGCAGCACCAGA	2.101256915369157	1.0	0	0.9	9.0	1	True
	395	1.0	394.0	0		0.8576066486742935	CTR_MGH.ACCTGAACAAGGCGTA	1.8552705365232072	1.0	0	0.9	9.0	1	True
	396	1.0	395.0	0		0.8576066486742935	CTR_MGH.TACTTACCACTTCAGA	1.8552705365232072	1.0	0	0.9	9.0	1	True
	397	1.0	310.0	0		0.8142287448855425	CTR_MGH.ACTGTCCCAAGGCAAC	2.407096500174403	1.0	0	0.9	9.0	1	True
	398	1.0	311.0	0		0.8142287448855425	CTR_MGH.TGGTTAGCAGGGATAC	2.407096500174403	1.0	0	0.9	9.0	1	True
	399	1.0	312.0	0		0.8142287448855425	CTR_MGH.TCCCAGTGTAGACAAT	2.407096500174403	1.0	0	0.9	9.0	1	True
	400	1.0	319.0	0		0.8393973541076738	CTR_MGH.CTCAGGGGTCTGCATA	2.308104229911687	1.0	0	0.9	9.0	1	True
	401	1.0	318.0	0		0.8393973541076738	CTR_MGH.CTCAGAAAGATCGACG	2.308104229911687	1.0	0	0.9	9.0	1	True
	402	1.0	288.0	0		0.7332113961801365	CTR_MGH.GACTCTCGTTATTCCT	2.5172381227563028	1.0	0	0.9	9.0	1	True
	403	1.0	127.0	2	-0.0955260033272081	0.4439554043363856	_402	3.040938316492833	1.0	2	0.9	9.0	2	False
	404	1.0	180.0	0		0.7618936503728246	CTR_MGH.TAGCACATCAGCAGAG	3.1881825315318864	1.0	0	0.9	9.0	1	True
	405	1.0	11.0	8	-0.0955260033272081	0.21485962811886594	_404	4.623940671673855	1.0	8	0.9	9.0	8	False
	406	1.0	411.0	0		0.8923235190888015	CTR_MGH.AGTCACAAGCTGGCCT	1.6184319733684256	1.0	0	0.9	9.0	1	True
	407	1.0	410.0	0		0.8923235190888015	CTR_MGH.GTCTACCGTTCAGCTA	1.6184319733684256	1.0	0	0.9	9.0	1	True
	408	1.0	397.0	0		0.8366004872813182	CTR_MGH.TCCACCAGTGTAAACA	1.851482001938344	1.0	0	0.9	9.0	1	True
	409	1.0	396.0	0		0.8366004872813182	CTR_MGH.GTGAGCCTCGATTGGT	1.851482001938344	1.0	0	0.9	9.0	1	True
	410	1.0	304.0	0		0.7594427679701061	CTR_MGH.GTGACGCAGGGCGAAG	2.4470941484125253	1.0	0	0.9	9.0	1	True
	411	1.0	306.0	0		0.7594427679701061	CTR_MGH.TGTTCTAAGTTCCGTA	2.4470941484125253	1.0	0	0.9	9.0	1	True
	412	1.0	305.0	0		0.7594427679701061	CTR_MGH.CTGCCATCAACCACAT	2.4470941484125253	1.0	0	0.9	9.0	1	True
	413	1.0	303.0	0		0.7594427679701061	CTR_MGH.GGAATCTCATCACAGT	2.4470941484125253	1.0	0	0.9	9.0	1	True
	414	1.0	316.0	0		0.8242090444825321	CTR_MGH.CATCCACGTTTGGGTT	2.3461876001088204	1.0	0	0.9	9.0	1	True
	415	1.0	317.0	0		0.8242090444825321	CTR_MGH.AAAGTGAGTCGAATTC	2.3461876001088204	1.0	0	0.9	9.0	1	True
	416	1.0	348.0	0		0.8207245450515721	CTR_MGH.TGGGCTGCACACAGCC	2.1512244375209755	1.0	0	0.9	9.0	1	True
	417	1.0	347.0	0		0.8207245450515721	CTR_MGH.TACCTCGCATTAGGAA	2.1512244375209755	1.0	0	0.9	9.0	1	True
	418	1.0	349.0	0		0.8207245450515721	CTR_MGH.CATAAGCCAGTAGTTC	2.1512244375209755	1.0	0	0.9	9.0	1	True
	419	1.0	360.0	0		0.8427824270478919	CTR_MGH.GTGACGCAGCTTCGTA	2.1106001214962795	1.0	0	0.9	9.0	1	True
	420	1.0	361.0	0		0.8427824270478919	CTR_MGH.ACACCAAAGGGAGATA	2.1106001214962795	1.0	0	0.9	9.0	1	True
	421	1.0	309.0	0		0.7965159281778593	CTR_MGH.GACACGCAGATCACTC	2.4086765497661013	1.0	0	0.9	9.0	1	True
	422	1.0	307.0	0		0.7965159281778593	CTR_MGH.ACTTCCGTCTATCGTT	2.4086765497661013	1.0	0	0.9	9.0	1	True
	423	1.0	308.0	0		0.7965159281778593	CTR_MGH.GTCTTTATCCTGCTAC	2.4086765497661013	1.0	0	0.9	9.0	1	True
	424	1.0	417.0	0		0.9119894293754243	CTR_MGH.TTGTGTTCATTCGGGC	1.4986670037377343	1.0	0	0.9	9.0	1	True
	425	1.0	419.0	0		0.9119894293754243	CTR_MGH.TGCAGGCAGGACTATA	1.4986670037377343	1.0	0	0.9	9.0	1	True
	426	1.0	418.0	0		0.9119894293754243	CTR_MGH.AGGCCACAGATGAACT	1.4986670037377343	1.0	0	0.9	9.0	1	True
	427	1.0	420.0	0		0.9119894293754243	CTR_MGH.TATCCTATCCATCACC	1.4986670037377343	1.0	0	0.9	9.0	1	True
	428	1.0	290.0	0		0.8050024530302355	CTR_MGH.TGAGGAGGTGACGCCT	2.4767320004439775	1.0	0	0.9	9.0	1	True
	429	1.0	289.0	0		0.8050024530302355	CTR_MGH.GGGAGTAAGCGTATAA	2.4767320004439775	1.0	0	0.9	9.0	1	True
	430	1.0	204.0	0		0.724145209954381	CTR_MGH.AAAGGATTCACGATCA	2.9785394855710656	1.0	0	0.9	9.0	1	True
	431	1.0	205.0	0		0.724145209954381	CTR_MGH.TCCGAAAAGTAAGAGG	2.9785394855710656	1.0	0	0.9	9.0	1	True
	432	1.0	203.0	0		0.724145209954381	CTR_MGH.AATGACCGTCCCACGA	2.9785394855710656	1.0	0	0.9	9.0	1	True
	433	1.0	202.0	0		0.724145209954381	CTR_MGH.GACTCTCCACACCGAC	2.9785394855710656	1.0	0	0.9	9.0	1	True
	434	1.0	182.0	0		0.694308441559242	CTR_MGH.CTCGAGGTCGCTGCGA	3.1725766719276587	1.0	0	0.9	9.0	1	True
	435	1.0	186.0	0		0.694308441559242	CTR_MGH.CGGGTGTAGTGGGAAA	3.1725766719276587	1.0	0	0.9	9.0	1	True
	436	1.0	184.0	0		0.694308441559242	CTR_MGH.ATGGGAGCACTGTGAT	3.1725766719276587	1.0	0	0.9	9.0	1	True
	437	1.0	183.0	0		0.694308441559242	CTR_MGH.TATCAGGCACCGCTAG	3.1725766719276587	1.0	0	0.9	9.0	1	True
	438	1.0	185.0	0		0.694308441559242	CTR_MGH.CATCGCTGTGAGAACC	3.1725766719276587	1.0	0	0.9	9.0	1	True
	439	1.0	113.0	0		0.6347470571906726	CTR_MGH.TACCCACAGCATTGTC	3.5549456245210185	1.0	0	0.9	9.0	1	True
	440	1.0	118.0	0		0.6347470571906726	CTR_MGH.ACGTTCCAGCGGGTTA	3.5549456245210185	1.0	0	0.9	9.0	1	True
	441	1.0	112.0	0		0.6347470571906726	CTR_MGH.ATCCACCAGGCCACTC	3.5549456245210185	1.0	0	0.9	9.0	1	True
	442	1.0	116.0	0		0.6347470571906726	CTR_MGH.GCGATCGCAGCAAGAC	3.5549456245210185	1.0	0	0.9	9.0	1	True
	443	1.0	111.0	0		0.6347470571906726	CTR_MGH.GCATTAGTCTTGTGCC	3.5549456245210185	1.0	0	0.9	9.0	1	True
	444	1.0	117.0	0		0.6347470571906726	CTR_MGH.TGCCGAGTCCACTGGG	3.5549456245210185	1.0	0	0.9	9.0	1	True
	445	1.0	114.0	0		0.6347470571906726	CTR_MGH.GTGTAACCATGGCCAC	3.5549456245210185	1.0	0	0.9	9.0	1	True
	446	1.0	115.0	0		0.6347470571906726	CTR_MGH.CAGTTCCGTAGGGAGG	3.5549456245210185	1.0	0	0.9	9.0	1	True
	447	1.0	119.0	0		0.6347470571906726	CTR_MGH.GAGATGGAGGAGCAAA	3.5549456245210185	1.0	0	0.9	9.0	1	True
	448	1.0	123.0	0		0.7181709572956656	CTR_MGH.TGTTCTACACTACACA	3.4730366253679286	1.0	0	0.9	9.0	1	True
	449	1.0	121.0	0		0.7181709572956656	CTR_MGH.AAAGAACTCCATCGTC	3.4730366253679286	1.0	0	0.9	9.0	1	True
	450	1.0	122.0	0		0.7181709572956656	CTR_MGH.ATTCAGGGTGATACCT	3.4730366253679286	1.0	0	0.9	9.0	1	True
	451	1.0	120.0	0		0.7181709572956656	CTR_MGH.GGAGATGGTTGGATCT	3.4730366253679286	1.0	0	0.9	9.0	1	True
	452	1.0	124.0	0		0.7181709572956656	CTR_MGH.GCGGATCTCCGTGACG	3.4730366253679286	1.0	0	0.9	9.0	1	True
	453	1.0	54.0	0		0.6219356207922324	CTR_MGH.AGCGTCGCACGGCACT	3.9769734587708223	1.0	0	0.9	9.0	1	True
	454	1.0	50.0	0		0.6219356207922324	CTR_MGH.TGGAACTAGCGACAGT	3.9769734587708223	1.0	0	0.9	9.0	1	True
	455	1.0	53.0	0		0.6219356207922324	CTR_MGH.GTGAGTTCACCTTCGT	3.9769734587708223	1.0	0	0.9	9.0	1	True
	456	1.0	51.0	0		0.6219356207922324	CTR_MGH.GTGTCCTGTCGATGCC	3.9769734587708223	1.0	0	0.9	9.0	1	True
	457	1.0	52.0	0		0.6219356207922324	CTR_MGH.AGGCCACTCGTGGGAA	3.9769734587708223	1.0	0	0.9	9.0	1	True
	458	1.0	46.0	0		0.6219356207922324	CTR_MGH.AACCATGTCTATCGCC	3.9769734587708223	1.0	0	0.9	9.0	1	True
	459	1.0	49.0	0		0.6219356207922324	CTR_MGH.GCAGGCTAGCCTCTTC	3.9769734587708223	1.0	0	0.9	9.0	1	True
	460	1.0	48.0	0		0.6219356207922324	CTR_MGH.GTTAGTGGTACCAATC	3.9769734587708223	1.0	0	0.9	9.0	1	True
	461	1.0	47.0	0		0.6219356207922324	CTR_MGH.GTCTAGATCGCTATTT	3.9769734587708223	1.0	0	0.9	9.0	1	True
	462	1.0	146.0	0		0.7721873437392137	CTR_MGH.TGATGGTCAGCGTTGC	3.3986084818101086	1.0	0	0.9	9.0	1	True
	463	1.0	144.0	0		0.7721873437392137	CTR_MGH.AGCCAATCATGACTTG	3.3986084818101086	1.0	0	0.9	9.0	1	True
	464	1.0	145.0	0		0.7721873437392137	CTR_MGH.ATCATTCTCATTGCTT	3.3986084818101086	1.0	0	0.9	9.0	1	True
	465	1.0	147.0	0		0.7721873437392137	CTR_MGH.GATTCGAAGCCTTGAT	3.3986084818101086	1.0	0	0.9	9.0	1	True
	466	1.0	201.0	0		0.7682664141220616	CTR_MGH.ACGTAACTCTTTGCTA	3.058806672737444	1.0	0	0.9	9.0	1	True
	467	1.0	89.0	2	-0.0955260033272081	0.4457210754601828	_466	3.4105753190827075	1.0	2	0.9	9.0	2	False
	468	1.0	125.0	0		0.7032634791038106	CTR_MGH.TTCGGTCAGTGATGGC	3.466339024827139	1.0	0	0.9	9.0	1	True
	469	1.0	127.0	0		0.7032634791038106	CTR_MGH.GCCTGTTTCCTCTTTC	3.466339024827139	1.0	0	0.9	9.0	1	True
	470	1.0	126.0	0		0.7032634791038106	CTR_MGH.TACCTCGAGAAACCAT	3.466339024827139	1.0	0	0.9	9.0	1	True
	471	1.0	55.0	2	-0.0955260033272081	0.4141779332159601	_470	3.6837099932731467	1.0	2	0.9	9.0	2	False
	472	1.0	55.0	0		0.7039250197835951	CTR_MGH.CTAGACACACATAGCT	3.9714786935454502	1.0	0	0.9	9.0	1	True
	473	1.0	2.0	11	-0.0955260033272081	0.15263549025403123	_472	5.158382473502961	1.0	11	0.9	9.0	11	False
	474	1.0	354.0	0		0.8701582324902226	CTR_MGH.CAGTGCGGTACCATAC	2.1404300873098268	1.0	0	0.9	9.0	1	True
	475	1.0	353.0	0		0.8701582324902226	CTR_MGH.TCCACGTGTGATTCAC	2.1404300873098268	1.0	0	0.9	9.0	1	True
	476	1.0	343.0	0		0.7012359502770344	CTR_MGH.TCTTGCGGTATGAGAT	2.158549156445276	1.0	0	0.9	9.0	1	True
	477	1.0	116.0	3	-0.0955260033272081	0.39764977131582313	_476	3.107352707094422	1.0	3	0.9	9.0	3	False
	478	1.0	352.0	0		0.8398568160509337	CTR_MGH.TGGTAGTAGAGTGGCT	2.1470371186630266	1.0	0	0.9	9.0	1	True
	479	1.0	351.0	0		0.8398568160509337	CTR_MGH.AAGATAGCAGTTTCGA	2.1470371186630266	1.0	0	0.9	9.0	1	True
	480	1.0	373.0	0		0.6855703628316796	CTR_MGH.ACTATCTTCACTGGTA	2.0521424172043927	1.0	0	0.9	9.0	1	True
	481	1.0	149.0	2	-0.0955260033272081	0.44479402681565805	_480	2.7088093157231596	1.0	2	0.9	9.0	2	False
	482	1.0	333.0	0		0.6966505960624767	CTR_MGH.ACCAAACTCTATACTC	2.1872223789428062	1.0	0	0.9	9.0	1	True
	483	1.0	142.0	2	-0.0955260033272081	0.4422576407727581	_482	2.8073860905198447	1.0	2	0.9	9.0	2	False
	484	1.0	260.0	0		0.786255630201504	CTR_MGH.CTCAAGAAGTCGAGGT	2.6274654099519656	1.0	0	0.9	9.0	1	True
	485	1.0	262.0	0		0.786255630201504	CTR_MGH.GAGTCATTCGTGGGTC	2.6274654099519656	1.0	0	0.9	9.0	1	True
	486	1.0	261.0	0		0.786255630201504	CTR_MGH.GATTCGATCTTCGATT	2.6274654099519656	1.0	0	0.9	9.0	1	True
	487	1.0	278.0	0		0.7087376333845832	CTR_MGH.TGTCCTGCACAAGCAG	2.575667648577454	1.0	0	0.9	9.0	1	True
	488	1.0	279.0	0		0.7087376333845832	CTR_MGH.CCACCATTCACCATGA	2.575667648577454	1.0	0	0.9	9.0	1	True
	489	1.0	121.0	2	-0.0955260033272081	0.42915853934075265	_488	3.08242787271627	1.0	2	0.9	9.0	2	False
	490	1.0	293.0	0		0.8089095460753128	CTR_MGH.GTCAAGTAGTATAGGT	2.4708855749602114	1.0	0	0.9	9.0	1	True
	491	1.0	292.0	0		0.8089095460753128	CTR_MGH.TGGATCATCACGGGCT	2.4708855749602114	1.0	0	0.9	9.0	1	True
	492	1.0	294.0	0		0.8089095460753128	CTR_MGH.TCATGGATCTGTGCGG	2.4708855749602114	1.0	0	0.9	9.0	1	True
	493	1.0	291.0	0		0.8089095460753128	CTR_MGH.CTCAGTCAGAGTATAC	2.4708855749602114	1.0	0	0.9	9.0	1	True
	494	1.0	328.0	0		0.69336000489269	CTR_MGH.TGCATCCTCCATGCAA	2.274375267365868	1.0	0	0.9	9.0	1	True
	495	1.0	139.0	2	-0.0955260033272081	0.4355058831743399	_494	2.8704908196922103	1.0	2	0.9	9.0	2	False
	496	1.0	235.0	0		0.8102884807521589	CTR_MGH.CTTCCGACAATTAGGA	2.810721138629606	1.0	0	0.9	9.0	1	True
	497	1.0	236.0	0		0.8102884807521589	CTR_MGH.ACATGCAAGCGACTAG	2.810721138629606	1.0	0	0.9	9.0	1	True
	498	1.0	165.0	0		0.722631027005237	CTR_MGH.ATGGATCGTGTCTAAC	3.268133825887431	1.0	0	0.9	9.0	1	True
	499	1.0	166.0	0		0.722631027005237	CTR_MGH.TCACTCGAGTGCAACG	3.268133825887431	1.0	0	0.9	9.0	1	True
	500	1.0	167.0	0		0.722631027005237	CTR_MGH.TAGAGTCAGGATTTAG	3.268133825887431	1.0	0	0.9	9.0	1	True
	501	1.0	168.0	0		0.722631027005237	CTR_MGH.GTGGAAGTCATCGGGC	3.268133825887431	1.0	0	0.9	9.0	1	True
	502	1.0	239.0	0		0.7902485556467553	CTR_MGH.AGACCATTCATCGCCT	2.744234111866225	1.0	0	0.9	9.0	1	True
	503	1.0	240.0	0		0.7902485556467553	CTR_MGH.ATTCTACTCAACGCTA	2.744234111866225	1.0	0	0.9	9.0	1	True
	504	1.0	238.0	0		0.7902485556467553	CTR_MGH.GTTACCCAGCCTCAAT	2.744234111866225	1.0	0	0.9	9.0	1	True
	505	1.0	172.0	0		0.5626678531771709	CTR_MGH.AGTAGCTGTTGCTCGG	3.2623599371952956	1.0	0	0.9	9.0	1	True
	506	1.0	173.0	0		0.5626678531771709	CTR_MGH.AAAGTCCAGCAACAAT	3.2623599371952956	1.0	0	0.9	9.0	1	True
	507	1.0	169.0	0		0.5626678531771709	CTR_MGH.GAATAGAAGAATAGTC	3.2623599371952956	1.0	0	0.9	9.0	1	True
	508	1.0	175.0	0		0.5626678531771709	CTR_MGH.TCCTAATAGGGAGTGG	3.2623599371952956	1.0	0	0.9	9.0	1	True
	509	1.0	174.0	0		0.5626678531771709	CTR_MGH.GCCGATGTCAGCCTCT	3.2623599371952956	1.0	0	0.9	9.0	1	True
	510	1.0	171.0	0		0.5626678531771709	CTR_MGH.TTGGGTATCGGCTGAC	3.2623599371952956	1.0	0	0.9	9.0	1	True
	511	1.0	170.0	0		0.5626678531771709	CTR_MGH.GTGCTTCGTAGGCTCC	3.2623599371952956	1.0	0	0.9	9.0	1	True
	512	1.0	73.0	2	-0.0955260033272081	0.3483966386568884	_511	3.5477509261350453	1.0	2	0.9	9.0	2	False
	513	1.0	71.0	2	-0.0955260033272081	0.3483966386568884	_512	3.5477509261350453	1.0	2	0.9	9.0	2	False
	514	1.0	70.0	2	-0.0955260033272081	0.3483966386568884	_513	3.5477509261350453	1.0	2	0.9	9.0	2	False
	515	1.0	72.0	2	-0.0955260033272081	0.3483966386568884	_514	3.5477509261350453	1.0	2	0.9	9.0	2	False
	516	1.0	48.0	3	-0.0955260033272081	0.3049403642284343	_515	3.817235598622469	1.0	3	0.9	9.0	3	False
	517	1.0	207.0	0		0.7817627648875796	CTR_MGH.ATTATCCAGCATACTC	2.9272178167048137	1.0	0	0.9	9.0	1	True
	518	1.0	210.0	0		0.7817627648875796	CTR_MGH.AGGAGGTCAGTTAAAG	2.9272178167048137	1.0	0	0.9	9.0	1	True
	519	1.0	212.0	0		0.7817627648875796	CTR_MGH.TGATCAGGTAACAAGT	2.9272178167048137	1.0	0	0.9	9.0	1	True
	520	1.0	209.0	0		0.7817627648875796	CTR_MGH.TCACTATGTACGAGCA	2.9272178167048137	1.0	0	0.9	9.0	1	True
	521	1.0	208.0	0		0.7817627648875796	CTR_MGH.GTGGAGATCTCTTGCG	2.9272178167048137	1.0	0	0.9	9.0	1	True
	522	1.0	211.0	0		0.7817627648875796	CTR_MGH.GTGCTTCCATAATGCC	2.9272178167048137	1.0	0	0.9	9.0	1	True
	523	1.0	213.0	0		0.7817627648875796	CTR_MGH.TAACACGAGTGCACTT	2.9272178167048137	1.0	0	0.9	9.0	1	True
	524	1.0	206.0	0		0.7817627648875796	CTR_MGH.TCAGTTTGTCCGACGT	2.9272178167048137	1.0	0	0.9	9.0	1	True
	525	1.0	237.0	0		0.7294683147998331	CTR_MGH.AGTTCGAAGTATAGGT	2.7985721891668764	1.0	0	0.9	9.0	1	True
	526	1.0	76.0	3	-0.0955260033272081	0.38101636179923837	_525	3.5247141677975398	1.0	3	0.9	9.0	3	False
	527	1.0	181.0	0		0.7360369889743641	CTR_MGH.GCACTAAGTCGATTTG	3.173942082657876	1.0	0	0.9	9.0	1	True
	528	1.0	22.0	6	-0.0955260033272081	0.26216275522211774	_527	4.350604495457471	1.0	6	0.9	9.0	6	False
	529	1.0	370.0	0		0.8846352725642639	CTR_MGH.ATTCCATGTGCACGCT	2.089782063531234	1.0	0	1.0	10.0	1	True
	530	1.0	369.0	0		0.8846352725642639	CTR_MGH.AGTGTTGAGTTTGTCG	2.089782063531234	1.0	0	1.0	10.0	1	True
	531	1.0	93.0	0		0.6530923218898632	CTR_MGH.TACTTCATCATCTATC	3.6478266087930624	1.0	0	1.0	10.0	1	True
	532	1.0	94.0	0		0.6530923218898632	CTR_MGH.GGTAATCTCTGTGCAA	3.6478266087930624	1.0	0	1.0	10.0	1	True
	533	1.0	96.0	0		0.6530923218898632	CTR_MGH.CGGGACTCAACAACAA	3.6478266087930624	1.0	0	1.0	10.0	1	True
	534	1.0	90.0	0		0.6530923218898632	CTR_MGH.GCATCGGCAGACCATT	3.6478266087930624	1.0	0	1.0	10.0	1	True
	535	1.0	91.0	0		0.6530923218898632	CTR_MGH.AGACAAAAGAACTCCT	3.6478266087930624	1.0	0	1.0	10.0	1	True
	536	1.0	95.0	0		0.6530923218898632	CTR_MGH.AAACCCACAAGTTCCA	3.6478266087930624	1.0	0	1.0	10.0	1	True
	537	1.0	97.0	0		0.6530923218898632	CTR_MGH.CCTTTGGCAAGCTGTT	3.6478266087930624	1.0	0	1.0	10.0	1	True
	538	1.0	92.0	0		0.6530923218898632	CTR_MGH.CTCCAACTCCTACGAA	3.6478266087930624	1.0	0	1.0	10.0	1	True
	539	1.0	301.0	0		0.8838753449623127	CTR_MGH.ACGGTTAAGCCGATTT	2.4554862532521042	1.0	0	1.0	10.0	1	True
	540	1.0	302.0	0		0.8838753449623127	CTR_MGH.GTGCACGGTTTCACTT	2.4554862532521042	1.0	0	1.0	10.0	1	True
	541	1.0	241.0	0		0.8511224797901713	CTR_MGH.TAAGCGTGTTGCCGAC	2.725127334982184	1.0	0	1.0	10.0	1	True
	542	1.0	242.0	0		0.8511224797901713	CTR_MGH.CTGAGCGCACCTTCGT	2.725127334982184	1.0	0	1.0	10.0	1	True
	543	1.0	31.0	0		0.5919749747432874	CTR_MGH.GACATCATCGGCCTTT	4.1664185504053	1.0	0	1.0	10.0	1	True
	544	1.0	35.0	0		0.5919749747432874	CTR_MGH.ACGTAACGTGTGATGG	4.1664185504053	1.0	0	1.0	10.0	1	True
	545	1.0	34.0	0		0.5919749747432874	CTR_MGH.GTTCTATTCGCTGCGA	4.1664185504053	1.0	0	1.0	10.0	1	True
	546	1.0	30.0	0		0.5919749747432874	CTR_MGH.GAATCGTCAAGGAGTC	4.1664185504053	1.0	0	1.0	10.0	1	True
	547	1.0	32.0	0		0.5919749747432874	CTR_MGH.CGTAAGTAGTCTCGTA	4.1664185504053	1.0	0	1.0	10.0	1	True
	548	1.0	38.0	0		0.5919749747432874	CTR_MGH.CTGTATTTCTTCGATT	4.1664185504053	1.0	0	1.0	10.0	1	True
	549	1.0	33.0	0		0.5919749747432874	CTR_MGH.GAAGCCCTCTTGCGCT	4.1664185504053	1.0	0	1.0	10.0	1	True
	550	1.0	37.0	0		0.5919749747432874	CTR_MGH.AGACAGGAGAGCTGCA	4.1664185504053	1.0	0	1.0	10.0	1	True
	551	1.0	29.0	0		0.5919749747432874	CTR_MGH.AGCCAGCAGCCATATC	4.1664185504053	1.0	0	1.0	10.0	1	True
	552	1.0	36.0	0		0.5919749747432874	CTR_MGH.CCAAGCGTCTGAGATC	4.1664185504053	1.0	0	1.0	10.0	1	True
	553	1.0	39.0	0		0.5919749747432874	CTR_MGH.CCATCACGTCTGTAAC	4.1664185504053	1.0	0	1.0	10.0	1	True
	554	1.0	346.0	0		0.8388974751190377	CTR_MGH.GTGTCCTAGGCTCTAT	2.1557338713934104	1.0	0	1.0	10.0	1	True
	555	1.0	344.0	0		0.8388974751190377	CTR_MGH.GATAGAATCTTTGCGC	2.1557338713934104	1.0	0	1.0	10.0	1	True
	556	1.0	345.0	0		0.8388974751190377	CTR_MGH.AGTGACTGTCACGCTG	2.1557338713934104	1.0	0	1.0	10.0	1	True
	557	1.0	404.0	0		0.8872351699421079	CTR_MGH.ATTCCATCACGCACCA	1.7603656383903343	1.0	0	1.0	10.0	1	True
	558	1.0	403.0	0		0.8872351699421079	CTR_MGH.TGAATCGGTGTGTGGA	1.7603656383903343	1.0	0	1.0	10.0	1	True
	559	1.0	393.0	0		0.8842597873813021	CTR_MGH.GGGCCATTCGAGCACC	1.8582134953463068	1.0	0	1.0	10.0	1	True
	560	1.0	392.0	0		0.8842597873813021	CTR_MGH.GCGTGCATCCACCCTA	1.8582134953463068	1.0	0	1.0	10.0	1	True
	561	1.0	355.0	0		0.869894604590014	CTR_MGH.CTCCCTCCATGGACAG	2.1309348210660155	1.0	0	1.0	10.0	1	True
	562	1.0	356.0	0		0.869894604590014	CTR_MGH.CTCCTCCAGTAAGACT	2.1309348210660155	1.0	0	1.0	10.0	1	True
	563	1.0	388.0	0		0.8773050098046142	CTR_MGH.CTAAGTGAGAATCGAT	1.9208385141895488	1.0	0	1.0	10.0	1	True
	564	1.0	387.0	0		0.8773050098046142	CTR_MGH.CTGTCGTAGCTATCTG	1.9208385141895488	1.0	0	1.0	10.0	1	True
	565	1.0	274.0	0		0.7882422672206753	CTR_MGH.ACTTAGGTCTTTGCAT	2.591376491798819	1.0	0	1.0	10.0	1	True
	566	1.0	276.0	0		0.7882422672206753	CTR_MGH.CAAGCTATCGTGTCAA	2.591376491798819	1.0	0	1.0	10.0	1	True
	567	1.0	275.0	0		0.7882422672206753	CTR_MGH.CAACAACGTCCTGGGT	2.591376491798819	1.0	0	1.0	10.0	1	True
	568	1.0	270.0	0		0.7882422672206753	CTR_MGH.ATCCACCAGCGCATCC	2.591376491798819	1.0	0	1.0	10.0	1	True
	569	1.0	271.0	0		0.7882422672206753	CTR_MGH.GTGTTCCTCATGCCGG	2.591376491798819	1.0	0	1.0	10.0	1	True
	570	1.0	269.0	0		0.7882422672206753	CTR_MGH.CTCCCTCAGAGAGCAA	2.591376491798819	1.0	0	1.0	10.0	1	True
	571	1.0	272.0	0		0.7882422672206753	CTR_MGH.GAAGCCCAGAATGTTG	2.591376491798819	1.0	0	1.0	10.0	1	True
	572	1.0	273.0	0		0.7882422672206753	CTR_MGH.TCGACGGGTAAGTCAA	2.591376491798819	1.0	0	1.0	10.0	1	True
	573	1.0	225.0	0		0.74437236946439	CTR_MGH.GGGACAACAGTCGGAA	2.857203047808052	1.0	0	1.0	10.0	1	True
	574	1.0	226.0	0		0.74437236946439	CTR_MGH.GCTACAAGTGTTAGCT	2.857203047808052	1.0	0	1.0	10.0	1	True
	575	1.0	224.0	0		0.74437236946439	CTR_MGH.CTTCTCTCAGATCACT	2.857203047808052	1.0	0	1.0	10.0	1	True
	576	1.0	281.0	0		0.820083350975799	CTR_MGH.AATTCCTAGCGCCTTG	2.568484208434196	1.0	0	1.0	10.0	1	True
	577	1.0	280.0	0		0.820083350975799	CTR_MGH.GCCGATGGTGTCGATT	2.568484208434196	1.0	0	1.0	10.0	1	True
	578	1.0	282.0	0		0.820083350975799	CTR_MGH.GGTAACTTCCACGGAC	2.568484208434196	1.0	0	1.0	10.0	1	True
	579	1.0	153.0	0		0.6997915991569919	CTR_MGH.GCCCGAACAGGGATAC	3.3807689280966957	1.0	0	1.0	10.0	1	True
	580	1.0	150.0	0		0.6997915991569919	CTR_MGH.AGGATCTGTTAATCGC	3.3807689280966957	1.0	0	1.0	10.0	1	True
	581	1.0	152.0	0		0.6997915991569919	CTR_MGH.GACTGATCAGTATACC	3.3807689280966957	1.0	0	1.0	10.0	1	True
	582	1.0	149.0	0		0.6997915991569919	CTR_MGH.GGTTGTAAGCGTGTCC	3.3807689280966957	1.0	0	1.0	10.0	1	True
	583	1.0	148.0	0		0.6997915991569919	CTR_MGH.GGGATCCGTGTTCGAT	3.3807689280966957	1.0	0	1.0	10.0	1	True
	584	1.0	151.0	0		0.6997915991569919	CTR_MGH.AGGTCTATCCCAAGTA	3.3807689280966957	1.0	0	1.0	10.0	1	True
