name_tree	id_node	dist	rank	num_descendants	expansion_score	var_fitness	name	mean_fitness	support	num_children	depth_normalized	depth	num_leaf_descendants	is_leaf
	0	0.0		144					1.0	2	0.0	0.0	117	False
	1	1.0	25.0	67	-0.00626272502153561	0.105769935293627	_0	2.3385013369017242	1.0	2	0.2	1.0	58	False
	2	1.0	6.0	75	-0.01311329569155266	0.032404127004431516	_1	3.0963906315949665	1.0	17	0.2	1.0	59	False
	3	1.0	12.0	24	-0.017231996679131882	0.0839207046831616	_2	2.711834748334395	1.0	4	0.4	2.0	20	False
	4	1.0	7.0	41	-0.010171495390025686	0.09245916808500176	_3	2.9564373510066977	1.0	6	0.4	2.0	38	False
	5	1.0	75.0	0		0.72130131661303	CTR_RT.CATCGGGCAATTAGGA	1.7081815778582008	1.0	0	0.4	2.0	1	True
	6	1.0	71.0	0		0.72130131661303	CTR_RT.ATTCACTAGCCGGATA	1.7081815778582008	1.0	0	0.4	2.0	1	True
	7	1.0	72.0	0		0.72130131661303	CTR_RT.CCCAACTCACACTGGC	1.7081815778582008	1.0	0	0.4	2.0	1	True
	8	1.0	74.0	0		0.72130131661303	CTR_RT.GTTCATTAGTTGTACC	1.7081815778582008	1.0	0	0.4	2.0	1	True
	9	1.0	73.0	0		0.72130131661303	CTR_RT.ATCGGCGTCGTCAGAT	1.7081815778582008	1.0	0	0.4	2.0	1	True
	10	1.0	70.0	0		0.72130131661303	CTR_RT.TATCCTAGTAGTCGTT	1.7081815778582008	1.0	0	0.4	2.0	1	True
	11	1.0	18.0	2	-0.030679624821706997	0.2530616905199281	_10	2.4647085908084945	1.0	2	0.4	2.0	2	False
	12	1.0	21.0	2	-0.030679624821706997	0.2530616905199281	_11	2.4647085908084945	1.0	2	0.4	2.0	2	False
	13	1.0	16.0	2	-0.030679624821706997	0.2530616905199281	_12	2.4647085908084945	1.0	2	0.4	2.0	2	False
	14	1.0	19.0	2	-0.030679624821706997	0.2530616905199281	_13	2.4647085908084945	1.0	2	0.4	2.0	2	False
	15	1.0	20.0	2	-0.030679624821706997	0.2530616905199281	_14	2.4647085908084945	1.0	2	0.4	2.0	2	False
	16	1.0	17.0	2	-0.030679624821706997	0.2530616905199281	_15	2.4647085908084945	1.0	2	0.4	2.0	2	False
	17	1.0	9.0	3	-0.030177627105073455	0.1890155514233971	_16	2.7711251035876243	1.0	3	0.4	2.0	3	False
	18	1.0	10.0	3	-0.030177627105073455	0.1890155514233971	_17	2.7711251035876243	1.0	3	0.4	2.0	3	False
	19	1.0	22.0	5	-0.02666511821940755	0.1516241937689502	_18	2.4179822569493017	1.0	2	0.4	2.0	4	False
	20	1.0	8.0	18	-0.01994130921818412	0.08306757138855136	_19	2.82426386734146	1.0	5	0.4	2.0	14	False
	21	1.0	2.0	17	-0.026374616158913754	0.04173349489703071	_20	3.638474134811169	1.0	17	0.4	2.0	17	False
	22	1.0	91.0	0		0.7693631993479453	CTR_RT.GCGTGCAAGGCATCTT	1.360055030001089	1.0	0	0.6	3.0	1	True
	23	1.0	23.0	5	-0.03016246763733457	0.1513491958283053	_22	2.362194049877907	1.0	2	0.6	3.0	4	False
	24	1.0	5.0	6	-0.024237831963338993	0.10766819128485494	_23	3.1826433878534575	1.0	6	0.6	3.0	6	False
	25	1.0	3.0	9	-0.02188060885159497	0.07457797934477917	_24	3.393635112571039	1.0	9	0.6	3.0	9	False
	26	1.0	78.0	0		0.7711974171491609	CTR_RT.GATCCCTCAAATTAGG	1.5811072049304324	1.0	0	0.6	3.0	1	True
	27	1.0	76.0	0		0.7711974171491609	CTR_RT.AATGAAGCAGACCATT	1.5811072049304324	1.0	0	0.6	3.0	1	True
	28	1.0	77.0	0		0.7711974171491609	CTR_RT.AAAGGATAGAAACCCG	1.5811072049304324	1.0	0	0.6	3.0	1	True
	29	1.0	79.0	0		0.7711974171491609	CTR_RT.CGGTCAGTCCTGATAG	1.5811072049304324	1.0	0	0.6	3.0	1	True
	30	1.0	24.0	4	-0.03016246763733457	0.156541190946907	_29	2.346280346633278	1.0	2	0.6	3.0	3	False
	31	1.0	1.0	31	-0.012649029216308458	0.02352691422660591	_30	3.758394453853654	1.0	31	0.6	3.0	31	False
	32	1.0	102.0	0		0.9210368001488487	CTR_RT.GCCAGGTTCCGTCCTA	1.1263462974332699	1.0	0	0.6	3.0	1	True
	33	1.0	108.0	0		0.9210368001488487	CTR_RT.CATCCACTCCCGTTCA	1.1263462974332699	1.0	0	0.6	3.0	1	True
	34	1.0	107.0	0		0.9210368001488487	CTR_RT.TTACGTTCACAGGATG	1.1263462974332699	1.0	0	0.6	3.0	1	True
	35	1.0	106.0	0		0.9210368001488487	CTR_RT.TGTCCACCAGGTCCGT	1.1263462974332699	1.0	0	0.6	3.0	1	True
	36	1.0	100.0	0		0.9210368001488487	CTR_RT.GATCGTAGTAATGATG	1.1263462974332699	1.0	0	0.6	3.0	1	True
	37	1.0	105.0	0		0.9210368001488487	CTR_RT.GTGCTTCAGCTGTACT	1.1263462974332699	1.0	0	0.6	3.0	1	True
	38	1.0	98.0	0		0.9210368001488487	CTR_RT.TGCGATAGTTAAACAG	1.1263462974332699	1.0	0	0.6	3.0	1	True
	39	1.0	99.0	0		0.9210368001488487	CTR_RT.TCCGGGAAGGAACGCT	1.1263462974332699	1.0	0	0.6	3.0	1	True
	40	1.0	104.0	0		0.9210368001488487	CTR_RT.CCACACTGTTGCCTAA	1.1263462974332699	1.0	0	0.6	3.0	1	True
	41	1.0	103.0	0		0.9210368001488487	CTR_RT.TTCTCTCAGCACTTTG	1.1263462974332699	1.0	0	0.6	3.0	1	True
	42	1.0	109.0	0		0.9210368001488487	CTR_RT.TGGATGTCATAAGCAA	1.1263462974332699	1.0	0	0.6	3.0	1	True
	43	1.0	101.0	0		0.9210368001488487	CTR_RT.CAGGCCACATTGCAAC	1.1263462974332699	1.0	0	0.6	3.0	1	True
	44	1.0	84.0	0		0.8558810978878919	CTR_RT.CACGGGTAGCTAAGTA	1.4101650971572792	1.0	0	0.6	3.0	1	True
	45	1.0	86.0	0		0.8558810978878919	CTR_RT.AGACAAAAGTGCAACG	1.4101650971572792	1.0	0	0.6	3.0	1	True
	46	1.0	85.0	0		0.8558810978878919	CTR_RT.AACGAAAGTCACTGAT	1.4101650971572792	1.0	0	0.6	3.0	1	True
	47	1.0	82.0	0		0.8558810978878919	CTR_RT.GAGTTACCAGAGGGTT	1.4101650971572792	1.0	0	0.6	3.0	1	True
	48	1.0	83.0	0		0.8558810978878919	CTR_RT.ATCGTCCAGGTCTTTG	1.4101650971572792	1.0	0	0.6	3.0	1	True
	49	1.0	87.0	0		0.8558810978878919	CTR_RT.TGTGCGGTCCAGTGTA	1.4101650971572792	1.0	0	0.6	3.0	1	True
	50	1.0	110.0	0		0.8338531699838507	CTR_RT.ACCCAAAGTAACGCGA	1.0858669876224853	1.0	0	0.6	3.0	1	True
	51	1.0	13.0	3	-0.02735053760585098	0.2072916377375167	_50	2.6355262525565406	1.0	3	0.6	3.0	3	False
	52	1.0	80.0	0		0.766363164067239	CTR_RT.AGCTCAAGTGCAATGG	1.462464797039429	1.0	0	0.6	3.0	1	True
	53	1.0	81.0	0		0.766363164067239	CTR_RT.TCTTAGTTCCCAATAG	1.462464797039429	1.0	0	0.6	3.0	1	True
	54	1.0	11.0	3	-0.02735053760585098	0.19506502134626924	_53	2.7180288879758914	1.0	3	0.6	3.0	3	False
	55	1.0	26.0	4	-0.03016246763733457	0.155988676361976	_54	2.326524272429832	1.0	2	0.6	3.0	3	False
	56	1.0	4.0	6	-0.024237831963338993	0.1072721524763054	_55	3.1946886569088235	1.0	6	0.6	3.0	6	False
	57	1.0	35.0	0		0.7215520217697913	CTR_RT.GCACATAAGATCCCAT	2.1733415216980356	1.0	0	0.6	3.0	1	True
	58	1.0	34.0	0		0.7215520217697913	CTR_RT.CATTCCGTCAAACTGC	2.1733415216980356	1.0	0	0.6	3.0	1	True
	59	1.0	39.0	0		0.7215520217697913	CTR_RT.CGGAGAAAGAATTCAG	2.1733415216980356	1.0	0	0.6	3.0	1	True
	60	1.0	48.0	0		0.7215520217697913	CTR_RT.GGCGTCACATAGGCGA	2.1733415216980356	1.0	0	0.6	3.0	1	True
	61	1.0	40.0	0		0.7215520217697913	CTR_RT.GCAACATTCTGTGCGG	2.1733415216980356	1.0	0	0.6	3.0	1	True
	62	1.0	41.0	0		0.7215520217697913	CTR_RT.GGAGGTAAGAGCTGAC	2.1733415216980356	1.0	0	0.6	3.0	1	True
	63	1.0	33.0	0		0.7215520217697913	CTR_RT.CGATGCGAGAAATGGG	2.1733415216980356	1.0	0	0.6	3.0	1	True
	64	1.0	46.0	0		0.7215520217697913	CTR_RT.GTCCCATCAAGGGCAT	2.1733415216980356	1.0	0	0.6	3.0	1	True
	65	1.0	37.0	0		0.7215520217697913	CTR_RT.TTTCAGTCATCCTAAG	2.1733415216980356	1.0	0	0.6	3.0	1	True
	66	1.0	36.0	0		0.7215520217697913	CTR_RT.GAACACTAGTGGTTGG	2.1733415216980356	1.0	0	0.6	3.0	1	True
	67	1.0	45.0	0		0.7215520217697913	CTR_RT.GATTCGACATAGAAAC	2.1733415216980356	1.0	0	0.6	3.0	1	True
	68	1.0	32.0	0		0.7215520217697913	CTR_RT.AACAAAGCACACGCCA	2.1733415216980356	1.0	0	0.6	3.0	1	True
	69	1.0	38.0	0		0.7215520217697913	CTR_RT.CCCTAACTCATACGAC	2.1733415216980356	1.0	0	0.6	3.0	1	True
	70	1.0	47.0	0		0.7215520217697913	CTR_RT.GTCGCGAAGGTAGCCA	2.1733415216980356	1.0	0	0.6	3.0	1	True
	71	1.0	44.0	0		0.7215520217697913	CTR_RT.ATGGGTTGTGGGTATG	2.1733415216980356	1.0	0	0.6	3.0	1	True
	72	1.0	42.0	0		0.7215520217697913	CTR_RT.TTGTTCACAGCTCATA	2.1733415216980356	1.0	0	0.6	3.0	1	True
	73	1.0	43.0	0		0.7215520217697913	CTR_RT.TCGAACAGTTCGTACA	2.1733415216980356	1.0	0	0.6	3.0	1	True
	74	1.0	111.0	0		0.8350700725049387	CTR_RT.TTGTTCAAGACCAAGC	1.0336629216071496	1.0	0	0.8	4.0	1	True
	75	1.0	14.0	3	-0.03194455804208749	0.20882734938053193	_74	2.6238948562356743	1.0	3	0.8	4.0	3	False
	76	1.0	66.0	0		0.778307919784639	CTR_RT.TCAGTCCTCCACACCT	1.7806854291890906	1.0	0	0.8	4.0	1	True
	77	1.0	67.0	0		0.778307919784639	CTR_RT.GGTGGCTAGCCATTTG	1.7806854291890906	1.0	0	0.8	4.0	1	True
	78	1.0	65.0	0		0.778307919784639	CTR_RT.GTGGAGAGTGGTAATA	1.7806854291890906	1.0	0	0.8	4.0	1	True
	79	1.0	64.0	0		0.778307919784639	CTR_RT.TCGATTTGTCTTTCTA	1.7806854291890906	1.0	0	0.8	4.0	1	True
	80	1.0	69.0	0		0.778307919784639	CTR_RT.AAAGTGATCGGTCAGC	1.7806854291890906	1.0	0	0.8	4.0	1	True
	81	1.0	68.0	0		0.778307919784639	CTR_RT.ATTGGGTAGTATAGAC	1.7806854291890906	1.0	0	0.8	4.0	1	True
	82	1.0	49.0	0		0.7487693397391739	CTR_RT.ATCACGAGTATTCCGA	1.9648448447274511	1.0	0	0.8	4.0	1	True
	83	1.0	51.0	0		0.7487693397391739	CTR_RT.GACTCAAGTGCCGTAC	1.9648448447274511	1.0	0	0.8	4.0	1	True
	84	1.0	56.0	0		0.7487693397391739	CTR_RT.CAAGACTTCCTCTAAT	1.9648448447274511	1.0	0	0.8	4.0	1	True
	85	1.0	55.0	0		0.7487693397391739	CTR_RT.CGGGCATTCGGACTTA	1.9648448447274511	1.0	0	0.8	4.0	1	True
	86	1.0	52.0	0		0.7487693397391739	CTR_RT.ACGTTCCCATATGGCT	1.9648448447274511	1.0	0	0.8	4.0	1	True
	87	1.0	57.0	0		0.7487693397391739	CTR_RT.GGGTCACAGCACCTGC	1.9648448447274511	1.0	0	0.8	4.0	1	True
	88	1.0	54.0	0		0.7487693397391739	CTR_RT.ATGAGGGTCAACTACG	1.9648448447274511	1.0	0	0.8	4.0	1	True
	89	1.0	50.0	0		0.7487693397391739	CTR_RT.TGTCCACAGTTCGCAT	1.9648448447274511	1.0	0	0.8	4.0	1	True
	90	1.0	53.0	0		0.7487693397391739	CTR_RT.TGTAGACTCTAGCCAA	1.9648448447274511	1.0	0	0.8	4.0	1	True
	91	1.0	112.0	0		0.8400444231751769	CTR_RT.GACTATGCACGGAAGT	1.0185835940131067	1.0	0	0.8	4.0	1	True
	92	1.0	27.0	2	-0.03194455804208749	0.290452526156578	_91	2.258961392830968	1.0	2	0.8	4.0	2	False
	93	1.0	28.0	0		0.7078759042441582	CTR_RT.CTAACTTAGCCGGAAT	2.2736164250988358	1.0	0	0.8	4.0	1	True
	94	1.0	11.0	0		0.7078759042441582	CTR_RT.CCAATGACAGTCAGCC	2.2736164250988358	1.0	0	0.8	4.0	1	True
	95	1.0	8.0	0		0.7078759042441582	CTR_RT.GTGCAGCAGATTCGAA	2.2736164250988358	1.0	0	0.8	4.0	1	True
	96	1.0	25.0	0		0.7078759042441582	CTR_RT.GACTCAACAATGCAGG	2.2736164250988358	1.0	0	0.8	4.0	1	True
	97	1.0	23.0	0		0.7078759042441582	CTR_RT.TCACATTAGAGGACTC	2.2736164250988358	1.0	0	0.8	4.0	1	True
	98	1.0	7.0	0		0.7078759042441582	CTR_RT.TCTGGCTCAGTTTCAG	2.2736164250988358	1.0	0	0.8	4.0	1	True
	99	1.0	1.0	0		0.7078759042441582	CTR_RT.CAGATCAGTCGTTCAA	2.2736164250988358	1.0	0	0.8	4.0	1	True
	100	1.0	10.0	0		0.7078759042441582	CTR_RT.CATCGGGAGGCTCTAT	2.2736164250988358	1.0	0	0.8	4.0	1	True
	101	1.0	13.0	0		0.7078759042441582	CTR_RT.GAGTGTTAGTTGGAAT	2.2736164250988358	1.0	0	0.8	4.0	1	True
	102	1.0	3.0	0		0.7078759042441582	CTR_RT.AAACGCTAGCAGCGAT	2.2736164250988358	1.0	0	0.8	4.0	1	True
	103	1.0	21.0	0		0.7078759042441582	CTR_RT.AGTCAACAGGGACACT	2.2736164250988358	1.0	0	0.8	4.0	1	True
	104	1.0	16.0	0		0.7078759042441582	CTR_RT.AACTTCTCACGTGTGC	2.2736164250988358	1.0	0	0.8	4.0	1	True
	105	1.0	30.0	0		0.7078759042441582	CTR_RT.TCTGCCATCCATACTT	2.2736164250988358	1.0	0	0.8	4.0	1	True
	106	1.0	5.0	0		0.7078759042441582	CTR_RT.GAATCACCAAACACGG	2.2736164250988358	1.0	0	0.8	4.0	1	True
	107	1.0	17.0	0		0.7078759042441582	CTR_RT.GGAACCCCACGGGCTT	2.2736164250988358	1.0	0	0.8	4.0	1	True
	108	1.0	14.0	0		0.7078759042441582	CTR_RT.TGATCTTGTGGTTTAC	2.2736164250988358	1.0	0	0.8	4.0	1	True
	109	1.0	2.0	0		0.7078759042441582	CTR_RT.AATGAAGCAGTCAACT	2.2736164250988358	1.0	0	0.8	4.0	1	True
	110	1.0	27.0	0		0.7078759042441582	CTR_RT.TCATTCACAAGCTACT	2.2736164250988358	1.0	0	0.8	4.0	1	True
	111	1.0	19.0	0		0.7078759042441582	CTR_RT.GGCGTCACAAGACGAC	2.2736164250988358	1.0	0	0.8	4.0	1	True
	112	1.0	24.0	0		0.7078759042441582	CTR_RT.CTCCTCCCAAGAGTAT	2.2736164250988358	1.0	0	0.8	4.0	1	True
	113	1.0	18.0	0		0.7078759042441582	CTR_RT.CTCAGTCAGGATACGC	2.2736164250988358	1.0	0	0.8	4.0	1	True
	114	1.0	31.0	0		0.7078759042441582	CTR_RT.TCATTGTCAGCTGCCA	2.2736164250988358	1.0	0	0.8	4.0	1	True
	115	1.0	26.0	0		0.7078759042441582	CTR_RT.TTGTTTGGTCACCACG	2.2736164250988358	1.0	0	0.8	4.0	1	True
	116	1.0	29.0	0		0.7078759042441582	CTR_RT.TCCACCAAGTTTGTCG	2.2736164250988358	1.0	0	0.8	4.0	1	True
	117	1.0	9.0	0		0.7078759042441582	CTR_RT.CTTACCGCATGCCGAC	2.2736164250988358	1.0	0	0.8	4.0	1	True
	118	1.0	6.0	0		0.7078759042441582	CTR_RT.GAAGGACTCCTTATGT	2.2736164250988358	1.0	0	0.8	4.0	1	True
	119	1.0	4.0	0		0.7078759042441582	CTR_RT.GGGACCTAGATGATTG	2.2736164250988358	1.0	0	0.8	4.0	1	True
	120	1.0	22.0	0		0.7078759042441582	CTR_RT.TGGGAGATCTGGACCG	2.2736164250988358	1.0	0	0.8	4.0	1	True
	121	1.0	20.0	0		0.7078759042441582	CTR_RT.GTTGCGGCACCTCAGG	2.2736164250988358	1.0	0	0.8	4.0	1	True
	122	1.0	12.0	0		0.7078759042441582	CTR_RT.CTCCCAACACTAACCA	2.2736164250988358	1.0	0	0.8	4.0	1	True
	123	1.0	15.0	0		0.7078759042441582	CTR_RT.TGAGGGAGTAGGATAT	2.2736164250988358	1.0	0	0.8	4.0	1	True
	124	1.0	93.0	0		0.8759962032792428	CTR_RT.CTCATGCTCTCAGTCC	1.2856595676714995	1.0	0	0.8	4.0	1	True
	125	1.0	94.0	0		0.8759962032792428	CTR_RT.AAGTCGTCACAAAGTA	1.2856595676714995	1.0	0	0.8	4.0	1	True
	126	1.0	92.0	0		0.8759962032792428	CTR_RT.ACTTATCCAGTCAGCC	1.2856595676714995	1.0	0	0.8	4.0	1	True
	127	1.0	89.0	0		0.8627734922713202	CTR_RT.CCTCCTCTCTAGTACG	1.361603500397693	1.0	0	0.8	4.0	1	True
	128	1.0	90.0	0		0.8627734922713202	CTR_RT.ATGAAAGCAGCACAAG	1.361603500397693	1.0	0	0.8	4.0	1	True
	129	1.0	88.0	0		0.8627734922713202	CTR_RT.TCAAGTGAGCAGCCCT	1.361603500397693	1.0	0	0.8	4.0	1	True
	130	1.0	113.0	0		0.8400720199068279	CTR_RT.TCGCAGGCAAGTTCCA	1.0000481388980236	1.0	0	0.8	4.0	1	True
	131	1.0	28.0	2	-0.03194455804208749	0.2914842396085886	_130	2.25305586851453	1.0	2	0.8	4.0	2	False
	132	1.0	58.0	0		0.777704551482914	CTR_RT.ACCGTTCTCTGGCCTT	1.7912383234935874	1.0	0	0.8	4.0	1	True
	133	1.0	62.0	0		0.777704551482914	CTR_RT.GATTTCTGTTACCCAA	1.7912383234935874	1.0	0	0.8	4.0	1	True
	134	1.0	60.0	0		0.777704551482914	CTR_RT.CGAAGTTGTACCCGAC	1.7912383234935874	1.0	0	0.8	4.0	1	True
	135	1.0	63.0	0		0.777704551482914	CTR_RT.TTCCTTCTCACAAGGG	1.7912383234935874	1.0	0	0.8	4.0	1	True
	136	1.0	59.0	0		0.777704551482914	CTR_RT.GCTTTCGCAACACGTT	1.7912383234935874	1.0	0	0.8	4.0	1	True
	137	1.0	61.0	0		0.777704551482914	CTR_RT.ATGTCTTCAAATAAGC	1.7912383234935874	1.0	0	0.8	4.0	1	True
	138	1.0	95.0	0		0.8777112547604975	CTR_RT.GAAACCTAGCCAACCC	1.2749227080360397	1.0	0	1.0	5.0	1	True
	139	1.0	96.0	0		0.8777112547604975	CTR_RT.TCACAAGGTTGTGCCG	1.2749227080360397	1.0	0	1.0	5.0	1	True
	140	1.0	97.0	0		0.8777112547604975	CTR_RT.TGTAGACCATTCCTCG	1.2749227080360397	1.0	0	1.0	5.0	1	True
	141	1.0	115.0	0		0.9609922647065696	CTR_RT.CGGGTCAAGCCGTTAT	0.9329462113970826	1.0	0	1.0	5.0	1	True
	142	1.0	114.0	0		0.9609922647065696	CTR_RT.TCCCATGAGTGGTGAC	0.9329462113970826	1.0	0	1.0	5.0	1	True
	143	1.0	117.0	0		0.9621012625093097	CTR_RT.GCTTGGGCACGTAACT	0.927365054528063	1.0	0	1.0	5.0	1	True
	144	1.0	116.0	0		0.9621012625093097	CTR_RT.TAGGAGGTCATGGCCG	0.927365054528063	1.0	0	1.0	5.0	1	True
