name_tree	id_node	dist	rank	num_descendants	expansion_score	var_fitness	name	mean_fitness	support	num_children	depth_normalized	depth	num_leaf_descendants	is_leaf
	0	0.0		205					1.0	2	0.0	0.0	139	False
	1	1.0	50.0	40	-0.018892959674785027	0.1242973050048981	_0	2.5450687306188198	1.0	2	0.16666666666666666	1.0	26	False
	2	1.0	11.0	163	-0.0032751608281563977	0.05021384130188444	_1	3.098692693921391	1.0	10	0.16666666666666666	1.0	113	False
	3	1.0	65.0	2	-0.035267713449428445	0.3566947339872488	_2	2.3817301966475393	1.0	2	0.3333333333333333	2.0	2	False
	4	1.0	12.0	36	-0.019081917891537584	0.062186125046153506	_3	3.0541024903300156	1.0	8	0.3333333333333333	2.0	24	False
	5	1.0	47.0	0		0.6084310532019765	CTR_MGH.ACCAAACCATGGGTCC	1.9545839821621298	1.0	0	0.3333333333333333	2.0	1	True
	6	1.0	30.0	2	-0.035267713449428445	0.30934466662772486	_5	2.6638797014988738	1.0	2	0.3333333333333333	2.0	2	False
	7	1.0	46.0	4	-0.03361270970768315	0.1782086212243561	_6	2.5800324142086017	1.0	2	0.3333333333333333	2.0	3	False
	8	1.0	45.0	4	-0.03361270970768315	0.1782086212243561	_7	2.5800324142086017	1.0	2	0.3333333333333333	2.0	3	False
	9	1.0	13.0	6	-0.03339640739756903	0.15822380410182468	_8	3.0406456004461173	1.0	4	0.3333333333333333	2.0	5	False
	10	1.0	32.0	12	-0.026837586890179916	0.11419188860867813	_9	2.6510181345529613	1.0	3	0.3333333333333333	2.0	8	False
	11	1.0	5.0	19	-0.02637087929557521	0.10415431228835281	_10	3.3538716407587703	1.0	7	0.3333333333333333	2.0	15	False
	12	1.0	27.0	23	-0.023869872845447743	0.09828478755691705	_11	2.7190338026477137	1.0	3	0.3333333333333333	2.0	16	False
	13	1.0	7.0	24	-0.02513673045173314	0.07637103595006778	_12	3.300947445894475	1.0	8	0.3333333333333333	2.0	18	False
	14	1.0	14.0	59	-0.014751801035613066	0.06856672883602499	_13	3.028610588904933	1.0	6	0.3333333333333333	2.0	42	False
	15	1.0	135.0	0		0.90580126203522	CTR_MGH.TCTATACCATGCGGTC	1.252675564508961	1.0	0	0.5	3.0	1	True
	16	1.0	134.0	0		0.90580126203522	CTR_MGH.CCGCAAGCAGCCTTCT	1.252675564508961	1.0	0	0.5	3.0	1	True
	17	1.0	48.0	0		0.6198108014797148	CTR_MGH.CCATAAGCACCAATTG	1.911278991894465	1.0	0	0.5	3.0	1	True
	18	1.0	49.0	0		0.6198108014797148	CTR_MGH.TGGGATTAGGCACAAC	1.911278991894465	1.0	0	0.5	3.0	1	True
	19	1.0	34.0	2	-0.03374979358497184	0.3137399823618434	_18	2.6422844482127203	1.0	2	0.5	3.0	2	False
	20	1.0	36.0	2	-0.03374979358497184	0.3137399823618434	_19	2.6422844482127203	1.0	2	0.5	3.0	2	False
	21	1.0	35.0	2	-0.03374979358497184	0.3137399823618434	_20	2.6422844482127203	1.0	2	0.5	3.0	2	False
	22	1.0	47.0	4	-0.03127228657949442	0.17893722269200119	_21	2.56806743710951	1.0	2	0.5	3.0	3	False
	23	1.0	15.0	8	-0.028004510394199243	0.12269696875216951	_22	2.9491685764559143	1.0	4	0.5	3.0	6	False
	24	1.0	17.0	10	-0.029155773148735326	0.12079752114251185	_23	2.8571908986879038	1.0	4	0.5	3.0	7	False
	25	1.0	79.0	0		0.8569795372218199	CTR_MGH.CCTCAACCAGAATGTA	1.5290768196936146	1.0	0	0.5	3.0	1	True
	26	1.0	80.0	0		0.8569795372218199	CTR_MGH.ATACCTTTCGTAACTG	1.5290768196936146	1.0	0	0.5	3.0	1	True
	27	1.0	102.0	0		0.7327167497378024	CTR_MGH.TCACATTAGGCATTTC	1.4484595642178277	1.0	0	0.5	3.0	1	True
	28	1.0	62.0	2	-0.03374979358497184	0.3721846054335769	_27	2.3965038414913	1.0	2	0.5	3.0	2	False
	29	1.0	103.0	0		0.7327167497378024	CTR_MGH.TCCTTTCCAGCTGCCA	1.4484595642178277	1.0	0	0.5	3.0	1	True
	30	1.0	63.0	2	-0.03374979358497184	0.3721846054335769	_29	2.3965038414913	1.0	2	0.5	3.0	2	False
	31	1.0	51.0	0		0.7096717465391413	CTR_MGH.ATGAAAGTCGTTCCCA	1.896917682337122	1.0	0	0.5	3.0	1	True
	32	1.0	50.0	0		0.7096717465391413	CTR_MGH.CACGTGGTCAGACAAA	1.896917682337122	1.0	0	0.5	3.0	1	True
	33	1.0	52.0	0		0.7096717465391413	CTR_MGH.CATAAGCGTGAGGATC	1.896917682337122	1.0	0	0.5	3.0	1	True
	34	1.0	37.0	2	-0.03374979358497184	0.33894915696354033	_33	2.6318180524928865	1.0	2	0.5	3.0	2	False
	35	1.0	82.0	0		0.6710259508413379	CTR_MGH.GATGACTGTCTGTGAT	1.5184981636889963	1.0	0	0.5	3.0	1	True
	36	1.0	57.0	4	-0.03127228657949442	0.18341748823453852	_35	2.459008727474	1.0	2	0.5	3.0	3	False
	37	1.0	48.0	5	-0.02996709251624721	0.17302186954274656	_36	2.5607057572574554	1.0	2	0.5	3.0	4	False
	38	1.0	28.0	0		0.6567671282562451	CTR_MGH.CGAGTGCTCAACCCGG	2.1993738578697517	1.0	0	0.5	3.0	1	True
	39	1.0	29.0	0		0.6567671282562451	CTR_MGH.TCTCTGGCACCTTCCA	2.1993738578697517	1.0	0	0.5	3.0	1	True
	40	1.0	26.0	0		0.6567671282562451	CTR_MGH.CGTCCATGTGCAATGG	2.1993738578697517	1.0	0	0.5	3.0	1	True
	41	1.0	27.0	0		0.6567671282562451	CTR_MGH.ATTCATCCACCAATTG	2.1993738578697517	1.0	0	0.5	3.0	1	True
	42	1.0	21.0	2	-0.03374979358497184	0.3151543217633659	_41	2.7811043323395745	1.0	2	0.5	3.0	2	False
	43	1.0	31.0	4	-0.03127228657949442	0.1869576329521525	_42	2.6520305118954606	1.0	2	0.5	3.0	3	False
	44	1.0	2.0	6	-0.03137092451263996	0.1581832825411471	_43	3.6855937627863082	1.0	6	0.5	3.0	6	False
	45	1.0	56.0	2	-0.03374979358497184	0.33813802574804885	_44	2.4750211190285896	1.0	2	0.5	3.0	2	False
	46	1.0	55.0	2	-0.03374979358497184	0.33813802574804885	_45	2.4750211190285896	1.0	2	0.5	3.0	2	False
	47	1.0	33.0	16	-0.026963486871248367	0.12341310197289879	_46	2.646128913678311	1.0	2	0.5	3.0	12	False
	48	1.0	36.0	0		0.6316431075981557	CTR_MGH.TGTGAGTAGGCTAAAT	2.149066698925415	1.0	0	0.5	3.0	1	True
	49	1.0	37.0	0		0.6316431075981557	CTR_MGH.GCCTGTTAGACTAGAT	2.149066698925415	1.0	0	0.5	3.0	1	True
	50	1.0	35.0	0		0.6316431075981557	CTR_MGH.CACCGTTCATAGCACT	2.149066698925415	1.0	0	0.5	3.0	1	True
	51	1.0	26.0	2	-0.03374979358497184	0.30994826429963585	_50	2.7573244508639325	1.0	2	0.5	3.0	2	False
	52	1.0	24.0	2	-0.03374979358497184	0.30994826429963585	_51	2.7573244508639325	1.0	2	0.5	3.0	2	False
	53	1.0	25.0	2	-0.03374979358497184	0.30994826429963585	_52	2.7573244508639325	1.0	2	0.5	3.0	2	False
	54	1.0	16.0	5	-0.030460967211982534	0.17235778565247983	_53	2.8824183419086267	1.0	3	0.5	3.0	4	False
	55	1.0	4.0	5	-0.03187255703792587	0.18045331932218645	_54	3.521288485547282	1.0	5	0.5	3.0	5	False
	56	1.0	39.0	2	-0.03374979358497184	0.3161803236398226	_55	2.6298788866185356	1.0	2	0.5	3.0	2	False
	57	1.0	40.0	2	-0.03374979358497184	0.3161803236398226	_56	2.6298788866185356	1.0	2	0.5	3.0	2	False
	58	1.0	38.0	2	-0.03374979358497184	0.3161803236398226	_57	2.6298788866185356	1.0	2	0.5	3.0	2	False
	59	1.0	19.0	13	-0.027785990134980496	0.09770518979291865	_58	2.8480460321009025	1.0	4	0.5	3.0	9	False
	60	1.0	9.0	13	-0.03064499566295097	0.17181649096558083	_59	3.1103528889574488	1.0	5	0.5	3.0	11	False
	61	1.0	8.0	21	-0.02301147798144896	0.10608771421160412	_60	3.146704249594052	1.0	5	0.5	3.0	16	False
	62	1.0	85.0	0		0.8614472773405311	CTR_MGH.GCATCGGAGTCGTTAC	1.5079623162822071	1.0	0	0.6666666666666666	4.0	1	True
	63	1.0	84.0	0		0.8614472773405311	CTR_MGH.ACAACCACAAGTGACG	1.5079623162822071	1.0	0	0.6666666666666666	4.0	1	True
	64	1.0	88.0	0		0.8614472773405311	CTR_MGH.CTGATCCAGGCTCCCA	1.5079623162822071	1.0	0	0.6666666666666666	4.0	1	True
	65	1.0	83.0	0		0.8614472773405311	CTR_MGH.GCCTGTTCATGAAGCG	1.5079623162822071	1.0	0	0.6666666666666666	4.0	1	True
	66	1.0	87.0	0		0.8614472773405311	CTR_MGH.TGCAGATTCCCAGTGG	1.5079623162822071	1.0	0	0.6666666666666666	4.0	1	True
	67	1.0	86.0	0		0.8614472773405311	CTR_MGH.CGACAGCTCGTCCATC	1.5079623162822071	1.0	0	0.6666666666666666	4.0	1	True
	68	1.0	104.0	0		0.7335113394555743	CTR_MGH.GTCTAGAAGAGAATCT	1.4367471540515633	1.0	0	0.6666666666666666	4.0	1	True
	69	1.0	64.0	2	-0.03223187372051524	0.3733428994268335	_68	2.3900108824003814	1.0	2	0.6666666666666666	4.0	2	False
	70	1.0	53.0	0		0.6771410745245015	CTR_MGH.GCATGATGTCTGATAC	1.8087664853378127	1.0	0	0.6666666666666666	4.0	1	True
	71	1.0	54.0	0		0.6771410745245015	CTR_MGH.CAACGGCGTCCAGTTA	1.8087664853378127	1.0	0	0.6666666666666666	4.0	1	True
	72	1.0	43.0	2	-0.03223187372051524	0.3334732350663492	_71	2.5889572186022547	1.0	2	0.6666666666666666	4.0	2	False
	73	1.0	44.0	2	-0.03223187372051524	0.3334732350663492	_72	2.5889572186022547	1.0	2	0.6666666666666666	4.0	2	False
	74	1.0	57.0	0		0.6759741950653924	CTR_MGH.AACGTCAGTGTCCAAT	1.7194390534118233	1.0	0	0.6666666666666666	4.0	1	True
	75	1.0	58.0	0		0.6759741950653924	CTR_MGH.GTTGTAGTCGCTATTT	1.7194390534118233	1.0	0	0.6666666666666666	4.0	1	True
	76	1.0	51.0	2	-0.03223187372051524	0.3372216632289655	_75	2.543645191805226	1.0	2	0.6666666666666666	4.0	2	False
	77	1.0	54.0	4	-0.0337386096887516	0.18346511789458297	_76	2.5150570075780943	1.0	2	0.6666666666666666	4.0	3	False
	78	1.0	130.0	0		0.9205118345959491	CTR_MGH.AGGGAGTAGGATGAGA	1.2670452275554946	1.0	0	0.6666666666666666	4.0	1	True
	79	1.0	129.0	0		0.9205118345959491	CTR_MGH.TTCACCGTCTTTGCTA	1.2670452275554946	1.0	0	0.6666666666666666	4.0	1	True
	80	1.0	131.0	0		0.9205118345959491	CTR_MGH.CTATCCGGTAGTGGCA	1.2670452275554946	1.0	0	0.6666666666666666	4.0	1	True
	81	1.0	128.0	0		0.9205118345959491	CTR_MGH.TTTCGATTCGGAGCAA	1.2670452275554946	1.0	0	0.6666666666666666	4.0	1	True
	82	1.0	90.0	0		0.8855719244599936	CTR_MGH.AGAGCAGTCAAGAATG	1.4974966314367073	1.0	0	0.6666666666666666	4.0	1	True
	83	1.0	89.0	0		0.8855719244599936	CTR_MGH.GGAAGTGTCTTCCACG	1.4974966314367073	1.0	0	0.6666666666666666	4.0	1	True
	84	1.0	119.0	0		0.7386874604238274	CTR_MGH.TTTAGTCCATGTGGTT	1.3298915014038686	1.0	0	0.6666666666666666	4.0	1	True
	85	1.0	67.0	2	-0.03223187372051524	0.38380583756147946	_84	2.32997702543411	1.0	2	0.6666666666666666	4.0	2	False
	86	1.0	105.0	0		0.7278829594616827	CTR_MGH.TTGCGTCAGGTTACAA	1.4295960116295405	1.0	0	0.6666666666666666	4.0	1	True
	87	1.0	23.0	3	-0.030926679657268027	0.3007904097427687	_86	2.7740918360445663	1.0	3	0.6666666666666666	4.0	3	False
	88	1.0	65.0	0		0.8607932851319	CTR_MGH.CGTAATGTCATTACGG	1.64320073816417	1.0	0	0.6666666666666666	4.0	1	True
	89	1.0	64.0	0		0.8607932851319	CTR_MGH.CGCATGGCAAGCCTGC	1.64320073816417	1.0	0	0.6666666666666666	4.0	1	True
	90	1.0	81.0	0		0.7403674918047827	CTR_MGH.TGCTCGTGTGCGGATA	1.518734603273348	1.0	0	0.6666666666666666	4.0	1	True
	91	1.0	59.0	2	-0.03223187372051524	0.369454766465771	_90	2.434307837570406	1.0	2	0.6666666666666666	4.0	2	False
	92	1.0	9.0	0		0.7028647710140499	CTR_MGH.CTCATGCTCATTGCCC	2.5143303486838655	1.0	0	0.6666666666666666	4.0	1	True
	93	1.0	11.0	0		0.7028647710140499	CTR_MGH.GGAGATGAGCTGGTGA	2.5143303486838655	1.0	0	0.6666666666666666	4.0	1	True
	94	1.0	10.0	0		0.7028647710140499	CTR_MGH.TGGCGTGAGAAACTAC	2.5143303486838655	1.0	0	0.6666666666666666	4.0	1	True
	95	1.0	13.0	0		0.7028647710140499	CTR_MGH.CAAAGAATCGGTGCAC	2.5143303486838655	1.0	0	0.6666666666666666	4.0	1	True
	96	1.0	14.0	0		0.7028647710140499	CTR_MGH.TCAGGTAAGTCAGGGT	2.5143303486838655	1.0	0	0.6666666666666666	4.0	1	True
	97	1.0	12.0	0		0.7028647710140499	CTR_MGH.GGTGATTAGGATTTGA	2.5143303486838655	1.0	0	0.6666666666666666	4.0	1	True
	98	1.0	117.0	0		0.8868888492934064	CTR_MGH.TAACACGTCACGACTA	1.344235920338639	1.0	0	0.6666666666666666	4.0	1	True
	99	1.0	116.0	0		0.8868888492934064	CTR_MGH.ACAAGCTAGGTTCATC	1.344235920338639	1.0	0	0.6666666666666666	4.0	1	True
	100	1.0	118.0	0		0.8868888492934064	CTR_MGH.TTCTCTCTCCCTGTTG	1.344235920338639	1.0	0	0.6666666666666666	4.0	1	True
	101	1.0	115.0	0		0.8868888492934064	CTR_MGH.AGAGCAGTCATGCGGC	1.344235920338639	1.0	0	0.6666666666666666	4.0	1	True
	102	1.0	58.0	2	-0.03223187372051524	0.3498534468704957	_101	2.435539343093113	1.0	2	0.6666666666666666	4.0	2	False
	103	1.0	6.0	12	-0.028745577276001313	0.1146417737001606	_102	3.3486271110992263	1.0	7	0.6666666666666666	4.0	10	False
	104	1.0	71.0	0		0.8562343315212262	CTR_MGH.GGTGTTATCCGCAACG	1.6201217689107408	1.0	0	0.6666666666666666	4.0	1	True
	105	1.0	76.0	0		0.8562343315212262	CTR_MGH.AACCATGGTACGCGTC	1.6201217689107408	1.0	0	0.6666666666666666	4.0	1	True
	106	1.0	73.0	0		0.8562343315212262	CTR_MGH.GCCGATGGTAGCGCCT	1.6201217689107408	1.0	0	0.6666666666666666	4.0	1	True
	107	1.0	75.0	0		0.8562343315212262	CTR_MGH.TCAATCTCATCCGTGG	1.6201217689107408	1.0	0	0.6666666666666666	4.0	1	True
	108	1.0	74.0	0		0.8562343315212262	CTR_MGH.TTCAGGAAGCGCTGAA	1.6201217689107408	1.0	0	0.6666666666666666	4.0	1	True
	109	1.0	72.0	0		0.8562343315212262	CTR_MGH.GAACGTTTCACCTTGC	1.6201217689107408	1.0	0	0.6666666666666666	4.0	1	True
	110	1.0	56.0	0		0.7244173179841029	CTR_MGH.ATGCCTCTCAACGTGT	1.7433306421523933	1.0	0	0.6666666666666666	4.0	1	True
	111	1.0	55.0	0		0.7244173179841029	CTR_MGH.TACCCACGTGCTAGCC	1.7433306421523933	1.0	0	0.6666666666666666	4.0	1	True
	112	1.0	49.0	2	-0.03223187372051524	0.35052445760879536	_111	2.5534218270255575	1.0	2	0.6666666666666666	4.0	2	False
	113	1.0	25.0	0		0.7250045959808142	CTR_MGH.AACAACCGTCGATTAC	2.358000461370288	1.0	0	0.6666666666666666	4.0	1	True
	114	1.0	24.0	0		0.7250045959808142	CTR_MGH.AGTAGTCGTTACCCAA	2.358000461370288	1.0	0	0.6666666666666666	4.0	1	True
	115	1.0	22.0	0		0.7250045959808142	CTR_MGH.TTCCTTCTCGGTTCAA	2.358000461370288	1.0	0	0.6666666666666666	4.0	1	True
	116	1.0	21.0	0		0.7250045959808142	CTR_MGH.CAGCGTGCAACCCGCA	2.358000461370288	1.0	0	0.6666666666666666	4.0	1	True
	117	1.0	23.0	0		0.7250045959808142	CTR_MGH.ATGTCTTAGATTGAGT	2.358000461370288	1.0	0	0.6666666666666666	4.0	1	True
	118	1.0	91.0	0		0.8639317656183292	CTR_MGH.GTTAGTGAGAGCAAGA	1.4958296183591182	1.0	0	0.6666666666666666	4.0	1	True
	119	1.0	95.0	0		0.8639317656183292	CTR_MGH.ACGTACATCTGGGTCG	1.4958296183591182	1.0	0	0.6666666666666666	4.0	1	True
	120	1.0	92.0	0		0.8639317656183292	CTR_MGH.CAGATCACACACCAGC	1.4958296183591182	1.0	0	0.6666666666666666	4.0	1	True
	121	1.0	94.0	0		0.8639317656183292	CTR_MGH.TGGAACTAGTAGTCAA	1.4958296183591182	1.0	0	0.6666666666666666	4.0	1	True
	122	1.0	96.0	0		0.8639317656183292	CTR_MGH.AGCGCCAGTTCTCAGA	1.4958296183591182	1.0	0	0.6666666666666666	4.0	1	True
	123	1.0	93.0	0		0.8639317656183292	CTR_MGH.TAACACGTCGCCTCTA	1.4958296183591182	1.0	0	0.6666666666666666	4.0	1	True
	124	1.0	60.0	0		0.6542606680103735	CTR_MGH.AAGGAATGTCGCTTGG	1.7108292239907255	1.0	0	0.6666666666666666	4.0	1	True
	125	1.0	53.0	2	-0.03223187372051524	0.3313506538472657	_124	2.540320092387806	1.0	2	0.6666666666666666	4.0	2	False
	126	1.0	52.0	2	-0.03223187372051524	0.3313506538472657	_125	2.540320092387806	1.0	2	0.6666666666666666	4.0	2	False
	127	1.0	42.0	5	-0.0337386096887516	0.1726131199555372	_126	2.6118374368857347	1.0	2	0.6666666666666666	4.0	4	False
	128	1.0	42.0	0		0.7213678478245842	CTR_MGH.AGATAGAAGAGCATAT	1.9640605224796315	1.0	0	0.6666666666666666	4.0	1	True
	129	1.0	41.0	0		0.7213678478245842	CTR_MGH.GTTTGGATCCGTCAAA	1.9640605224796315	1.0	0	0.6666666666666666	4.0	1	True
	130	1.0	43.0	0		0.7213678478245842	CTR_MGH.GTTACAGCACAAGCCC	1.9640605224796315	1.0	0	0.6666666666666666	4.0	1	True
	131	1.0	40.0	0		0.7213678478245842	CTR_MGH.GCAGGCTTCATGTCAG	1.9640605224796315	1.0	0	0.6666666666666666	4.0	1	True
	132	1.0	18.0	8	-0.0337386096887516	0.1856746440492234	_131	2.855000755348364	1.0	2	0.6666666666666666	4.0	7	False
	133	1.0	39.0	0		0.6600752586278951	CTR_MGH.CATTCTATCCTAGCGG	2.000120139805207	1.0	0	0.6666666666666666	4.0	1	True
	134	1.0	38.0	0		0.6600752586278951	CTR_MGH.ACTGTCCCAGTTGGTT	2.000120139805207	1.0	0	0.6666666666666666	4.0	1	True
	135	1.0	29.0	2	-0.03223187372051524	0.32138667276161037	_134	2.6846055950335046	1.0	2	0.6666666666666666	4.0	2	False
	136	1.0	41.0	6	-0.03552070009350454	0.13198105518744008	_135	2.628891629971811	1.0	2	0.6666666666666666	4.0	4	False
	137	1.0	1.0	8	-0.02618111454060478	0.12549861494366432	_136	3.8611599445584774	1.0	8	0.6666666666666666	4.0	8	False
	138	1.0	133.0	0		0.9217036484257162	CTR_MGH.TGCTGAATCTTACGTT	1.2606717337152542	1.0	0	0.8333333333333334	5.0	1	True
	139	1.0	132.0	0		0.9217036484257162	CTR_MGH.AAAGAACTCGCCACTT	1.2606717337152542	1.0	0	0.8333333333333334	5.0	1	True
	140	1.0	98.0	0		0.8809541998007346	CTR_MGH.TTCTTGACAGTTTGGT	1.455702038994498	1.0	0	0.8333333333333334	5.0	1	True
	141	1.0	101.0	0		0.8809541998007346	CTR_MGH.TCACAAGTCGCCACTT	1.455702038994498	1.0	0	0.8333333333333334	5.0	1	True
	142	1.0	100.0	0		0.8809541998007346	CTR_MGH.TAGACCAAGAATACAC	1.455702038994498	1.0	0	0.8333333333333334	5.0	1	True
	143	1.0	99.0	0		0.8809541998007346	CTR_MGH.TGCAGATGTCAAAGTA	1.455702038994498	1.0	0	0.8333333333333334	5.0	1	True
	144	1.0	108.0	0		0.8851336637204701	CTR_MGH.CTCTCGAAGACCGCCT	1.4113842123626332	1.0	0	0.8333333333333334	5.0	1	True
	145	1.0	109.0	0		0.8851336637204701	CTR_MGH.CCTGTTGGTACGATGG	1.4113842123626332	1.0	0	0.8333333333333334	5.0	1	True
	146	1.0	114.0	0		0.7382742465786778	CTR_MGH.GATGTTGTCAGGAACG	1.3848118282366724	1.0	0	0.8333333333333334	5.0	1	True
	147	1.0	66.0	2	-0.03552070009350454	0.3790745654870262	_146	2.3608867824109336	1.0	2	0.8333333333333334	5.0	2	False
	148	1.0	138.0	0		0.9324760226049662	CTR_MGH.CCACGAGTCAGCTGAT	1.20171617610804	1.0	0	0.8333333333333334	5.0	1	True
	149	1.0	139.0	0		0.9324760226049662	CTR_MGH.TACAACGTCGTCTAAG	1.20171617610804	1.0	0	0.8333333333333334	5.0	1	True
	150	1.0	69.0	0		0.8474218918581542	CTR_MGH.GGGTTATTCTTAGCCC	1.636552555960898	1.0	0	0.8333333333333334	5.0	1	True
	151	1.0	68.0	0		0.8474218918581542	CTR_MGH.TTAGGGTTCTTACGGA	1.636552555960898	1.0	0	0.8333333333333334	5.0	1	True
	152	1.0	70.0	0		0.8474218918581542	CTR_MGH.CCGGTGAGTAAGTCAA	1.636552555960898	1.0	0	0.8333333333333334	5.0	1	True
	153	1.0	122.0	0		0.9174107746326283	CTR_MGH.ACGGAAGAGTGATGGC	1.304108228717461	1.0	0	0.8333333333333334	5.0	1	True
	154	1.0	123.0	0		0.9174107746326283	CTR_MGH.TGACAGTCAACAAGTA	1.304108228717461	1.0	0	0.8333333333333334	5.0	1	True
	155	1.0	121.0	0		0.8985956637624413	CTR_MGH.TGCTTGCCATACCATG	1.3054706183312723	1.0	0	0.8333333333333334	5.0	1	True
	156	1.0	120.0	0		0.8985956637624413	CTR_MGH.CCTCAGTAGGTGCTAG	1.3054706183312723	1.0	0	0.8333333333333334	5.0	1	True
	157	1.0	32.0	0		0.6664874116373278	CTR_MGH.CACACAACATCTATCT	2.1941783538583652	1.0	0	0.8333333333333334	5.0	1	True
	158	1.0	33.0	0		0.6664874116373278	CTR_MGH.AGGCATTAGGCAATGC	2.1941783538583652	1.0	0	0.8333333333333334	5.0	1	True
	159	1.0	30.0	0		0.6664874116373278	CTR_MGH.GTGGAAGCACAGCGCT	2.1941783538583652	1.0	0	0.8333333333333334	5.0	1	True
	160	1.0	31.0	0		0.6664874116373278	CTR_MGH.TTACTGTCAGGACTTT	2.1941783538583652	1.0	0	0.8333333333333334	5.0	1	True
	161	1.0	34.0	0		0.6664874116373278	CTR_MGH.TGTGTGACAGTCGGAA	2.1941783538583652	1.0	0	0.8333333333333334	5.0	1	True
	162	1.0	22.0	2	-0.03552070009350454	0.31778676734120737	_161	2.778422512339815	1.0	2	0.8333333333333334	5.0	2	False
	163	1.0	10.0	3	-0.03552070009350454	0.2586903666649789	_162	3.101993121801997	1.0	3	0.8333333333333334	5.0	3	False
	164	1.0	107.0	0		0.8977103832909856	CTR_MGH.TTTACGTAGGAGATAG	1.4208213645895453	1.0	0	0.8333333333333334	5.0	1	True
	165	1.0	106.0	0		0.8977103832909856	CTR_MGH.AAGTGAACATGTGCTA	1.4208213645895453	1.0	0	0.8333333333333334	5.0	1	True
	166	1.0	110.0	0		0.8795730382429725	CTR_MGH.TCAAGACAGCACACCC	1.4081871496962755	1.0	0	0.8333333333333334	5.0	1	True
	167	1.0	111.0	0		0.8795730382429725	CTR_MGH.TGTTGAGGTTATTCTC	1.4081871496962755	1.0	0	0.8333333333333334	5.0	1	True
	168	1.0	112.0	0		0.8795730382429725	CTR_MGH.AGTAGCTAGTGACCTT	1.4081871496962755	1.0	0	0.8333333333333334	5.0	1	True
	169	1.0	113.0	0		0.8795730382429725	CTR_MGH.TGGAGGACACTGTCCT	1.4081871496962755	1.0	0	0.8333333333333334	5.0	1	True
	170	1.0	97.0	0		0.7270631722954222	CTR_MGH.ATCCATTTCACACCGG	1.479609949664248	1.0	0	0.8333333333333334	5.0	1	True
	171	1.0	20.0	3	-0.03552070009350454	0.29760767960347856	_170	2.79657043655275	1.0	3	0.8333333333333334	5.0	3	False
	172	1.0	59.0	0		0.73693537936109	CTR_MGH.TAACGACAGCACTCCG	1.7164899225438541	1.0	0	0.8333333333333334	5.0	1	True
	173	1.0	3.0	6	-0.03552070009350454	0.170199290257667	_172	3.563341186980936	1.0	6	0.8333333333333334	5.0	6	False
	174	1.0	78.0	0		0.8681128158092051	CTR_MGH.GAAACCTTCAGCCCAG	1.549161097621157	1.0	0	0.8333333333333334	5.0	1	True
	175	1.0	77.0	0		0.8681128158092051	CTR_MGH.GGGTCTGAGTCTAGCT	1.549161097621157	1.0	0	0.8333333333333334	5.0	1	True
	176	1.0	60.0	2	-0.03552070009350454	0.3538341655366999	_175	2.4258141583539947	1.0	2	0.8333333333333334	5.0	2	False
	177	1.0	61.0	2	-0.03552070009350454	0.3538341655366999	_176	2.4258141583539947	1.0	2	0.8333333333333334	5.0	2	False
	178	1.0	5.0	0		0.6718548920490468	CTR_MGH.GCCCAGACAACGGGTA	2.6804735794684893	1.0	0	0.8333333333333334	5.0	1	True
	179	1.0	4.0	0		0.6718548920490468	CTR_MGH.CGTGATAAGCTCGAAG	2.6804735794684893	1.0	0	0.8333333333333334	5.0	1	True
	180	1.0	7.0	0		0.6718548920490468	CTR_MGH.GTTTGGAAGCACTCCG	2.6804735794684893	1.0	0	0.8333333333333334	5.0	1	True
	181	1.0	1.0	0		0.6718548920490468	CTR_MGH.CTCAATTAGCGTTCAT	2.6804735794684893	1.0	0	0.8333333333333334	5.0	1	True
	182	1.0	6.0	0		0.6718548920490468	CTR_MGH.AGCTACAAGGTGGTTG	2.6804735794684893	1.0	0	0.8333333333333334	5.0	1	True
	183	1.0	8.0	0		0.6718548920490468	CTR_MGH.AGGATAAGTAGTAAGT	2.6804735794684893	1.0	0	0.8333333333333334	5.0	1	True
	184	1.0	3.0	0		0.6718548920490468	CTR_MGH.TTTAGTCGTCGGCCTA	2.6804735794684893	1.0	0	0.8333333333333334	5.0	1	True
	185	1.0	2.0	0		0.6718548920490468	CTR_MGH.TCTGCCAAGACGCCAA	2.6804735794684893	1.0	0	0.8333333333333334	5.0	1	True
	186	1.0	137.0	0		0.9275617949996564	CTR_MGH.TCCACCATCTGTGTGA	1.2320722070539278	1.0	0	1.0	6.0	1	True
	187	1.0	136.0	0		0.9275617949996564	CTR_MGH.TGTAGACTCTCATTAC	1.2320722070539278	1.0	0	1.0	6.0	1	True
	188	1.0	67.0	0		0.8633244427246054	CTR_MGH.CATCCGTAGCCGGAAT	1.6405627632638202	1.0	0	1.0	6.0	1	True
	189	1.0	66.0	0		0.8633244427246054	CTR_MGH.AACGGGAGTATCGAGG	1.6405627632638202	1.0	0	1.0	6.0	1	True
	190	1.0	45.0	0		0.8029477746389708	CTR_MGH.CAGTTAGAGTTCCGGC	1.9548272016717754	1.0	0	1.0	6.0	1	True
	191	1.0	46.0	0		0.8029477746389708	CTR_MGH.TCTATACTCAGGTGTT	1.9548272016717754	1.0	0	1.0	6.0	1	True
	192	1.0	44.0	0		0.8029477746389708	CTR_MGH.CCAATTTTCGCTGTTC	1.9548272016717754	1.0	0	1.0	6.0	1	True
	193	1.0	63.0	0		0.8440828419327207	CTR_MGH.TTGCATTCAAACGGCA	1.6584538129575255	1.0	0	1.0	6.0	1	True
	194	1.0	61.0	0		0.8440828419327207	CTR_MGH.TGAATGCCACGTGAGA	1.6584538129575255	1.0	0	1.0	6.0	1	True
	195	1.0	62.0	0		0.8440828419327207	CTR_MGH.AGTCATGAGCGAATGC	1.6584538129575255	1.0	0	1.0	6.0	1	True
	196	1.0	20.0	0		0.71521946883162	CTR_MGH.GGTTGTACACAATGTC	2.3981851986483758	1.0	0	1.0	6.0	1	True
	197	1.0	19.0	0		0.71521946883162	CTR_MGH.CAATTTCTCGCGTTTC	2.3981851986483758	1.0	0	1.0	6.0	1	True
	198	1.0	16.0	0		0.71521946883162	CTR_MGH.ACGTCCTAGGAGAGGC	2.3981851986483758	1.0	0	1.0	6.0	1	True
	199	1.0	15.0	0		0.71521946883162	CTR_MGH.CATAAGCCAATGCTCA	2.3981851986483758	1.0	0	1.0	6.0	1	True
	200	1.0	18.0	0		0.71521946883162	CTR_MGH.CCTTTGGCACGGTAGA	2.3981851986483758	1.0	0	1.0	6.0	1	True
	201	1.0	17.0	0		0.71521946883162	CTR_MGH.CGGGACTCATGGGCAA	2.3981851986483758	1.0	0	1.0	6.0	1	True
	202	1.0	124.0	0		0.9025395998741677	CTR_MGH.CCCTCAACAGGACTTT	1.2959117200932966	1.0	0	1.0	6.0	1	True
	203	1.0	126.0	0		0.9025395998741677	CTR_MGH.GGAGGATTCTGGTGGC	1.2959117200932966	1.0	0	1.0	6.0	1	True
	204	1.0	125.0	0		0.9025395998741677	CTR_MGH.CTTTCAACAGAATCGG	1.2959117200932966	1.0	0	1.0	6.0	1	True
	205	1.0	127.0	0		0.9025395998741677	CTR_MGH.TTTACCAGTCGCATCG	1.2959117200932966	1.0	0	1.0	6.0	1	True
