name_tree	id_node	dist	rank	num_descendants	expansion_score	var_fitness	name	mean_fitness	support	num_children	depth_normalized	depth	num_leaf_descendants	is_leaf
	0	0.0		59					1.0	2	0.0	0.0	38	False
	1	1.0	17.0	23	-0.009570623133595345	0.10742415712242703	_0	2.402922043350761	1.0	2	0.16666666666666666	1.0	14	False
	2	1.0	10.0	34	-0.005511411931194965	0.0842820789315839	_1	2.538694426335939	1.0	3	0.16666666666666666	1.0	24	False
	3	1.0	18.0	4	-0.02011417290041062	0.18552608685230965	_2	2.3907334085449565	1.0	2	0.3333333333333333	2.0	3	False
	4	1.0	8.0	17	-0.010667294151904842	0.08788982360113629	_3	2.6535645961418237	1.0	3	0.3333333333333333	2.0	11	False
	5	1.0	16.0	4	-0.02011417290041062	0.18159306589870283	_4	2.4285940627004754	1.0	2	0.3333333333333333	2.0	3	False
	6	1.0	7.0	10	-0.015502639010153396	0.11506256675093951	_5	2.6756564748498803	1.0	3	0.3333333333333333	2.0	7	False
	7	1.0	15.0	17	-0.010071790544223904	0.16304793279865404	_6	2.4487523620664806	1.0	2	0.3333333333333333	2.0	14	False
	8	1.0	30.0	0		0.7412396002440078	CTR_MGH.CTGTATTCATGTGACT	1.2628948469755483	1.0	0	0.5	3.0	1	True
	9	1.0	22.0	2	-0.020251256777699313	0.39062232718553513	_8	2.2915030315032734	1.0	2	0.5	3.0	2	False
	10	1.0	5.0	3	-0.019548459974412354	0.27714684791654776	_9	2.8182096291016094	1.0	3	0.5	3.0	3	False
	11	1.0	14.0	4	-0.017773749772221903	0.180983993332835	_10	2.4598612046555086	1.0	2	0.5	3.0	3	False
	12	1.0	6.0	7	-0.015317292954438604	0.12335937617291126	_11	2.707819794804731	1.0	3	0.5	3.0	5	False
	13	1.0	29.0	0		0.7371745022352509	CTR_MGH.CCGATCTGTGGCGTAA	1.3000802766268382	1.0	0	0.5	3.0	1	True
	14	1.0	21.0	2	-0.020251256777699313	0.3858213925972258	_13	2.3131474593420096	1.0	2	0.5	3.0	2	False
	15	1.0	21.0	0		0.6717572277946422	CTR_MGH.CGTCAAACAGTGGGTA	1.5425675985686786	1.0	0	0.5	3.0	1	True
	16	1.0	13.0	4	-0.017773749772221903	0.18335435751727225	_15	2.46568604181276	1.0	2	0.5	3.0	3	False
	17	1.0	4.0	3	-0.019548459974412354	0.28171290591686926	_16	2.826595621233449	1.0	3	0.5	3.0	3	False
	18	1.0	28.0	0		0.7189655486908666	CTR_MGH.GATTTCTTCGACGATT	1.3199783541309755	1.0	0	0.5	3.0	1	True
	19	1.0	2.0	15	-0.010208874421512594	0.17075494266524593	_18	3.066425029390759	1.0	4	0.5	3.0	13	False
	20	1.0	38.0	0		0.9394729083335085	CTR_MGH.GTGAGCCCACACCTAA	1.1639065017645522	1.0	0	0.6666666666666666	4.0	1	True
	21	1.0	37.0	0		0.9394729083335085	CTR_MGH.GCCGATGGTCATCACA	1.1639065017645522	1.0	0	0.6666666666666666	4.0	1	True
	22	1.0	19.0	0		0.8243810440716977	CTR_MGH.TTTGGTTCAGTATGAA	1.6797201309310699	1.0	0	0.6666666666666666	4.0	1	True
	23	1.0	17.0	0		0.8243810440716977	CTR_MGH.CACACAAAGGAAGAAC	1.6797201309310699	1.0	0	0.6666666666666666	4.0	1	True
	24	1.0	18.0	0		0.8243810440716977	CTR_MGH.CACGTGGAGCCGAACA	1.6797201309310699	1.0	0	0.6666666666666666	4.0	1	True
	25	1.0	27.0	0		0.7363499025326667	CTR_MGH.CCGGTAGCAATTGCAC	1.3307492901776825	1.0	0	0.6666666666666666	4.0	1	True
	26	1.0	20.0	2	-0.018733336913242717	0.3828965672099711	_25	2.3306368476770896	1.0	2	0.6666666666666666	4.0	2	False
	27	1.0	20.0	0		0.6795028552802065	CTR_MGH.GACGTTACAGACAAGC	1.573888736997865	1.0	0	0.6666666666666666	4.0	1	True
	28	1.0	12.0	2	-0.018733336913242717	0.3463576223109657	_27	2.4675839624161426	1.0	2	0.6666666666666666	4.0	2	False
	29	1.0	11.0	2	-0.018733336913242717	0.3463576223109657	_28	2.4675839624161426	1.0	2	0.6666666666666666	4.0	2	False
	30	1.0	36.0	0		0.9346092655440483	CTR_MGH.GTTTGGACAACACAGG	1.1851861507872319	1.0	0	0.6666666666666666	4.0	1	True
	31	1.0	35.0	0		0.9346092655440483	CTR_MGH.TAGATCGCAAACGGCA	1.1851861507872319	1.0	0	0.6666666666666666	4.0	1	True
	32	1.0	26.0	0		0.7385751503260052	CTR_MGH.GTAGGAGGTGAGATAT	1.3364383399874118	1.0	0	0.6666666666666666	4.0	1	True
	33	1.0	19.0	2	-0.018733336913242717	0.3832146249455306	_32	2.3336880120953336	1.0	2	0.6666666666666666	4.0	2	False
	34	1.0	14.0	0		0.8285924010194821	CTR_MGH.TTTATGCAGAAACACT	1.6878207679702404	1.0	0	0.6666666666666666	4.0	1	True
	35	1.0	16.0	0		0.8285924010194821	CTR_MGH.TCTTTGATCCAATGCA	1.6878207679702404	1.0	0	0.6666666666666666	4.0	1	True
	36	1.0	15.0	0		0.8285924010194821	CTR_MGH.TCAAGCACAAGGCGTA	1.6878207679702404	1.0	0	0.6666666666666666	4.0	1	True
	37	1.0	10.0	0		0.7208719273412036	CTR_MGH.GAGATGGTCCTGTTAT	1.9216465347858336	1.0	0	0.6666666666666666	4.0	1	True
	38	1.0	9.0	0		0.7208719273412036	CTR_MGH.GTCCTCAGTCTCTCTG	1.9216465347858336	1.0	0	0.6666666666666666	4.0	1	True
	39	1.0	11.0	0		0.7208719273412036	CTR_MGH.CCTCCAAGTTGACTGT	1.9216465347858336	1.0	0	0.6666666666666666	4.0	1	True
	40	1.0	1.0	11	-0.012682577733332256	0.1149847710988734	_39	3.7444683999974497	1.0	9	0.6666666666666666	4.0	10	False
	41	1.0	33.0	0		0.9315946097375181	CTR_MGH.TTTACGTTCCTTTAGT	1.2023699846667506	1.0	0	0.8333333333333334	5.0	1	True
	42	1.0	34.0	0		0.9315946097375181	CTR_MGH.TAGGTACTCCGTGTAA	1.2023699846667506	1.0	0	0.8333333333333334	5.0	1	True
	43	1.0	24.0	0		0.8948598656349731	CTR_MGH.CCTCAACTCTCAAAGC	1.3368859109124465	1.0	0	0.8333333333333334	5.0	1	True
	44	1.0	22.0	0		0.8948598656349731	CTR_MGH.CATGCGGCATTGAGCT	1.3368859109124465	1.0	0	0.8333333333333334	5.0	1	True
	45	1.0	25.0	0		0.8948598656349731	CTR_MGH.TCATTGTTCAGACAAA	1.3368859109124465	1.0	0	0.8333333333333334	5.0	1	True
	46	1.0	23.0	0		0.8948598656349731	CTR_MGH.CTATAGGAGGCGACAT	1.3368859109124465	1.0	0	0.8333333333333334	5.0	1	True
	47	1.0	32.0	0		0.9318643495019712	CTR_MGH.AGGATCTGTTTGGAAA	1.2053616163203005	1.0	0	0.8333333333333334	5.0	1	True
	48	1.0	31.0	0		0.9318643495019712	CTR_MGH.CGGACACTCGAGCTGC	1.2053616163203005	1.0	0	0.8333333333333334	5.0	1	True
	49	1.0	7.0	0		0.6634810087339806	CTR_MGH.TTGCGTCCATGTGTCA	2.5707836780760918	1.0	0	0.8333333333333334	5.0	1	True
	50	1.0	5.0	0		0.6634810087339806	CTR_MGH.ATGCATGAGACATACA	2.5707836780760918	1.0	0	0.8333333333333334	5.0	1	True
	51	1.0	8.0	0		0.6634810087339806	CTR_MGH.CACGGGTTCAAACGTC	2.5707836780760918	1.0	0	0.8333333333333334	5.0	1	True
	52	1.0	1.0	0		0.6634810087339806	CTR_MGH.GTTGTCCGTCTGTGGC	2.5707836780760918	1.0	0	0.8333333333333334	5.0	1	True
	53	1.0	4.0	0		0.6634810087339806	CTR_MGH.GCCCAGAGTGGCGTAA	2.5707836780760918	1.0	0	0.8333333333333334	5.0	1	True
	54	1.0	6.0	0		0.6634810087339806	CTR_MGH.CAACCAAAGGCCCAAA	2.5707836780760918	1.0	0	0.8333333333333334	5.0	1	True
	55	1.0	2.0	0		0.6634810087339806	CTR_MGH.ATTCACTTCTGTAACG	2.5707836780760918	1.0	0	0.8333333333333334	5.0	1	True
	56	1.0	3.0	0		0.6634810087339806	CTR_MGH.AGACCATAGTTGCCCG	2.5707836780760918	1.0	0	0.8333333333333334	5.0	1	True
	57	1.0	3.0	2	-0.02202216328623201	0.31172405236245737	_56	2.958711776634496	1.0	2	0.8333333333333334	5.0	2	False
	58	1.0	13.0	0		0.854726042542747	CTR_MGH.TCTACATAGAGAACCC	1.8156199768864487	1.0	0	1.0	6.0	1	True
	59	1.0	12.0	0		0.854726042542747	CTR_MGH.GGAATGGCAGCTGAAG	1.8156199768864487	1.0	0	1.0	6.0	1	True
