name_tree	id_node	dist	rank	num_descendants	expansion_score	var_fitness	name	mean_fitness	support	num_children	depth_normalized	depth	num_leaf_descendants	is_leaf
	0	0.0		90					1.0	38	0.0	0.0	74	False
	1	1.0	28.0	0		1.009393431181424	CTR_MGH.TTCTAGTGTTAGGCCC	0.6856006444662832	1.0	0	0.25	1.0	1	True
	2	1.0	21.0	0		1.009393431181424	CTR_MGH.CATCCGTAGGTGCCAA	0.6856006444662832	1.0	0	0.25	1.0	1	True
	3	1.0	27.0	0		1.009393431181424	CTR_MGH.AAGCGAGTCCCGAACG	0.6856006444662832	1.0	0	0.25	1.0	1	True
	4	1.0	24.0	0		1.009393431181424	CTR_MGH.TTTGATCCACAGTATC	0.6856006444662832	1.0	0	0.25	1.0	1	True
	5	1.0	14.0	0		1.009393431181424	CTR_MGH.AAACCCACAGAAGTGC	0.6856006444662832	1.0	0	0.25	1.0	1	True
	6	1.0	13.0	0		1.009393431181424	CTR_MGH.GTGGCGTGTTAAAGTG	0.6856006444662832	1.0	0	0.25	1.0	1	True
	7	1.0	10.0	0		1.009393431181424	CTR_MGH.TCGTGGGCAAGAGAGA	0.6856006444662832	1.0	0	0.25	1.0	1	True
	8	1.0	9.0	0		1.009393431181424	CTR_MGH.ACGTTCCCAGGGTTGA	0.6856006444662832	1.0	0	0.25	1.0	1	True
	9	1.0	20.0	0		1.009393431181424	CTR_MGH.TACCTGCCACATAGCT	0.6856006444662832	1.0	0	0.25	1.0	1	True
	10	1.0	2.0	0		1.009393431181424	CTR_MGH.CTATCCGGTAATGCTC	0.6856006444662832	1.0	0	0.25	1.0	1	True
	11	1.0	22.0	0		1.009393431181424	CTR_MGH.TCTCACGAGGTTCCGC	0.6856006444662832	1.0	0	0.25	1.0	1	True
	12	1.0	25.0	0		1.009393431181424	CTR_MGH.CACACAAGTACCGGCT	0.6856006444662832	1.0	0	0.25	1.0	1	True
	13	1.0	23.0	0		1.009393431181424	CTR_MGH.GCATGATTCGAAGCCC	0.6856006444662832	1.0	0	0.25	1.0	1	True
	14	1.0	8.0	0		1.009393431181424	CTR_MGH.TACTTGTAGGTCGACA	0.6856006444662832	1.0	0	0.25	1.0	1	True
	15	1.0	17.0	0		1.009393431181424	CTR_MGH.CTGCTCACAACACAGG	0.6856006444662832	1.0	0	0.25	1.0	1	True
	16	1.0	1.0	0		1.009393431181424	CTR_MGH.TCACACCAGAAAGTCT	0.6856006444662832	1.0	0	0.25	1.0	1	True
	17	1.0	15.0	0		1.009393431181424	CTR_MGH.TTCGGTCGTGCGAACA	0.6856006444662832	1.0	0	0.25	1.0	1	True
	18	1.0	11.0	0		1.009393431181424	CTR_MGH.CCGTGAGGTAGACGGT	0.6856006444662832	1.0	0	0.25	1.0	1	True
	19	1.0	18.0	0		1.009393431181424	CTR_MGH.TTAGTCTGTCATCAGT	0.6856006444662832	1.0	0	0.25	1.0	1	True
	20	1.0	19.0	0		1.009393431181424	CTR_MGH.TACCTGCCATAGCACT	0.6856006444662832	1.0	0	0.25	1.0	1	True
	21	1.0	5.0	0		1.009393431181424	CTR_MGH.GACTCAAAGGGCAGAG	0.6856006444662832	1.0	0	0.25	1.0	1	True
	22	1.0	26.0	0		1.009393431181424	CTR_MGH.GAAGCGATCCGATAAC	0.6856006444662832	1.0	0	0.25	1.0	1	True
	23	1.0	3.0	0		1.009393431181424	CTR_MGH.GTCATGACAGCTACAT	0.6856006444662832	1.0	0	0.25	1.0	1	True
	24	1.0	12.0	0		1.009393431181424	CTR_MGH.GTGTGATCATGAATCC	0.6856006444662832	1.0	0	0.25	1.0	1	True
	25	1.0	7.0	0		1.009393431181424	CTR_MGH.GTGACGCAGTGGCCTC	0.6856006444662832	1.0	0	0.25	1.0	1	True
	26	1.0	4.0	0		1.009393431181424	CTR_MGH.TAGAGTCTCTTCTGTA	0.6856006444662832	1.0	0	0.25	1.0	1	True
	27	1.0	6.0	0		1.009393431181424	CTR_MGH.TACGGGCCACCATTCC	0.6856006444662832	1.0	0	0.25	1.0	1	True
	28	1.0	16.0	0		1.009393431181424	CTR_MGH.CATTTCAGTCTGATCA	0.6856006444662832	1.0	0	0.25	1.0	1	True
	29	1.0	12.0	2	0.0014169084992837187	0.13996095541318265	_28	2.113836408970335	1.0	2	0.25	1.0	2	False
	30	1.0	10.0	2	0.0014169084992837187	0.13996095541318265	_29	2.113836408970335	1.0	2	0.25	1.0	2	False
	31	1.0	11.0	2	0.0014169084992837187	0.13996095541318265	_30	2.113836408970335	1.0	2	0.25	1.0	2	False
	32	1.0	6.0	3	0.0015173080426104314	0.09816106916996947	_31	2.3108554086297004	1.0	3	0.25	1.0	3	False
	33	1.0	17.0	4	0.004083858817333409	0.12050458656515772	_32	2.0895013832548153	1.0	2	0.25	1.0	3	False
	34	1.0	5.0	3	0.0015173080426104314	0.09816106916996947	_33	2.3108554086297004	1.0	3	0.25	1.0	3	False
	35	1.0	9.0	5	0.00419976158412082	0.09061139523924933	_34	2.2730164816929186	1.0	3	0.25	1.0	4	False
	36	1.0	3.0	4	0.00160586671603628	0.07685537019685817	_35	2.425093592035968	1.0	4	0.25	1.0	4	False
	37	1.0	15.0	9	0.005188253793927205	0.11972256792847613	_36	2.0930022264707344	1.0	2	0.25	1.0	7	False
	38	1.0	2.0	18	0.007771267566459561	0.02768766619716434	_37	2.6870058821065967	1.0	13	0.25	1.0	16	False
	39	1.0	62.0	0		1.0911430788055145	CTR_MGH.TCATACTCACCATATG	0.3453059997172828	1.0	0	0.5	2.0	1	True
	40	1.0	63.0	0		1.0911430788055145	CTR_MGH.GGTGTTATCAGTCTTT	0.3453059997172828	1.0	0	0.5	2.0	1	True
	41	1.0	66.0	0		1.0911430788055145	CTR_MGH.GTCACGGAGCGGTAGT	0.3453059997172828	1.0	0	0.5	2.0	1	True
	42	1.0	65.0	0		1.0911430788055145	CTR_MGH.GACACGCCAGGGAATC	0.3453059997172828	1.0	0	0.5	2.0	1	True
	43	1.0	61.0	0		1.0911430788055145	CTR_MGH.GTTCATTAGTTTGGCT	0.3453059997172828	1.0	0	0.5	2.0	1	True
	44	1.0	64.0	0		1.0911430788055145	CTR_MGH.CGAGAAGCATCTGGGC	0.3453059997172828	1.0	0	0.5	2.0	1	True
	45	1.0	52.0	0		1.060683100391194	CTR_MGH.GTGCAGCCAATAGTCC	0.4555056067963442	1.0	0	0.5	2.0	1	True
	46	1.0	51.0	0		1.060683100391194	CTR_MGH.AGTAGTCGTGAGCCAA	0.4555056067963442	1.0	0	0.5	2.0	1	True
	47	1.0	50.0	0		1.060683100391194	CTR_MGH.ACCACAAGTGGCCCAT	0.4555056067963442	1.0	0	0.5	2.0	1	True
	48	1.0	72.0	0		1.0865029949764948	CTR_MGH.GGCTTGGTCCACAGCG	0.3338617376750197	1.0	0	0.5	2.0	1	True
	49	1.0	16.0	2	0.00394677494004472	0.14255532153337036	_48	2.0922370349736976	1.0	2	0.5	2.0	2	False
	50	1.0	48.0	0		1.060683100391194	CTR_MGH.ACAGAAATCTATGCCC	0.4555056067963442	1.0	0	0.5	2.0	1	True
	51	1.0	47.0	0		1.060683100391194	CTR_MGH.TCAGCAACAATGCAGG	0.4555056067963442	1.0	0	0.5	2.0	1	True
	52	1.0	49.0	0		1.060683100391194	CTR_MGH.AAGACAACAGACCTAT	0.4555056067963442	1.0	0	0.5	2.0	1	True
	53	1.0	60.0	0		1.0613688844721338	CTR_MGH.CATCAAGGTGCTCCGA	0.43672057406947296	1.0	0	0.5	2.0	1	True
	54	1.0	59.0	0		1.0613688844721338	CTR_MGH.CCATAAGGTGCCTTCT	0.43672057406947296	1.0	0	0.5	2.0	1	True
	55	1.0	14.0	2	0.00394677494004472	0.14173989853660718	_54	2.0984232254126303	1.0	2	0.5	2.0	2	False
	56	1.0	41.0	0		1.0460857306510938	CTR_MGH.CAGTTCCCAGTAACGG	0.5150365093332602	1.0	0	0.5	2.0	1	True
	57	1.0	40.0	0		1.0460857306510938	CTR_MGH.TGTCAGAGTGACAACG	0.5150365093332602	1.0	0	0.5	2.0	1	True
	58	1.0	42.0	0		1.0460857306510938	CTR_MGH.ATTACCTTCACAGAGG	0.5150365093332602	1.0	0	0.5	2.0	1	True
	59	1.0	43.0	0		1.0460857306510938	CTR_MGH.AGGAAATGTGGTCAAG	0.5150365093332602	1.0	0	0.5	2.0	1	True
	60	1.0	71.0	0		1.085907123154262	CTR_MGH.CAGATTGAGCCGCACT	0.3359223490373813	1.0	0	0.5	2.0	1	True
	61	1.0	4.0	7	0.005051169916638519	0.0732291686268498	_60	2.380074488690247	1.0	4	0.5	2.0	6	False
	62	1.0	29.0	0		1.0182282333350114	CTR_MGH.TTTCATGCATCATCCC	0.6409648795279168	1.0	0	0.5	2.0	1	True
	63	1.0	35.0	0		1.0182282333350114	CTR_MGH.CGAAGGATCAAACTGC	0.6409648795279168	1.0	0	0.5	2.0	1	True
	64	1.0	33.0	0		1.0182282333350114	CTR_MGH.AAAGGTAAGATACAGT	0.6409648795279168	1.0	0	0.5	2.0	1	True
	65	1.0	39.0	0		1.0182282333350114	CTR_MGH.AATCGTGAGCTGTACT	0.6409648795279168	1.0	0	0.5	2.0	1	True
	66	1.0	31.0	0		1.0182282333350114	CTR_MGH.GCTGGGTAGGTGCATG	0.6409648795279168	1.0	0	0.5	2.0	1	True
	67	1.0	37.0	0		1.0182282333350114	CTR_MGH.TCAGGTAAGTGAACAT	0.6409648795279168	1.0	0	0.5	2.0	1	True
	68	1.0	36.0	0		1.0182282333350114	CTR_MGH.AGATGCTCACCAACAT	0.6409648795279168	1.0	0	0.5	2.0	1	True
	69	1.0	30.0	0		1.0182282333350114	CTR_MGH.TCAATTCGTAGGCTGA	0.6409648795279168	1.0	0	0.5	2.0	1	True
	70	1.0	38.0	0		1.0182282333350114	CTR_MGH.CCTCACACAAGTCGTT	0.6409648795279168	1.0	0	0.5	2.0	1	True
	71	1.0	34.0	0		1.0182282333350114	CTR_MGH.TAATCTCGTCGTCGGT	0.6409648795279168	1.0	0	0.5	2.0	1	True
	72	1.0	32.0	0		1.0182282333350114	CTR_MGH.TGTTTGTGTTCATCTT	0.6409648795279168	1.0	0	0.5	2.0	1	True
	73	1.0	13.0	2	0.00394677494004472	0.1402660696922169	_72	2.1109963283712845	1.0	2	0.5	2.0	2	False
	74	1.0	7.0	3	0.005051169916638519	0.09825624209584483	_73	2.308959597924217	1.0	3	0.5	2.0	3	False
	75	1.0	73.0	0		1.0941178280978199	CTR_MGH.AGGAATAGTCGTCTCT	0.33290202582526407	1.0	0	0.75	3.0	1	True
	76	1.0	74.0	0		1.0941178280978199	CTR_MGH.CAAGACTTCCTCAGAA	0.33290202582526407	1.0	0	0.75	3.0	1	True
	77	1.0	70.0	0		1.0932366216217544	CTR_MGH.ATGAAAGGTGCCAAGA	0.33647332370219296	1.0	0	0.75	3.0	1	True
	78	1.0	69.0	0		1.0932366216217544	CTR_MGH.CACTGAATCGGAACTT	0.33647332370219296	1.0	0	0.75	3.0	1	True
	79	1.0	44.0	0		1.0483009944646966	CTR_MGH.ACTTAGGGTGAATGTA	0.4931523918023335	1.0	0	0.75	3.0	1	True
	80	1.0	45.0	0		1.0483009944646966	CTR_MGH.AACACACGTCGCGTTG	0.4931523918023335	1.0	0	0.75	3.0	1	True
	81	1.0	46.0	0		1.0483009944646966	CTR_MGH.TGATTTCTCGCATGAT	0.4931523918023335	1.0	0	0.75	3.0	1	True
	82	1.0	8.0	3	0.0011639218552076192	0.09858688155917861	_81	2.3029175715715953	1.0	3	0.75	3.0	3	False
	83	1.0	68.0	0		1.0915196476108722	CTR_MGH.CACCAAATCAAGGACG	0.3436849750372032	1.0	0	0.75	3.0	1	True
	84	1.0	67.0	0		1.0915196476108722	CTR_MGH.GCACATAAGTGATAGT	0.3436849750372032	1.0	0	0.75	3.0	1	True
	85	1.0	54.0	0		1.0608648431194756	CTR_MGH.TGTTGGATCCCTATTA	0.4545196302324822	1.0	0	0.75	3.0	1	True
	86	1.0	55.0	0		1.0608648431194756	CTR_MGH.TGTCAGATCTCATTAC	0.4545196302324822	1.0	0	0.75	3.0	1	True
	87	1.0	53.0	0		1.0608648431194756	CTR_MGH.GTTGTCCCAGAATGTA	0.4545196302324822	1.0	0	0.75	3.0	1	True
	88	1.0	56.0	0		1.061453651008305	CTR_MGH.CTCTCGAGTCAGCTTA	0.4513693104466674	1.0	0	1.0	4.0	1	True
	89	1.0	58.0	0		1.061453651008305	CTR_MGH.GCCAGCATCGACGTCG	0.4513693104466674	1.0	0	1.0	4.0	1	True
	90	1.0	57.0	0		1.061453651008305	CTR_MGH.GACCCTTCAGTGGTGA	0.4513693104466674	1.0	0	1.0	4.0	1	True
