name_tree	id_node	dist	rank	num_descendants	expansion_score	var_fitness	name	mean_fitness	support	num_children	depth_normalized	depth	num_leaf_descendants	is_leaf
	0	0.0		399					1.0	2	0.0	0.0	277	False
	1	1.0	1.0	106	-0.05724615096796105	0.01925356303030057	_0	3.9299970322298305	1.0	52	0.1111111111111111	1.0	85	False
	2	1.0	76.0	291	0.021204444640687957	0.07977073740467056	_1	2.4219887501084614	1.0	3	0.1111111111111111	1.0	192	False
	3	1.0	17.0	0		0.6394659672977481	CTR_MGH.ATCACTTCATGATGCT	2.599726563475346	1.0	0	0.2222222222222222	2.0	1	True
	4	1.0	39.0	0		0.6394659672977481	CTR_MGH.TACCTGCTCTAGAACC	2.599726563475346	1.0	0	0.2222222222222222	2.0	1	True
	5	1.0	40.0	0		0.6394659672977481	CTR_MGH.TAAGCGTAGAAGCCAC	2.599726563475346	1.0	0	0.2222222222222222	2.0	1	True
	6	1.0	8.0	0		0.6394659672977481	CTR_MGH.TCATTACGTGGTTTGT	2.599726563475346	1.0	0	0.2222222222222222	2.0	1	True
	7	1.0	9.0	0		0.6394659672977481	CTR_MGH.GCACGTGTCGCGGACT	2.599726563475346	1.0	0	0.2222222222222222	2.0	1	True
	8	1.0	4.0	0		0.6394659672977481	CTR_MGH.TCGGGCAGTAATACCC	2.599726563475346	1.0	0	0.2222222222222222	2.0	1	True
	9	1.0	26.0	0		0.6394659672977481	CTR_MGH.ATCTTCATCGAGAGCA	2.599726563475346	1.0	0	0.2222222222222222	2.0	1	True
	10	1.0	10.0	0		0.6394659672977481	CTR_MGH.TCGTGGGCAACTCGTA	2.599726563475346	1.0	0	0.2222222222222222	2.0	1	True
	11	1.0	15.0	0		0.6394659672977481	CTR_MGH.AGACAGGTCGTAACTG	2.599726563475346	1.0	0	0.2222222222222222	2.0	1	True
	12	1.0	1.0	0		0.6394659672977481	CTR_MGH.TGCTCCAGTGCATACT	2.599726563475346	1.0	0	0.2222222222222222	2.0	1	True
	13	1.0	27.0	0		0.6394659672977481	CTR_MGH.CATTGTTCAAGGCGTA	2.599726563475346	1.0	0	0.2222222222222222	2.0	1	True
	14	1.0	41.0	0		0.6394659672977481	CTR_MGH.TCGGATAGTATGCTTG	2.599726563475346	1.0	0	0.2222222222222222	2.0	1	True
	15	1.0	22.0	0		0.6394659672977481	CTR_MGH.TGACGCGCAGCCGTCA	2.599726563475346	1.0	0	0.2222222222222222	2.0	1	True
	16	1.0	33.0	0		0.6394659672977481	CTR_MGH.TTGAGTGTCGTAGAGG	2.599726563475346	1.0	0	0.2222222222222222	2.0	1	True
	17	1.0	2.0	0		0.6394659672977481	CTR_MGH.CACTTCGTCACCATGA	2.599726563475346	1.0	0	0.2222222222222222	2.0	1	True
	18	1.0	30.0	0		0.6394659672977481	CTR_MGH.CCCTGATCAACTCGTA	2.599726563475346	1.0	0	0.2222222222222222	2.0	1	True
	19	1.0	5.0	0		0.6394659672977481	CTR_MGH.TCCACGTAGGTCGTCC	2.599726563475346	1.0	0	0.2222222222222222	2.0	1	True
	20	1.0	14.0	0		0.6394659672977481	CTR_MGH.ACCCTTGCAGCACAGA	2.599726563475346	1.0	0	0.2222222222222222	2.0	1	True
	21	1.0	16.0	0		0.6394659672977481	CTR_MGH.GTAACACAGGCCACTC	2.599726563475346	1.0	0	0.2222222222222222	2.0	1	True
	22	1.0	32.0	0		0.6394659672977481	CTR_MGH.GCACTAATCGCGTGAC	2.599726563475346	1.0	0	0.2222222222222222	2.0	1	True
	23	1.0	23.0	0		0.6394659672977481	CTR_MGH.CGGGACTAGTGACACG	2.599726563475346	1.0	0	0.2222222222222222	2.0	1	True
	24	1.0	21.0	0		0.6394659672977481	CTR_MGH.TGATCAGCACATATGC	2.599726563475346	1.0	0	0.2222222222222222	2.0	1	True
	25	1.0	28.0	0		0.6394659672977481	CTR_MGH.GTAGGTTAGATGTTAG	2.599726563475346	1.0	0	0.2222222222222222	2.0	1	True
	26	1.0	13.0	0		0.6394659672977481	CTR_MGH.ATAGAGAGTGAGGATC	2.599726563475346	1.0	0	0.2222222222222222	2.0	1	True
	27	1.0	18.0	0		0.6394659672977481	CTR_MGH.CATTGAGAGGTTGCCC	2.599726563475346	1.0	0	0.2222222222222222	2.0	1	True
	28	1.0	7.0	0		0.6394659672977481	CTR_MGH.GCACATAGTTGTACGT	2.599726563475346	1.0	0	0.2222222222222222	2.0	1	True
	29	1.0	38.0	0		0.6394659672977481	CTR_MGH.TAAGCCACACATGAAA	2.599726563475346	1.0	0	0.2222222222222222	2.0	1	True
	30	1.0	36.0	0		0.6394659672977481	CTR_MGH.TCCACCAGTGCAATAA	2.599726563475346	1.0	0	0.2222222222222222	2.0	1	True
	31	1.0	20.0	0		0.6394659672977481	CTR_MGH.CCTGCATCAAAGAGTT	2.599726563475346	1.0	0	0.2222222222222222	2.0	1	True
	32	1.0	6.0	0		0.6394659672977481	CTR_MGH.CCACTTGTCTCTCAAT	2.599726563475346	1.0	0	0.2222222222222222	2.0	1	True
	33	1.0	29.0	0		0.6394659672977481	CTR_MGH.GCCGATGCATAACCCA	2.599726563475346	1.0	0	0.2222222222222222	2.0	1	True
	34	1.0	42.0	0		0.6394659672977481	CTR_MGH.GGGTCTGGTGTATTCG	2.599726563475346	1.0	0	0.2222222222222222	2.0	1	True
	35	1.0	34.0	0		0.6394659672977481	CTR_MGH.CTCCATGGTCGTCAGC	2.599726563475346	1.0	0	0.2222222222222222	2.0	1	True
	36	1.0	12.0	0		0.6394659672977481	CTR_MGH.GAGTCATAGTCATCCA	2.599726563475346	1.0	0	0.2222222222222222	2.0	1	True
	37	1.0	24.0	0		0.6394659672977481	CTR_MGH.TGTTACTGTCTGCAAT	2.599726563475346	1.0	0	0.2222222222222222	2.0	1	True
	38	1.0	25.0	0		0.6394659672977481	CTR_MGH.GTGATGTTCACGTCCT	2.599726563475346	1.0	0	0.2222222222222222	2.0	1	True
	39	1.0	35.0	0		0.6394659672977481	CTR_MGH.GTGCGTGAGCGTCTGC	2.599726563475346	1.0	0	0.2222222222222222	2.0	1	True
	40	1.0	19.0	0		0.6394659672977481	CTR_MGH.GCATGATTCAAGCTTG	2.599726563475346	1.0	0	0.2222222222222222	2.0	1	True
	41	1.0	31.0	0		0.6394659672977481	CTR_MGH.AAAGTCCAGTAGGGTC	2.599726563475346	1.0	0	0.2222222222222222	2.0	1	True
	42	1.0	37.0	0		0.6394659672977481	CTR_MGH.CATGGTAAGGTTGCCC	2.599726563475346	1.0	0	0.2222222222222222	2.0	1	True
	43	1.0	11.0	0		0.6394659672977481	CTR_MGH.CTAAGTGAGGCATGGT	2.599726563475346	1.0	0	0.2222222222222222	2.0	1	True
	44	1.0	3.0	0		0.6394659672977481	CTR_MGH.ACTCTCGGTTTCGATG	2.599726563475346	1.0	0	0.2222222222222222	2.0	1	True
	45	1.0	21.0	2	-0.039128371495197344	0.26950017698855433	_44	2.8582997988292322	1.0	2	0.2222222222222222	2.0	2	False
	46	1.0	24.0	2	-0.039128371495197344	0.26950017698855433	_45	2.8582997988292322	1.0	2	0.2222222222222222	2.0	2	False
	47	1.0	23.0	2	-0.039128371495197344	0.26950017698855433	_46	2.8582997988292322	1.0	2	0.2222222222222222	2.0	2	False
	48	1.0	22.0	2	-0.039128371495197344	0.26950017698855433	_47	2.8582997988292322	1.0	2	0.2222222222222222	2.0	2	False
	49	1.0	8.0	3	-0.03963036921183087	0.2114996909768223	_48	3.138709913323244	1.0	3	0.2222222222222222	2.0	3	False
	50	1.0	7.0	3	-0.03963036921183087	0.2114996909768223	_49	3.138709913323244	1.0	3	0.2222222222222222	2.0	3	False
	51	1.0	28.0	7	-0.03899080252208893	0.1280731574832492	_50	2.8116822066204534	1.0	3	0.2222222222222222	2.0	5	False
	52	1.0	31.0	9	-0.038231842589860635	0.18628096948706485	_51	2.7221562011508897	1.0	2	0.2222222222222222	2.0	7	False
	53	1.0	50.0	12	-0.03697954855315951	0.12397137494634958	_52	2.5919903832892057	1.0	2	0.2222222222222222	2.0	8	False
	54	1.0	40.0	12	-0.037396104795589066	0.13397168248981295	_53	2.688489976263436	1.0	2	0.2222222222222222	2.0	9	False
	55	1.0	107.0	12	-0.03622204690316355	0.10350962882175452	_54	2.289944434201949	1.0	2	0.2222222222222222	2.0	7	False
	56	1.0	114.0	27	-0.02721042151426026	0.10155809254901538	_55	2.277237955525151	1.0	2	0.2222222222222222	2.0	16	False
	57	1.0	92.0	249	0.019623645494703492	0.102813426856593	_56	2.3539681060616693	1.0	2	0.2222222222222222	2.0	169	False
	58	1.0	128.0	0		0.869335620774522	CTR_MGH.GGGCTACCAGGGAGAG	1.6094839150935227	1.0	0	0.3333333333333333	3.0	1	True
	59	1.0	131.0	0		0.869335620774522	CTR_MGH.CTCATGCTCGCACGAC	1.6094839150935227	1.0	0	0.3333333333333333	3.0	1	True
	60	1.0	125.0	0		0.869335620774522	CTR_MGH.TCTCAGCTCCGCACTT	1.6094839150935227	1.0	0	0.3333333333333333	3.0	1	True
	61	1.0	127.0	0		0.869335620774522	CTR_MGH.AACCTGATCGTGCTCT	1.6094839150935227	1.0	0	0.3333333333333333	3.0	1	True
	62	1.0	130.0	0		0.869335620774522	CTR_MGH.TAGCACACACTTGAAC	1.6094839150935227	1.0	0	0.3333333333333333	3.0	1	True
	63	1.0	126.0	0		0.869335620774522	CTR_MGH.GTCGAATGTTTCAGAC	1.6094839150935227	1.0	0	0.3333333333333333	3.0	1	True
	64	1.0	124.0	0		0.869335620774522	CTR_MGH.AACCTTTCAACGAGGT	1.6094839150935227	1.0	0	0.3333333333333333	3.0	1	True
	65	1.0	129.0	0		0.869335620774522	CTR_MGH.AGGGCTCGTTGTGCAT	1.6094839150935227	1.0	0	0.3333333333333333	3.0	1	True
	66	1.0	82.0	0		0.8109814064209737	CTR_MGH.ATCACAGCATCTTTCA	1.8741592311555402	1.0	0	0.3333333333333333	3.0	1	True
	67	1.0	78.0	0		0.8109814064209737	CTR_MGH.GTCTCACGTTGCATGT	1.8741592311555402	1.0	0	0.3333333333333333	3.0	1	True
	68	1.0	81.0	0		0.8109814064209737	CTR_MGH.TACGGGCTCGTTCCCA	1.8741592311555402	1.0	0	0.3333333333333333	3.0	1	True
	69	1.0	79.0	0		0.8109814064209737	CTR_MGH.ACAGGGACAAACTAGA	1.8741592311555402	1.0	0	0.3333333333333333	3.0	1	True
	70	1.0	80.0	0		0.8109814064209737	CTR_MGH.GGTGAAGTCCTTATGT	1.8741592311555402	1.0	0	0.3333333333333333	3.0	1	True
	71	1.0	77.0	0		0.8109814064209737	CTR_MGH.TGTGTGAGTACGAGCA	1.8741592311555402	1.0	0	0.3333333333333333	3.0	1	True
	72	1.0	138.0	0		0.7427711117798559	CTR_MGH.TGCGGGTGTGTCCGTG	1.5684358392772968	1.0	0	0.3333333333333333	3.0	1	True
	73	1.0	73.0	2	-0.03811642491889294	0.3057593976940023	_72	2.461992149544209	1.0	2	0.3333333333333333	3.0	2	False
	74	1.0	74.0	2	-0.03811642491889294	0.3057593976940023	_73	2.461992149544209	1.0	2	0.3333333333333333	3.0	2	False
	75	1.0	145.0	0		0.7962355774164993	CTR_MGH.GAGATGGTCGCTGTCT	1.4819593346335118	1.0	0	0.3333333333333333	3.0	1	True
	76	1.0	14.0	7	-0.03754642320341721	0.13403608408919965	_75	3.0249996546836546	1.0	5	0.3333333333333333	3.0	6	False
	77	1.0	89.0	4	-0.03724156221987722	0.16967630100752817	_76	2.36590526437006	1.0	2	0.3333333333333333	3.0	3	False
	78	1.0	27.0	6	-0.03745786452999135	0.1432418841082157	_77	2.825373596866022	1.0	4	0.3333333333333333	3.0	5	False
	79	1.0	79.0	2	-0.03811642491889294	0.31235775883370565	_78	2.414775229264805	1.0	2	0.3333333333333333	3.0	2	False
	80	1.0	12.0	8	-0.03724522457343707	0.13180620960322642	_79	3.060090191555036	1.0	5	0.3333333333333333	3.0	7	False
	81	1.0	104.0	4	-0.03724156221987722	0.17093015972877534	_80	2.3033937958476898	1.0	2	0.3333333333333333	3.0	3	False
	82	1.0	87.0	6	-0.036537603692330854	0.1189448476245234	_81	2.374356968257832	1.0	2	0.3333333333333333	3.0	4	False
	83	1.0	88.0	6	-0.036537603692330854	0.11892394741533785	_82	2.372526892198227	1.0	2	0.3333333333333333	3.0	4	False
	84	1.0	81.0	19	-0.02822993683097393	0.10282874173192535	_83	2.397578691614187	1.0	3	0.3333333333333333	3.0	12	False
	85	1.0	16.0	119	-0.012162067866289204	0.02982503505751488	_84	3.0073781443299987	1.0	14	0.3333333333333333	3.0	84	False
	86	1.0	67.0	128	0.008629862171648761	0.08046500178961224	_85	2.48639317201161	1.0	3	0.3333333333333333	3.0	85	False
	87	1.0	207.0	0		0.9121764611693741	CTR_MGH.AGACTCAAGTACAGAT	1.2308716087012361	1.0	0	0.4444444444444444	4.0	1	True
	88	1.0	210.0	0		0.9121764611693741	CTR_MGH.CACAGGCCAGGTATGG	1.2308716087012361	1.0	0	0.4444444444444444	4.0	1	True
	89	1.0	208.0	0		0.9121764611693741	CTR_MGH.GTTTGGATCAGCTCTC	1.2308716087012361	1.0	0	0.4444444444444444	4.0	1	True
	90	1.0	209.0	0		0.9121764611693741	CTR_MGH.GTCACTCGTAACCAGG	1.2308716087012361	1.0	0	0.4444444444444444	4.0	1	True
	91	1.0	106.0	0		0.745032261703344	CTR_MGH.CGCGTGAGTGGGAGAG	1.7697489927916523	1.0	0	0.4444444444444444	4.0	1	True
	92	1.0	105.0	0		0.745032261703344	CTR_MGH.GTAATGCAGCAAATGT	1.7697489927916523	1.0	0	0.4444444444444444	4.0	1	True
	93	1.0	107.0	0		0.745032261703344	CTR_MGH.ACATTTCCAGTTGCGC	1.7697489927916523	1.0	0	0.4444444444444444	4.0	1	True
	94	1.0	104.0	0		0.745032261703344	CTR_MGH.ACCTGTCGTTAGTTCG	1.7697489927916523	1.0	0	0.4444444444444444	4.0	1	True
	95	1.0	58.0	2	-0.037104478342588544	0.29881820781573243	_94	2.54037464536629	1.0	2	0.4444444444444444	4.0	2	False
	96	1.0	228.0	0		0.7875484440269296	CTR_MGH.ACCAACACAAGTCCAT	1.1404550365223156	1.0	0	0.4444444444444444	4.0	1	True
	97	1.0	113.0	2	-0.037104478342588544	0.34005545302485807	_96	2.2813273259231184	1.0	2	0.4444444444444444	4.0	2	False
	98	1.0	137.0	0		0.7564530541423844	CTR_MGH.GATCACATCGTCGCGT	1.5811106716265924	1.0	0	0.4444444444444444	4.0	1	True
	99	1.0	136.0	0		0.7564530541423844	CTR_MGH.TGGTAGTAGTAAATGC	1.5811106716265924	1.0	0	0.4444444444444444	4.0	1	True
	100	1.0	135.0	0		0.7564530541423844	CTR_MGH.GCCAGCAGTACCTGTA	1.5811106716265924	1.0	0	0.4444444444444444	4.0	1	True
	101	1.0	72.0	2	-0.037104478342588544	0.30793134676045497	_100	2.466402975330571	1.0	2	0.4444444444444444	4.0	2	False
	102	1.0	217.0	0		0.9193194495291479	CTR_MGH.GAGATGGGTTTCACAG	1.1853448514146834	1.0	0	0.4444444444444444	4.0	1	True
	103	1.0	218.0	0		0.9193194495291479	CTR_MGH.TCCAGAAGTGTCCCTT	1.1853448514146834	1.0	0	0.4444444444444444	4.0	1	True
	104	1.0	98.0	0		0.7424536556118562	CTR_MGH.TGGCGTGTCAGGAACG	1.802719196086564	1.0	0	0.4444444444444444	4.0	1	True
	105	1.0	97.0	0		0.7424536556118562	CTR_MGH.CTTCTCTGTAAGATCA	1.802719196086564	1.0	0	0.4444444444444444	4.0	1	True
	106	1.0	96.0	0		0.7424536556118562	CTR_MGH.CCTTCAGAGTTTGTCG	1.802719196086564	1.0	0	0.4444444444444444	4.0	1	True
	107	1.0	99.0	0		0.7424536556118562	CTR_MGH.GAAGCGATCTCAACGA	1.802719196086564	1.0	0	0.4444444444444444	4.0	1	True
	108	1.0	20.0	3	-0.03680327971260841	0.23016612994732633	_107	2.884895318260712	1.0	3	0.4444444444444444	4.0	3	False
	109	1.0	246.0	0		0.789589283125502	CTR_MGH.CTACGGGTCGCTACAA	1.079973351735824	1.0	0	0.4444444444444444	4.0	1	True
	110	1.0	121.0	2	-0.037104478342588544	0.34525793862076437	_109	2.2542351888489733	1.0	2	0.4444444444444444	4.0	2	False
	111	1.0	110.0	2	-0.037104478342588544	0.32837882605885227	_110	2.2884036601025417	1.0	2	0.4444444444444444	4.0	2	False
	112	1.0	109.0	2	-0.037104478342588544	0.32837882605885227	_111	2.2884036601025417	1.0	2	0.4444444444444444	4.0	2	False
	113	1.0	112.0	2	-0.037104478342588544	0.3284999357900755	_112	2.287630062352145	1.0	2	0.4444444444444444	4.0	2	False
	114	1.0	111.0	2	-0.037104478342588544	0.3284999357900755	_113	2.287630062352145	1.0	2	0.4444444444444444	4.0	2	False
	115	1.0	219.0	0		0.7248856469766609	CTR_MGH.ATTGGGTTCTCAGGCG	1.1721417805346137	1.0	0	0.4444444444444444	4.0	1	True
	116	1.0	98.0	4	-0.03568128013441807	0.1697790632578915	_115	2.325912895183075	1.0	2	0.4444444444444444	4.0	3	False
	117	1.0	115.0	12	-0.03021146776258018	0.14943846275759753	_116	2.2659261863879117	1.0	2	0.4444444444444444	4.0	8	False
	118	1.0	65.0	2	-0.037104478342588544	0.28366313632517226	_117	2.5368203088727705	1.0	2	0.4444444444444444	4.0	2	False
	119	1.0	64.0	2	-0.037104478342588544	0.28366313632517226	_118	2.5368203088727705	1.0	2	0.4444444444444444	4.0	2	False
	120	1.0	63.0	2	-0.037104478342588544	0.28366313632517226	_119	2.5368203088727705	1.0	2	0.4444444444444444	4.0	2	False
	121	1.0	60.0	2	-0.037104478342588544	0.28366313632517226	_120	2.5368203088727705	1.0	2	0.4444444444444444	4.0	2	False
	122	1.0	59.0	2	-0.037104478342588544	0.28366313632517226	_121	2.5368203088727705	1.0	2	0.4444444444444444	4.0	2	False
	123	1.0	62.0	2	-0.037104478342588544	0.28366313632517226	_122	2.5368203088727705	1.0	2	0.4444444444444444	4.0	2	False
	124	1.0	61.0	2	-0.037104478342588544	0.28366313632517226	_123	2.5368203088727705	1.0	2	0.4444444444444444	4.0	2	False
	125	1.0	68.0	6	-0.034769824249016215	0.11839840414861857	_124	2.4781384092116654	1.0	2	0.4444444444444444	4.0	4	False
	126	1.0	94.0	6	-0.03370974641709285	0.15385685048851094	_125	2.348026936299523	1.0	2	0.4444444444444444	4.0	4	False
	127	1.0	93.0	6	-0.03370974641709285	0.15385685048851094	_126	2.348026936299523	1.0	2	0.4444444444444444	4.0	4	False
	128	1.0	3.0	6	-0.03608496302587486	0.12859357350395406	_127	3.412628553427412	1.0	6	0.4444444444444444	4.0	6	False
	129	1.0	4.0	17	-0.031280966565389014	0.07593309948491189	_128	3.3852672983151715	1.0	10	0.4444444444444444	4.0	14	False
	130	1.0	41.0	22	-0.024931704432340256	0.0886738173074022	_129	2.678868207611788	1.0	3	0.4444444444444444	4.0	16	False
	131	1.0	2.0	28	-0.028944442118907707	0.04969333592861602	_130	3.451131319454936	1.0	16	0.4444444444444444	4.0	22	False
	132	1.0	80.0	26	-0.01958329066735862	0.07856180434891424	_131	2.409535570659034	1.0	3	0.4444444444444444	4.0	15	False
	133	1.0	10.0	31	-0.020990182562159544	0.055169331336500704	_132	3.090844110574144	1.0	11	0.4444444444444444	4.0	22	False
	134	1.0	66.0	68	-0.0042475223022486516	0.08273167667350201	_133	2.5348257042473534	1.0	3	0.4444444444444444	4.0	48	False
	135	1.0	186.0	0		0.9039805239609866	CTR_MGH.TGTGGCGCAAGACCGA	1.306218701443122	1.0	0	0.5555555555555556	5.0	1	True
	136	1.0	185.0	0		0.9039805239609866	CTR_MGH.ATGATCGAGAATAGTC	1.306218701443122	1.0	0	0.5555555555555556	5.0	1	True
	137	1.0	260.0	0		0.9479055838648112	CTR_MGH.AAGTTCGTCTCCTGAC	1.0562069456566796	1.0	0	0.5555555555555556	5.0	1	True
	138	1.0	261.0	0		0.9479055838648112	CTR_MGH.TTGGTTTAGGCAGGTT	1.0562069456566796	1.0	0	0.5555555555555556	5.0	1	True
	139	1.0	205.0	0		0.9140955553979839	CTR_MGH.GTCAAGTTCCTCTCTT	1.2350773865272018	1.0	0	0.5555555555555556	5.0	1	True
	140	1.0	206.0	0		0.9140955553979839	CTR_MGH.TGCTCGTTCCGCAAAT	1.2350773865272018	1.0	0	0.5555555555555556	5.0	1	True
	141	1.0	123.0	0		0.8336071493495454	CTR_MGH.TAGGAGGGTAGGGTAC	1.6355149245652547	1.0	0	0.5555555555555556	5.0	1	True
	142	1.0	122.0	0		0.8336071493495454	CTR_MGH.GTCAAACGTATCGTGT	1.6355149245652547	1.0	0	0.5555555555555556	5.0	1	True
	143	1.0	121.0	0		0.8336071493495454	CTR_MGH.TGAATGCGTAGCCCTG	1.6355149245652547	1.0	0	0.5555555555555556	5.0	1	True
	144	1.0	274.0	0		0.9532991467473588	CTR_MGH.TCGTGGGAGCACCCAC	1.0299392725696994	1.0	0	0.5555555555555556	5.0	1	True
	145	1.0	273.0	0		0.9532991467473588	CTR_MGH.CTCAACCAGAGTGACC	1.0299392725696994	1.0	0	0.5555555555555556	5.0	1	True
	146	1.0	255.0	0		0.9368616016523403	CTR_MGH.TGGAGAGCATTGAGCT	1.0631988168447575	1.0	0	0.5555555555555556	5.0	1	True
	147	1.0	254.0	0		0.9368616016523403	CTR_MGH.GTGATGTCAATTGCTG	1.0631988168447575	1.0	0	0.5555555555555556	5.0	1	True
	148	1.0	253.0	0		0.9368616016523403	CTR_MGH.GACAGCCGTTCTGAGT	1.0631988168447575	1.0	0	0.5555555555555556	5.0	1	True
	149	1.0	252.0	0		0.9368616016523403	CTR_MGH.TGGCGTGGTTCGTGCG	1.0631988168447575	1.0	0	0.5555555555555556	5.0	1	True
	150	1.0	256.0	0		0.9369898139857409	CTR_MGH.TCAGTCCCACGAGAAC	1.0624493494306924	1.0	0	0.5555555555555556	5.0	1	True
	151	1.0	258.0	0		0.9369898139857409	CTR_MGH.CCTATCGAGTGGTTCT	1.0624493494306924	1.0	0	0.5555555555555556	5.0	1	True
	152	1.0	257.0	0		0.9369898139857409	CTR_MGH.ACAGGGACATGACACT	1.0624493494306924	1.0	0	0.5555555555555556	5.0	1	True
	153	1.0	259.0	0		0.9369898139857409	CTR_MGH.TCATCATTCGGAGCAA	1.0624493494306924	1.0	0	0.5555555555555556	5.0	1	True
	154	1.0	240.0	0		0.7882090518279792	CTR_MGH.TTGGTTTAGGATGAGA	1.1017865616375824	1.0	0	0.5555555555555556	5.0	1	True
	155	1.0	117.0	2	-0.03609253176628413	0.34319254783393927	_154	2.264106556366481	1.0	2	0.5555555555555556	5.0	2	False
	156	1.0	262.0	0		0.7697503302814257	CTR_MGH.AAGTTCGAGCTTAGTC	1.0439564082571577	1.0	0	0.5555555555555556	5.0	1	True
	157	1.0	49.0	10	-0.03062271939444624	0.08945441472568749	_156	2.5997996350609345	1.0	3	0.5555555555555556	5.0	7	False
	158	1.0	187.0	0		0.8901594425954178	CTR_MGH.GTTCGCTAGCTGTACT	1.3030821086654223	1.0	0	0.5555555555555556	5.0	1	True
	159	1.0	192.0	0		0.8901594425954178	CTR_MGH.ATGCATGTCATTCTTG	1.3030821086654223	1.0	0	0.5555555555555556	5.0	1	True
	160	1.0	188.0	0		0.8901594425954178	CTR_MGH.CCTACGTTCCAGCAAT	1.3030821086654223	1.0	0	0.5555555555555556	5.0	1	True
	161	1.0	199.0	0		0.8901594425954178	CTR_MGH.CGAGTGCTCACCTCAC	1.3030821086654223	1.0	0	0.5555555555555556	5.0	1	True
	162	1.0	193.0	0		0.8901594425954178	CTR_MGH.ATACCGAAGATCGCCC	1.3030821086654223	1.0	0	0.5555555555555556	5.0	1	True
	163	1.0	197.0	0		0.8901594425954178	CTR_MGH.TAGATCGAGCGCCATC	1.3030821086654223	1.0	0	0.5555555555555556	5.0	1	True
	164	1.0	190.0	0		0.8901594425954178	CTR_MGH.GATCACATCGTCGCTT	1.3030821086654223	1.0	0	0.5555555555555556	5.0	1	True
	165	1.0	195.0	0		0.8901594425954178	CTR_MGH.TCCATGCAGATGACAT	1.3030821086654223	1.0	0	0.5555555555555556	5.0	1	True
	166	1.0	191.0	0		0.8901594425954178	CTR_MGH.CAACGATAGAATCGTA	1.3030821086654223	1.0	0	0.5555555555555556	5.0	1	True
	167	1.0	196.0	0		0.8901594425954178	CTR_MGH.CCACGTTAGCCGGAAT	1.3030821086654223	1.0	0	0.5555555555555556	5.0	1	True
	168	1.0	198.0	0		0.8901594425954178	CTR_MGH.TATCAGGCACCGGCTA	1.3030821086654223	1.0	0	0.5555555555555556	5.0	1	True
	169	1.0	200.0	0		0.8901594425954178	CTR_MGH.GTAACCACAGCGACCT	1.3030821086654223	1.0	0	0.5555555555555556	5.0	1	True
	170	1.0	194.0	0		0.8901594425954178	CTR_MGH.GCTCAAACATTCACAG	1.3030821086654223	1.0	0	0.5555555555555556	5.0	1	True
	171	1.0	189.0	0		0.8901594425954178	CTR_MGH.TTCCGTGCAAAGGCAC	1.3030821086654223	1.0	0	0.5555555555555556	5.0	1	True
	172	1.0	96.0	2	-0.03609253176628413	0.321488373414339	_171	2.33167410002525	1.0	2	0.5555555555555556	5.0	2	False
	173	1.0	95.0	2	-0.03609253176628413	0.321488373414339	_172	2.33167410002525	1.0	2	0.5555555555555556	5.0	2	False
	174	1.0	234.0	0		0.7728853182136466	CTR_MGH.TCTCTGGAGATTGAGT	1.1233987959290195	1.0	0	0.5555555555555556	5.0	1	True
	175	1.0	102.0	4	-0.03412099804895892	0.1731727267393035	_174	2.314952255902179	1.0	2	0.5555555555555556	5.0	3	False
	176	1.0	233.0	0		0.7728853182136466	CTR_MGH.CCATAAGGTTTACCTT	1.1233987959290195	1.0	0	0.5555555555555556	5.0	1	True
	177	1.0	101.0	4	-0.03412099804895892	0.1731727267393035	_176	2.314952255902179	1.0	2	0.5555555555555556	5.0	3	False
	178	1.0	54.0	0		0.7341386439076416	CTR_MGH.AGGGAGTTCCGATGTA	2.1298064805771095	1.0	0	0.5555555555555556	5.0	1	True
	179	1.0	55.0	0		0.7341386439076416	CTR_MGH.TACGGTAGTAAGATCA	2.1298064805771095	1.0	0	0.5555555555555556	5.0	1	True
	180	1.0	56.0	0		0.7341386439076416	CTR_MGH.ACAGCCGTCCCTTCCC	2.1298064805771095	1.0	0	0.5555555555555556	5.0	1	True
	181	1.0	57.0	0		0.7341386439076416	CTR_MGH.TAACCAGCACGCGGTT	2.1298064805771095	1.0	0	0.5555555555555556	5.0	1	True
	182	1.0	58.0	0		0.7341386439076416	CTR_MGH.AGAAGTATCTTTGCGC	2.1298064805771095	1.0	0	0.5555555555555556	5.0	1	True
	183	1.0	53.0	0		0.7341386439076416	CTR_MGH.ACGTCCTCACGACAAG	2.1298064805771095	1.0	0	0.5555555555555556	5.0	1	True
	184	1.0	64.0	0		0.689758320373902	CTR_MGH.GGTCTGGAGAGTGACC	2.1062204463772445	1.0	0	0.5555555555555556	5.0	1	True
	185	1.0	62.0	0		0.689758320373902	CTR_MGH.AATGAAGGTCCGGTGT	2.1062204463772445	1.0	0	0.5555555555555556	5.0	1	True
	186	1.0	60.0	0		0.689758320373902	CTR_MGH.CTAACCCGTAGCCCTG	2.1062204463772445	1.0	0	0.5555555555555556	5.0	1	True
	187	1.0	63.0	0		0.689758320373902	CTR_MGH.TGATGGTAGGATAATC	2.1062204463772445	1.0	0	0.5555555555555556	5.0	1	True
	188	1.0	61.0	0		0.689758320373902	CTR_MGH.GTGGGAATCGCCAGTG	2.1062204463772445	1.0	0	0.5555555555555556	5.0	1	True
	189	1.0	59.0	0		0.689758320373902	CTR_MGH.TTCTAGTTCCACTGGG	2.1062204463772445	1.0	0	0.5555555555555556	5.0	1	True
	190	1.0	65.0	0		0.689758320373902	CTR_MGH.GAGTGAGAGCCTAGGA	2.1062204463772445	1.0	0	0.5555555555555556	5.0	1	True
	191	1.0	43.0	2	-0.03609253176628413	0.2816718429693701	_190	2.6687975675636837	1.0	2	0.5555555555555556	5.0	2	False
	192	1.0	42.0	2	-0.03609253176628413	0.2816718429693701	_191	2.6687975675636837	1.0	2	0.5555555555555556	5.0	2	False
	193	1.0	17.0	3	-0.03538973496299718	0.21970694585428951	_192	2.9789305772926786	1.0	3	0.5555555555555556	5.0	3	False
	194	1.0	84.0	4	-0.03412099804895892	0.16750101118116145	_193	2.3837196667587444	1.0	2	0.5555555555555556	5.0	3	False
	195	1.0	5.0	6	-0.03371366269395226	0.13316605469125875	_194	3.3594950680413005	1.0	6	0.5555555555555556	5.0	6	False
	196	1.0	32.0	9	-0.030382775221008823	0.11313557698605692	_195	2.6944240944710938	1.0	3	0.5555555555555556	5.0	7	False
	197	1.0	52.0	0		0.6670186800333981	CTR_MGH.ATTCAGGCAAGGATGC	2.167446611107414	1.0	0	0.5555555555555556	5.0	1	True
	198	1.0	48.0	0		0.6670186800333981	CTR_MGH.ACCCAAAGTGAGTTGG	2.167446611107414	1.0	0	0.5555555555555556	5.0	1	True
	199	1.0	44.0	0		0.6670186800333981	CTR_MGH.CATAAGCAGCGTGTTT	2.167446611107414	1.0	0	0.5555555555555556	5.0	1	True
	200	1.0	46.0	0		0.6670186800333981	CTR_MGH.ACTATTCAGGCTCCCA	2.167446611107414	1.0	0	0.5555555555555556	5.0	1	True
	201	1.0	51.0	0		0.6670186800333981	CTR_MGH.AAGATAGTCATTACTC	2.167446611107414	1.0	0	0.5555555555555556	5.0	1	True
	202	1.0	47.0	0		0.6670186800333981	CTR_MGH.GCGGATCGTAAGTAGT	2.167446611107414	1.0	0	0.5555555555555556	5.0	1	True
	203	1.0	49.0	0		0.6670186800333981	CTR_MGH.ACGTAACGTTATCCAG	2.167446611107414	1.0	0	0.5555555555555556	5.0	1	True
	204	1.0	43.0	0		0.6670186800333981	CTR_MGH.CGTTAGACAGGTAGTG	2.167446611107414	1.0	0	0.5555555555555556	5.0	1	True
	205	1.0	50.0	0		0.6670186800333981	CTR_MGH.AGCCAATAGCTCCCTT	2.167446611107414	1.0	0	0.5555555555555556	5.0	1	True
	206	1.0	45.0	0		0.6670186800333981	CTR_MGH.ACAGCCGGTAGGTTTC	2.167446611107414	1.0	0	0.5555555555555556	5.0	1	True
	207	1.0	36.0	2	-0.03609253176628413	0.2770881083520642	_206	2.6917263807909304	1.0	2	0.5555555555555556	5.0	2	False
	208	1.0	39.0	2	-0.03609253176628413	0.2770881083520642	_207	2.6917263807909304	1.0	2	0.5555555555555556	5.0	2	False
	209	1.0	38.0	2	-0.03609253176628413	0.2770881083520642	_208	2.6917263807909304	1.0	2	0.5555555555555556	5.0	2	False
	210	1.0	35.0	2	-0.03609253176628413	0.2770881083520642	_209	2.6917263807909304	1.0	2	0.5555555555555556	5.0	2	False
	211	1.0	37.0	2	-0.03609253176628413	0.2770881083520642	_210	2.6917263807909304	1.0	2	0.5555555555555556	5.0	2	False
	212	1.0	34.0	2	-0.03609253176628413	0.2770881083520642	_211	2.6917263807909304	1.0	2	0.5555555555555556	5.0	2	False
	213	1.0	97.0	4	-0.03412099804895892	0.16833358099025464	_212	2.3286588865800013	1.0	2	0.5555555555555556	5.0	3	False
	214	1.0	123.0	6	-0.03160112882247897	0.15287224486424034	_213	2.238292731969017	1.0	2	0.5555555555555556	5.0	4	False
	215	1.0	100.0	13	-0.026188208945269926	0.10385980599271871	_214	2.3174338002191193	1.0	2	0.5555555555555556	5.0	8	False
	216	1.0	88.0	0		0.6749295731220273	CTR_MGH.CTAGGTACATGACAGG	1.8335652575006507	1.0	0	0.5555555555555556	5.0	1	True
	217	1.0	90.0	0		0.6749295731220273	CTR_MGH.GTCCTCAGTTGTTTGG	1.8335652575006507	1.0	0	0.5555555555555556	5.0	1	True
	218	1.0	87.0	0		0.6749295731220273	CTR_MGH.GTCTACCAGTGAGTGC	1.8335652575006507	1.0	0	0.5555555555555556	5.0	1	True
	219	1.0	91.0	0		0.6749295731220273	CTR_MGH.GAATAGACAATACCCA	1.8335652575006507	1.0	0	0.5555555555555556	5.0	1	True
	220	1.0	89.0	0		0.6749295731220273	CTR_MGH.GAAGTAACATGAAAGT	1.8335652575006507	1.0	0	0.5555555555555556	5.0	1	True
	221	1.0	55.0	2	-0.03609253176628413	0.28503335040258904	_220	2.5659073736207993	1.0	2	0.5555555555555556	5.0	2	False
	222	1.0	56.0	2	-0.03609253176628413	0.28503335040258904	_221	2.5659073736207993	1.0	2	0.5555555555555556	5.0	2	False
	223	1.0	54.0	2	-0.03609253176628413	0.28503335040258904	_222	2.5659073736207993	1.0	2	0.5555555555555556	5.0	2	False
	224	1.0	53.0	2	-0.03609253176628413	0.28503335040258904	_223	2.5659073736207993	1.0	2	0.5555555555555556	5.0	2	False
	225	1.0	71.0	4	-0.03412099804895892	0.16694806847690913	_224	2.4675057800252067	1.0	2	0.5555555555555556	5.0	3	False
	226	1.0	69.0	8	-0.029221803411223636	0.15775017896688937	_225	2.4779746840519263	1.0	2	0.5555555555555556	5.0	6	False
	227	1.0	19.0	8	-0.030528341493881905	0.13978890345129535	_226	2.8988208381455474	1.0	4	0.5555555555555556	5.0	7	False
	228	1.0	44.0	18	-0.02465991922670569	0.08801176556046286	_227	2.620801140080709	1.0	3	0.5555555555555556	5.0	13	False
	229	1.0	33.0	39	-0.013366226087104168	0.0884905439256416	_228	2.6923236265678914	1.0	4	0.5555555555555556	5.0	28	False
	230	1.0	266.0	0		0.9511763979273491	CTR_MGH.GCCAGTGTCCTCATAT	1.0395144627353186	1.0	0	0.6666666666666666	6.0	1	True
	231	1.0	265.0	0		0.9511763979273491	CTR_MGH.GACTGATGTTAGCGGA	1.0395144627353186	1.0	0	0.6666666666666666	6.0	1	True
	232	1.0	85.0	2	-0.03508058518997973	0.30913853954543935	_231	2.3822095574558046	1.0	2	0.6666666666666666	6.0	2	False
	233	1.0	86.0	2	-0.03508058518997973	0.30913853954543935	_232	2.3822095574558046	1.0	2	0.6666666666666666	6.0	2	False
	234	1.0	30.0	3	-0.033976190213385944	0.23848744062230764	_233	2.749475224242523	1.0	3	0.6666666666666666	6.0	3	False
	235	1.0	237.0	0		0.9295715504200657	CTR_MGH.AGATGAACATGGTGGA	1.1050953273740938	1.0	0	0.6666666666666666	6.0	1	True
	236	1.0	236.0	0		0.9295715504200657	CTR_MGH.GTGTCCTAGTTGGCGA	1.1050953273740938	1.0	0	0.6666666666666666	6.0	1	True
	237	1.0	238.0	0		0.9295715504200657	CTR_MGH.GATCGTAGTAACGATA	1.1050953273740938	1.0	0	0.6666666666666666	6.0	1	True
	238	1.0	235.0	0		0.9295715504200657	CTR_MGH.CTTTCAAGTAAGGAGA	1.1050953273740938	1.0	0	0.6666666666666666	6.0	1	True
	239	1.0	244.0	0		0.7915266754638646	CTR_MGH.CAACCAACAAAGACTA	1.0911284080397383	1.0	0	0.6666666666666666	6.0	1	True
	240	1.0	119.0	2	-0.03508058518997973	0.3448548263979605	_239	2.259106143380836	1.0	2	0.6666666666666666	6.0	2	False
	241	1.0	243.0	0		0.7915266754638646	CTR_MGH.TCACATTGTACTGGGA	1.0911284080397383	1.0	0	0.6666666666666666	6.0	1	True
	242	1.0	118.0	2	-0.03508058518997973	0.3448548263979605	_241	2.259106143380836	1.0	2	0.6666666666666666	6.0	2	False
	243	1.0	160.0	0		0.885195130143468	CTR_MGH.GGTTCTCTCGCAGAGA	1.4293024258665787	1.0	0	0.6666666666666666	6.0	1	True
	244	1.0	162.0	0		0.885195130143468	CTR_MGH.ATCACGAGTCTCCCTA	1.4293024258665787	1.0	0	0.6666666666666666	6.0	1	True
	245	1.0	163.0	0		0.885195130143468	CTR_MGH.GACTCAAAGTCAATCC	1.4293024258665787	1.0	0	0.6666666666666666	6.0	1	True
	246	1.0	161.0	0		0.885195130143468	CTR_MGH.ACCCAAAGTATTTCGG	1.4293024258665787	1.0	0	0.6666666666666666	6.0	1	True
	247	1.0	112.0	0		0.8220490250830736	CTR_MGH.ACTTCCGGTCTGTCCT	1.7243759574534505	1.0	0	0.6666666666666666	6.0	1	True
	248	1.0	113.0	0		0.8220490250830736	CTR_MGH.GCCAGTGCAACAGCTT	1.7243759574534505	1.0	0	0.6666666666666666	6.0	1	True
	249	1.0	114.0	0		0.8220490250830736	CTR_MGH.CGTTGGGCAGTAGAAT	1.7243759574534505	1.0	0	0.6666666666666666	6.0	1	True
	250	1.0	223.0	0		0.7852773826139963	CTR_MGH.ACTGTGAAGTAGTGCG	1.1576987757297728	1.0	0	0.6666666666666666	6.0	1	True
	251	1.0	108.0	2	-0.03508058518997973	0.3382373260444176	_250	2.2890683443203472	1.0	2	0.6666666666666666	6.0	2	False
	252	1.0	71.0	0		0.7389498733271118	CTR_MGH.GAGAAATGTTCCGCTT	2.0808469687510787	1.0	0	0.6666666666666666	6.0	1	True
	253	1.0	67.0	0		0.7389498733271118	CTR_MGH.GGGATGAGTTGCTAGT	2.0808469687510787	1.0	0	0.6666666666666666	6.0	1	True
	254	1.0	66.0	0		0.7389498733271118	CTR_MGH.AAAGAACCACTGAGTT	2.0808469687510787	1.0	0	0.6666666666666666	6.0	1	True
	255	1.0	68.0	0		0.7389498733271118	CTR_MGH.CTCATCGGTGGACCTC	2.0808469687510787	1.0	0	0.6666666666666666	6.0	1	True
	256	1.0	69.0	0		0.7389498733271118	CTR_MGH.AGTCAACGTGCCTACG	2.0808469687510787	1.0	0	0.6666666666666666	6.0	1	True
	257	1.0	70.0	0		0.7389498733271118	CTR_MGH.CGAGAAGTCAGGACGA	2.0808469687510787	1.0	0	0.6666666666666666	6.0	1	True
	258	1.0	146.0	0		0.7310173408599034	CTR_MGH.CCCGGAAAGCCTCAAT	1.4571334631172246	1.0	0	0.6666666666666666	6.0	1	True
	259	1.0	78.0	2	-0.03508058518997973	0.3086199889079637	_258	2.4179182083652946	1.0	2	0.6666666666666666	6.0	2	False
	260	1.0	13.0	4	-0.033002044805701555	0.19029589754276977	_259	3.033211630632154	1.0	4	0.6666666666666666	6.0	4	False
	261	1.0	154.0	0		0.8804745946972661	CTR_MGH.GAGAAATGTTGGGTTT	1.4512463888059999	1.0	0	0.6666666666666666	6.0	1	True
	262	1.0	156.0	0		0.8804745946972661	CTR_MGH.CTATCCGCACCAGTAT	1.4512463888059999	1.0	0	0.6666666666666666	6.0	1	True
	263	1.0	153.0	0		0.8804745946972661	CTR_MGH.GAAATGAGTTCCTACC	1.4512463888059999	1.0	0	0.6666666666666666	6.0	1	True
	264	1.0	149.0	0		0.8804745946972661	CTR_MGH.TCGCACTAGTCCTACA	1.4512463888059999	1.0	0	0.6666666666666666	6.0	1	True
	265	1.0	150.0	0		0.8804745946972661	CTR_MGH.TATCGCCCAAGAGTAT	1.4512463888059999	1.0	0	0.6666666666666666	6.0	1	True
	266	1.0	159.0	0		0.8804745946972661	CTR_MGH.TAGGTACGTTAGGCTT	1.4512463888059999	1.0	0	0.6666666666666666	6.0	1	True
	267	1.0	148.0	0		0.8804745946972661	CTR_MGH.GCTGAATCACGAAAGC	1.4512463888059999	1.0	0	0.6666666666666666	6.0	1	True
	268	1.0	155.0	0		0.8804745946972661	CTR_MGH.ATTCAGGGTTACGCCG	1.4512463888059999	1.0	0	0.6666666666666666	6.0	1	True
	269	1.0	151.0	0		0.8804745946972661	CTR_MGH.ACGGAAGAGACGAAGA	1.4512463888059999	1.0	0	0.6666666666666666	6.0	1	True
	270	1.0	152.0	0		0.8804745946972661	CTR_MGH.TTGCTGCGTACAGTAA	1.4512463888059999	1.0	0	0.6666666666666666	6.0	1	True
	271	1.0	158.0	0		0.8804745946972661	CTR_MGH.CTGGACGAGAGGGTGG	1.4512463888059999	1.0	0	0.6666666666666666	6.0	1	True
	272	1.0	157.0	0		0.8804745946972661	CTR_MGH.TTGCTGCTCTAGTGTG	1.4512463888059999	1.0	0	0.6666666666666666	6.0	1	True
	273	1.0	239.0	0		0.7868239395857923	CTR_MGH.CGGAACCCATCGATCA	1.1044657041633341	1.0	0	0.6666666666666666	6.0	1	True
	274	1.0	116.0	2	-0.03508058518997973	0.3426448801270139	_273	2.2653979034348626	1.0	2	0.6666666666666666	6.0	2	False
	275	1.0	277.0	0		0.7733412494069642	CTR_MGH.AATCACGGTCGAAGCA	1.017107466420496	1.0	0	0.6666666666666666	6.0	1	True
	276	1.0	105.0	4	-0.03256071596349977	0.17447466200707762	_275	2.291699448876881	1.0	2	0.6666666666666666	6.0	3	False
	277	1.0	103.0	4	-0.03256071596349977	0.1706377574662561	_276	2.3091671785906978	1.0	2	0.6666666666666666	6.0	3	False
	278	1.0	57.0	7	-0.02972634271221136	0.11352415956821194	_277	2.5563390486766093	1.0	3	0.6666666666666666	6.0	5	False
	279	1.0	181.0	0		0.890746486441466	CTR_MGH.ACTTCGCAGCAGGCTA	1.3309257657262004	1.0	0	0.6666666666666666	6.0	1	True
	280	1.0	183.0	0		0.890746486441466	CTR_MGH.GTCAAACAGTCGAGGT	1.3309257657262004	1.0	0	0.6666666666666666	6.0	1	True
	281	1.0	178.0	0		0.890746486441466	CTR_MGH.CATAGACAGAGGACTC	1.3309257657262004	1.0	0	0.6666666666666666	6.0	1	True
	282	1.0	180.0	0		0.890746486441466	CTR_MGH.TACGTCCTCTTAGCCC	1.3309257657262004	1.0	0	0.6666666666666666	6.0	1	True
	283	1.0	176.0	0		0.890746486441466	CTR_MGH.CACTGTCTCACGATAC	1.3309257657262004	1.0	0	0.6666666666666666	6.0	1	True
	284	1.0	179.0	0		0.890746486441466	CTR_MGH.GTCATCCAGCCTAGGA	1.3309257657262004	1.0	0	0.6666666666666666	6.0	1	True
	285	1.0	177.0	0		0.890746486441466	CTR_MGH.CCGGGTATCCGCACTT	1.3309257657262004	1.0	0	0.6666666666666666	6.0	1	True
	286	1.0	182.0	0		0.890746486441466	CTR_MGH.AAGGAATCATTGTACG	1.3309257657262004	1.0	0	0.6666666666666666	6.0	1	True
	287	1.0	202.0	0		0.783520790295757	CTR_MGH.GCCAACGTCAGGGTAG	1.2384971606768391	1.0	0	0.6666666666666666	6.0	1	True
	288	1.0	99.0	2	-0.03508058518997973	0.3321094790572623	_287	2.324269715038624	1.0	2	0.6666666666666666	6.0	2	False
	289	1.0	201.0	0		0.774657430390171	CTR_MGH.GTAGCTAGTTGCTGAT	1.248708487740434	1.0	0	0.6666666666666666	6.0	1	True
	290	1.0	29.0	6	-0.030181390552244444	0.14456109969065434	_289	2.8057234203066006	1.0	4	0.6666666666666666	6.0	5	False
	291	1.0	118.0	0		0.7520818493333019	CTR_MGH.ATCCGTCTCCTACCGT	1.6507256218859658	1.0	0	0.6666666666666666	6.0	1	True
	292	1.0	120.0	0		0.7520818493333019	CTR_MGH.TCCACGTGTTCGTAAC	1.6507256218859658	1.0	0	0.6666666666666666	6.0	1	True
	293	1.0	119.0	0		0.7520818493333019	CTR_MGH.ATCCTATAGTATGGCG	1.6507256218859658	1.0	0	0.6666666666666666	6.0	1	True
	294	1.0	11.0	4	-0.033002044805701555	0.18824357209646614	_293	3.081664180262169	1.0	4	0.6666666666666666	6.0	4	False
	295	1.0	82.0	2	-0.03508058518997973	0.30775018313812375	_294	2.3905659558407857	1.0	2	0.6666666666666666	6.0	2	False
	296	1.0	15.0	4	-0.033002044805701555	0.190203124017577	_295	3.015856934161371	1.0	4	0.6666666666666666	6.0	4	False
	297	1.0	45.0	9	-0.029779792378937613	0.1483836513217316	_296	2.608984552379158	1.0	3	0.6666666666666666	6.0	7	False
	298	1.0	147.0	0		0.7086252951190048	CTR_MGH.TTTGACTTCTTTGGAG	1.4556471816612375	1.0	0	0.6666666666666666	6.0	1	True
	299	1.0	77.0	2	-0.03508058518997973	0.3043804661606577	_298	2.4182996978954594	1.0	2	0.6666666666666666	6.0	2	False
	300	1.0	83.0	4	-0.03256071596349977	0.16746767532583906	_299	2.3864495831628316	1.0	2	0.6666666666666666	6.0	3	False
	301	1.0	6.0	29	-0.01768401972738047	0.06489414071598354	_300	3.21313071249619	1.0	10	0.6666666666666666	6.0	22	False
	302	1.0	225.0	0		0.917045097715864	CTR_MGH.GGAAGTGCATTGCAAC	1.1540255553858854	1.0	0	0.7777777777777778	7.0	1	True
	303	1.0	226.0	0		0.917045097715864	CTR_MGH.GCCATGGTCGGAGCAA	1.1540255553858854	1.0	0	0.7777777777777778	7.0	1	True
	304	1.0	227.0	0		0.917045097715864	CTR_MGH.CCGTGAGCATGAATCC	1.1540255553858854	1.0	0	0.7777777777777778	7.0	1	True
	305	1.0	224.0	0		0.917045097715864	CTR_MGH.TTAGGCAAGTTAACAG	1.1540255553858854	1.0	0	0.7777777777777778	7.0	1	True
	306	1.0	142.0	0		0.84424159844589	CTR_MGH.TCAAGTGGTGCCCACA	1.5070043166308489	1.0	0	0.7777777777777778	7.0	1	True
	307	1.0	143.0	0		0.84424159844589	CTR_MGH.AACCTTTAGGACGCAT	1.5070043166308489	1.0	0	0.7777777777777778	7.0	1	True
	308	1.0	144.0	0		0.84424159844589	CTR_MGH.TACTTGTTCGCAGTTA	1.5070043166308489	1.0	0	0.7777777777777778	7.0	1	True
	309	1.0	269.0	0		0.952827756669395	CTR_MGH.CCGATCTCATTGACAC	1.0346569530210432	1.0	0	0.7777777777777778	7.0	1	True
	310	1.0	267.0	0		0.952827756669395	CTR_MGH.AGATAGACAAACGGCA	1.0346569530210432	1.0	0	0.7777777777777778	7.0	1	True
	311	1.0	270.0	0		0.952827756669395	CTR_MGH.TGAGGAGAGAGAGCGG	1.0346569530210432	1.0	0	0.7777777777777778	7.0	1	True
	312	1.0	268.0	0		0.952827756669395	CTR_MGH.GTGTCCTCACCTGCGA	1.0346569530210432	1.0	0	0.7777777777777778	7.0	1	True
	313	1.0	251.0	0		0.9460536906700503	CTR_MGH.AGGAGGTCAGTTTGGT	1.063713352208019	1.0	0	0.7777777777777778	7.0	1	True
	314	1.0	250.0	0		0.9460536906700503	CTR_MGH.GTGCAGCGTTGTATGC	1.063713352208019	1.0	0	0.7777777777777778	7.0	1	True
	315	1.0	215.0	0		0.9158024912822431	CTR_MGH.TCAGTTTTCGCCGAGT	1.188431328924945	1.0	0	0.7777777777777778	7.0	1	True
	316	1.0	216.0	0		0.9158024912822431	CTR_MGH.CGACAGCTCTAGGCCG	1.188431328924945	1.0	0	0.7777777777777778	7.0	1	True
	317	1.0	100.0	0		0.794905436968004	CTR_MGH.CCACGTTTCCGTGGCA	1.7760737379029745	1.0	0	0.7777777777777778	7.0	1	True
	318	1.0	101.0	0		0.794905436968004	CTR_MGH.CCACACTCACAACCGC	1.7760737379029745	1.0	0	0.7777777777777778	7.0	1	True
	319	1.0	102.0	0		0.794905436968004	CTR_MGH.TAATTCCCACTGGAAG	1.7760737379029745	1.0	0	0.7777777777777778	7.0	1	True
	320	1.0	103.0	0		0.794905436968004	CTR_MGH.TCAAGTGAGTGTTCCA	1.7760737379029745	1.0	0	0.7777777777777778	7.0	1	True
	321	1.0	264.0	0		0.9506393282160615	CTR_MGH.ATTTACCCAAGAGATT	1.0407703038224179	1.0	0	0.7777777777777778	7.0	1	True
	322	1.0	263.0	0		0.9506393282160615	CTR_MGH.CTCAACCCAACTCGTA	1.0407703038224179	1.0	0	0.7777777777777778	7.0	1	True
	323	1.0	247.0	0		0.7930627807933923	CTR_MGH.AATTCCTGTTCTATCT	1.0685964523439297	1.0	0	0.7777777777777778	7.0	1	True
	324	1.0	122.0	2	-0.03406863861367534	0.34705540377963295	_323	2.2488603941157903	1.0	2	0.7777777777777778	7.0	2	False
	325	1.0	245.0	0		0.7892383862160861	CTR_MGH.ATGGTTGTCTTGAGCA	1.0855671833226714	1.0	0	0.7777777777777778	7.0	1	True
	326	1.0	120.0	2	-0.03406863861367534	0.344725053240972	_325	2.2567727966871214	1.0	2	0.7777777777777778	7.0	2	False
	327	1.0	184.0	0		0.7331478064584442	CTR_MGH.AATGCCAAGTCACACT	1.3249039075715203	1.0	0	0.7777777777777778	7.0	1	True
	328	1.0	90.0	2	-0.03406863861367534	0.31597723110016673	_327	2.363612845382547	1.0	2	0.7777777777777778	7.0	2	False
	329	1.0	91.0	2	-0.03406863861367534	0.31597723110016673	_328	2.363612845382547	1.0	2	0.7777777777777778	7.0	2	False
	330	1.0	242.0	0		0.9396209651386154	CTR_MGH.TTAATCCGTACCACGC	1.0978005435913527	1.0	0	0.7777777777777778	7.0	1	True
	331	1.0	241.0	0		0.9396209651386154	CTR_MGH.CATTCTAAGCTTACGT	1.0978005435913527	1.0	0	0.7777777777777778	7.0	1	True
	332	1.0	139.0	0		0.7579648362414271	CTR_MGH.GTCACGGAGTAGGAAG	1.5624341710693428	1.0	0	0.7777777777777778	7.0	1	True
	333	1.0	141.0	0		0.7579648362414271	CTR_MGH.AAGCCATTCCATCGTC	1.5624341710693428	1.0	0	0.7777777777777778	7.0	1	True
	334	1.0	140.0	0		0.7579648362414271	CTR_MGH.GCCAGCAAGTGCACCC	1.5624341710693428	1.0	0	0.7777777777777778	7.0	1	True
	335	1.0	75.0	2	-0.03406863861367534	0.30903750494110405	_334	2.45893211096449	1.0	2	0.7777777777777778	7.0	2	False
	336	1.0	95.0	0		0.792041694169586	CTR_MGH.TCGTGCTCAGCTTCGG	1.8215030440645417	1.0	0	0.7777777777777778	7.0	1	True
	337	1.0	94.0	0		0.792041694169586	CTR_MGH.TCAAGACAGGTGGCTA	1.8215030440645417	1.0	0	0.7777777777777778	7.0	1	True
	338	1.0	92.0	0		0.792041694169586	CTR_MGH.GGGTCTGTCAAGCGTT	1.8215030440645417	1.0	0	0.7777777777777778	7.0	1	True
	339	1.0	93.0	0		0.792041694169586	CTR_MGH.GTTCTATAGACCTCAT	1.8215030440645417	1.0	0	0.7777777777777778	7.0	1	True
	340	1.0	221.0	0		0.9155785347526633	CTR_MGH.GCGAGAAAGGGAGGGT	1.162099770208565	1.0	0	0.7777777777777778	7.0	1	True
	341	1.0	220.0	0		0.9155785347526633	CTR_MGH.ACACTGAAGTTAGAAC	1.162099770208565	1.0	0	0.7777777777777778	7.0	1	True
	342	1.0	111.0	0		0.7951927183773	CTR_MGH.GTTACCCCACTGCGTG	1.759792999829804	1.0	0	0.7777777777777778	7.0	1	True
	343	1.0	110.0	0		0.7951927183773	CTR_MGH.CAGCGTGCAAGACCTT	1.759792999829804	1.0	0	0.7777777777777778	7.0	1	True
	344	1.0	109.0	0		0.7951927183773	CTR_MGH.GACCTTCTCCTTCGAC	1.759792999829804	1.0	0	0.7777777777777778	7.0	1	True
	345	1.0	108.0	0		0.7951927183773	CTR_MGH.CGTAAGTCAGGATCTT	1.759792999829804	1.0	0	0.7777777777777778	7.0	1	True
	346	1.0	164.0	0		0.7642267733328825	CTR_MGH.AGTAACCGTGTGAGCA	1.3746951703737165	1.0	0	0.7777777777777778	7.0	1	True
	347	1.0	165.0	0		0.7642267733328825	CTR_MGH.TTTGACTTCTAGCATG	1.3746951703737165	1.0	0	0.7777777777777778	7.0	1	True
	348	1.0	25.0	6	-0.0325626454637747	0.1441877981563735	_347	2.8286176763812363	1.0	4	0.7777777777777778	7.0	5	False
	349	1.0	214.0	0		0.9118654524068892	CTR_MGH.TATTTCGGTACACGCC	1.1888646915153231	1.0	0	0.7777777777777778	7.0	1	True
	350	1.0	213.0	0		0.9118654524068892	CTR_MGH.ACTGTCCGTGGAACAC	1.1888646915153231	1.0	0	0.7777777777777778	7.0	1	True
	351	1.0	222.0	0		0.7852073974256322	CTR_MGH.TCACACCGTGAGAGGG	1.160335399722202	1.0	0	0.7777777777777778	7.0	1	True
	352	1.0	106.0	2	-0.03406863861367534	0.3380267259659169	_351	2.290230553228064	1.0	2	0.7777777777777778	7.0	2	False
	353	1.0	73.0	0		0.6821622051959557	CTR_MGH.TGTTGAGGTTACCTGA	1.9473924602862671	1.0	0	0.7777777777777778	7.0	1	True
	354	1.0	72.0	0		0.6821622051959557	CTR_MGH.AGAAATGAGTTGTCGT	1.9473924602862671	1.0	0	0.7777777777777778	7.0	1	True
	355	1.0	75.0	0		0.6821622051959557	CTR_MGH.TCATGGACACTTTATC	1.9473924602862671	1.0	0	0.7777777777777778	7.0	1	True
	356	1.0	76.0	0		0.6821622051959557	CTR_MGH.CCGCAAGCAGATACCT	1.9473924602862671	1.0	0	0.7777777777777778	7.0	1	True
	357	1.0	74.0	0		0.6821622051959557	CTR_MGH.AAGACAAGTGTTAGCT	1.9473924602862671	1.0	0	0.7777777777777778	7.0	1	True
	358	1.0	46.0	2	-0.03406863861367534	0.28344696841726247	_357	2.6088361030906917	1.0	2	0.7777777777777778	7.0	2	False
	359	1.0	48.0	2	-0.03406863861367534	0.28344696841726247	_358	2.6088361030906917	1.0	2	0.7777777777777778	7.0	2	False
	360	1.0	47.0	2	-0.03406863861367534	0.28344696841726247	_359	2.6088361030906917	1.0	2	0.7777777777777778	7.0	2	False
	361	1.0	18.0	3	-0.0325626454637747	0.22088162773437325	_360	2.9293140152513026	1.0	3	0.7777777777777778	7.0	3	False
	362	1.0	9.0	10	-0.031234265362386937	0.1050664465687845	_361	3.116476226925254	1.0	6	0.7777777777777778	7.0	8	False
	363	1.0	275.0	0		0.9550839251374454	CTR_MGH.CGTAAGTTCGTAGCCG	1.0247168737329733	1.0	0	0.8888888888888888	8.0	1	True
	364	1.0	276.0	0		0.9550839251374454	CTR_MGH.CGTGATAAGCTCGGCT	1.0247168737329733	1.0	0	0.8888888888888888	8.0	1	True
	365	1.0	272.0	0		0.9527517542675628	CTR_MGH.CGAGGCTTCAAAGACA	1.0324009904793021	1.0	0	0.8888888888888888	8.0	1	True
	366	1.0	271.0	0		0.9527517542675628	CTR_MGH.GTGCTTCAGTTGCATC	1.0324009904793021	1.0	0	0.8888888888888888	8.0	1	True
	367	1.0	231.0	0		0.9237880703226184	CTR_MGH.AGGATAAGTTCAACGT	1.13599369679237	1.0	0	0.8888888888888888	8.0	1	True
	368	1.0	229.0	0		0.9237880703226184	CTR_MGH.AGATGAAAGCACACCC	1.13599369679237	1.0	0	0.8888888888888888	8.0	1	True
	369	1.0	230.0	0		0.9237880703226184	CTR_MGH.GGCTTTCGTGTGAGCA	1.13599369679237	1.0	0	0.8888888888888888	8.0	1	True
	370	1.0	232.0	0		0.9237880703226184	CTR_MGH.TGCGGCAGTGCGTGCT	1.13599369679237	1.0	0	0.8888888888888888	8.0	1	True
	371	1.0	212.0	0		0.9152876912436185	CTR_MGH.TTGCTGCTCGCGAAGA	1.2278794353159843	1.0	0	0.8888888888888888	8.0	1	True
	372	1.0	211.0	0		0.9152876912436185	CTR_MGH.TGTTCTAGTACTAACC	1.2278794353159843	1.0	0	0.8888888888888888	8.0	1	True
	373	1.0	133.0	0		0.7572470933693634	CTR_MGH.AGTACCACATGGTGGA	1.5841657159064897	1.0	0	0.8888888888888888	8.0	1	True
	374	1.0	132.0	0		0.7572470933693634	CTR_MGH.GTCAAGTCAGCGCTTG	1.5841657159064897	1.0	0	0.8888888888888888	8.0	1	True
	375	1.0	134.0	0		0.7572470933693634	CTR_MGH.TGTGATGCATCCTGTC	1.5841657159064897	1.0	0	0.8888888888888888	8.0	1	True
	376	1.0	70.0	2	-0.03786343827481682	0.30794965218513237	_375	2.467586822431322	1.0	2	0.8888888888888888	8.0	2	False
	377	1.0	249.0	0		0.9458338062301999	CTR_MGH.TGACAGTCACCTATCC	1.0648394073743845	1.0	0	0.8888888888888888	8.0	1	True
	378	1.0	248.0	0		0.9458338062301999	CTR_MGH.AAGCATCGTGAGGAAA	1.0648394073743845	1.0	0	0.8888888888888888	8.0	1	True
	379	1.0	167.0	0		0.8882803281982024	CTR_MGH.CGTAATGTCGGTCAGC	1.3720253160040152	1.0	0	0.8888888888888888	8.0	1	True
	380	1.0	171.0	0		0.8882803281982024	CTR_MGH.TTCACCGTCAAATAGG	1.3720253160040152	1.0	0	0.8888888888888888	8.0	1	True
	381	1.0	168.0	0		0.8882803281982024	CTR_MGH.TCATGCCAGTTTCGGT	1.3720253160040152	1.0	0	0.8888888888888888	8.0	1	True
	382	1.0	169.0	0		0.8882803281982024	CTR_MGH.TTAATCCCATCAGCGC	1.3720253160040152	1.0	0	0.8888888888888888	8.0	1	True
	383	1.0	166.0	0		0.8882803281982024	CTR_MGH.AGGCATTAGTATGATG	1.3720253160040152	1.0	0	0.8888888888888888	8.0	1	True
	384	1.0	170.0	0		0.8882803281982024	CTR_MGH.CGTAGTAAGACTTGTC	1.3720253160040152	1.0	0	0.8888888888888888	8.0	1	True
	385	1.0	117.0	0		0.8242695652072647	CTR_MGH.AACAAAGCATTAGGCT	1.6776412272981258	1.0	0	0.8888888888888888	8.0	1	True
	386	1.0	115.0	0		0.8242695652072647	CTR_MGH.GTCGCGAGTCGACTGC	1.6776412272981258	1.0	0	0.8888888888888888	8.0	1	True
	387	1.0	116.0	0		0.8242695652072647	CTR_MGH.GGGACAACAGAAGCGT	1.6776412272981258	1.0	0	0.8888888888888888	8.0	1	True
	388	1.0	86.0	0		0.7181646317500818	CTR_MGH.ACTATTCTCGCTGTCT	1.8561911995567817	1.0	0	0.8888888888888888	8.0	1	True
	389	1.0	84.0	0		0.7181646317500818	CTR_MGH.TACCTCGAGGAGCAAA	1.8561911995567817	1.0	0	0.8888888888888888	8.0	1	True
	390	1.0	83.0	0		0.7181646317500818	CTR_MGH.TGTTGGATCAAGAATG	1.8561911995567817	1.0	0	0.8888888888888888	8.0	1	True
	391	1.0	85.0	0		0.7181646317500818	CTR_MGH.TCTATACGTATCTCTT	1.8561911995567817	1.0	0	0.8888888888888888	8.0	1	True
	392	1.0	51.0	2	-0.03786343827481682	0.2916233235362027	_391	2.573986994190658	1.0	2	0.8888888888888888	8.0	2	False
	393	1.0	52.0	2	-0.03786343827481682	0.2916233235362027	_392	2.573986994190658	1.0	2	0.8888888888888888	8.0	2	False
	394	1.0	204.0	0		0.9140853905227311	CTR_MGH.ACATTTCTCTCCTGAC	1.23621466874211	1.0	0	1.0	9.0	1	True
	395	1.0	203.0	0		0.9140853905227311	CTR_MGH.TCTCAGCGTGAAAGTT	1.23621466874211	1.0	0	1.0	9.0	1	True
	396	1.0	175.0	0		0.8965805172633303	CTR_MGH.GTGGAAGCACTCTAGA	1.3385389772965257	1.0	0	1.0	9.0	1	True
	397	1.0	172.0	0		0.8965805172633303	CTR_MGH.TCATGGACATCCAACA	1.3385389772965257	1.0	0	1.0	9.0	1	True
	398	1.0	173.0	0		0.8965805172633303	CTR_MGH.AGAACCTCATCATCCC	1.3385389772965257	1.0	0	1.0	9.0	1	True
	399	1.0	174.0	0		0.8965805172633303	CTR_MGH.AGACCATTCCGATAAC	1.3385389772965257	1.0	0	1.0	9.0	1	True
