name_tree	id_node	dist	rank	num_descendants	var_fitness	name	mean_fitness	support	num_children	depth_normalized	depth	num_leaf_descendants	is_leaf
	0	0.0		105				1.0	105	0.0	0.0	105	False
	1	1.0	99.0	0	1.1134325247989965	GEM_RT.CGAAGGACACACCGCA	0.30316679282156256	1.0	0	1.0	1.0	1	True
	2	1.0	89.0	0	1.1134325247989965	GEM_RT.AGTCATGCAGTCCCGA	0.30316679282156256	1.0	0	1.0	1.0	1	True
	3	1.0	88.0	0	1.1134325247989965	GEM_RT.CCAATGATCTTTGATC	0.30316679282156256	1.0	0	1.0	1.0	1	True
	4	1.0	59.0	0	1.1134325247989965	GEM_RT.CTACATTGTGCTGATT	0.30316679282156256	1.0	0	1.0	1.0	1	True
	5	1.0	96.0	0	1.1134325247989965	GEM_RT.ATGGATCCACTGCGTG	0.30316679282156256	1.0	0	1.0	1.0	1	True
	6	1.0	71.0	0	1.1134325247989965	GEM_RT.AGCTACACATAAGCAA	0.30316679282156256	1.0	0	1.0	1.0	1	True
	7	1.0	87.0	0	1.1134325247989965	GEM_RT.TTACGCCAGGCATCGA	0.30316679282156256	1.0	0	1.0	1.0	1	True
	8	1.0	9.0	0	1.1134325247989965	GEM_RT.CCTTCAGGTATCGTTG	0.30316679282156256	1.0	0	1.0	1.0	1	True
	9	1.0	32.0	0	1.1134325247989965	GEM_RT.AGCTCAAGTGAGGATC	0.30316679282156256	1.0	0	1.0	1.0	1	True
	10	1.0	21.0	0	1.1134325247989965	GEM_RT.TTGGTTTAGGTGGTTG	0.30316679282156256	1.0	0	1.0	1.0	1	True
	11	1.0	104.0	0	1.1134325247989965	GEM_RT.GTTCTATAGTCAAGCG	0.30316679282156256	1.0	0	1.0	1.0	1	True
	12	1.0	93.0	0	1.1134325247989965	GEM_RT.GTCACTCGTTATGTGC	0.30316679282156256	1.0	0	1.0	1.0	1	True
	13	1.0	66.0	0	1.1134325247989965	GEM_RT.GTGTTCCAGGGCAGTT	0.30316679282156256	1.0	0	1.0	1.0	1	True
	14	1.0	30.0	0	1.1134325247989965	GEM_RT.TACAGGTCAATTCGTG	0.30316679282156256	1.0	0	1.0	1.0	1	True
	15	1.0	51.0	0	1.1134325247989965	GEM_RT.CTACGGGCAGGTCAGA	0.30316679282156256	1.0	0	1.0	1.0	1	True
	16	1.0	19.0	0	1.1134325247989965	GEM_RT.AAAGGGCAGCTGTCCG	0.30316679282156256	1.0	0	1.0	1.0	1	True
	17	1.0	74.0	0	1.1134325247989965	GEM_RT.TCCTCTTTCGGTCTAA	0.30316679282156256	1.0	0	1.0	1.0	1	True
	18	1.0	60.0	0	1.1134325247989965	GEM_RT.GTTGAACCAACTTCTT	0.30316679282156256	1.0	0	1.0	1.0	1	True
	19	1.0	84.0	0	1.1134325247989965	GEM_RT.TTCAATCCATCTAACG	0.30316679282156256	1.0	0	1.0	1.0	1	True
	20	1.0	39.0	0	1.1134325247989965	GEM_RT.GTCATTTGTTTCGTGA	0.30316679282156256	1.0	0	1.0	1.0	1	True
	21	1.0	40.0	0	1.1134325247989965	GEM_RT.TATCTTGTCTCGCAGG	0.30316679282156256	1.0	0	1.0	1.0	1	True
	22	1.0	15.0	0	1.1134325247989965	GEM_RT.AGGTGTTCACCCAAGC	0.30316679282156256	1.0	0	1.0	1.0	1	True
	23	1.0	37.0	0	1.1134325247989965	GEM_RT.TTCTCTCAGTAAATGC	0.30316679282156256	1.0	0	1.0	1.0	1	True
	24	1.0	49.0	0	1.1134325247989965	GEM_RT.GCTACAAGTGGAACCA	0.30316679282156256	1.0	0	1.0	1.0	1	True
	25	1.0	47.0	0	1.1134325247989965	GEM_RT.GTTGTGATCGGTAAGG	0.30316679282156256	1.0	0	1.0	1.0	1	True
	26	1.0	77.0	0	1.1134325247989965	GEM_RT.GCCAGGTGTACGTACT	0.30316679282156256	1.0	0	1.0	1.0	1	True
	27	1.0	68.0	0	1.1134325247989965	GEM_RT.CCCTCTCAGTATGTAG	0.30316679282156256	1.0	0	1.0	1.0	1	True
	28	1.0	78.0	0	1.1134325247989965	GEM_RT.AGTAGTCTCGAGTCTA	0.30316679282156256	1.0	0	1.0	1.0	1	True
	29	1.0	105.0	0	1.1134325247989965	GEM_RT.GTAATCGAGTCGTTAC	0.30316679282156256	1.0	0	1.0	1.0	1	True
	30	1.0	42.0	0	1.1134325247989965	GEM_RT.TTACCATCACCCTCTA	0.30316679282156256	1.0	0	1.0	1.0	1	True
	31	1.0	92.0	0	1.1134325247989965	GEM_RT.TGCAGTACAAGCTACT	0.30316679282156256	1.0	0	1.0	1.0	1	True
	32	1.0	26.0	0	1.1134325247989965	GEM_RT.TGGGAGATCTTTCCAA	0.30316679282156256	1.0	0	1.0	1.0	1	True
	33	1.0	11.0	0	1.1134325247989965	GEM_RT.ATCAGGTAGACGCCAA	0.30316679282156256	1.0	0	1.0	1.0	1	True
	34	1.0	3.0	0	1.1134325247989965	GEM_RT.TTTGTTGGTGAATAAC	0.30316679282156256	1.0	0	1.0	1.0	1	True
	35	1.0	58.0	0	1.1134325247989965	GEM_RT.AATCACGGTTCGTGCG	0.30316679282156256	1.0	0	1.0	1.0	1	True
	36	1.0	90.0	0	1.1134325247989965	GEM_RT.GTTACCCCAACTAGAA	0.30316679282156256	1.0	0	1.0	1.0	1	True
	37	1.0	70.0	0	1.1134325247989965	GEM_RT.TTTCATGAGCTCGGCT	0.30316679282156256	1.0	0	1.0	1.0	1	True
	38	1.0	5.0	0	1.1134325247989965	GEM_RT.GTCCCATAGGAGAGTA	0.30316679282156256	1.0	0	1.0	1.0	1	True
	39	1.0	36.0	0	1.1134325247989965	GEM_RT.GGGATCCAGGGTCTTT	0.30316679282156256	1.0	0	1.0	1.0	1	True
	40	1.0	81.0	0	1.1134325247989965	GEM_RT.CTCAGAAAGACGCTCC	0.30316679282156256	1.0	0	1.0	1.0	1	True
	41	1.0	101.0	0	1.1134325247989965	GEM_RT.AAAGGGCAGGGTATAT	0.30316679282156256	1.0	0	1.0	1.0	1	True
	42	1.0	52.0	0	1.1134325247989965	GEM_RT.GTACAACAGTAGCCAG	0.30316679282156256	1.0	0	1.0	1.0	1	True
	43	1.0	83.0	0	1.1134325247989965	GEM_RT.GTGCAGCTCTCTGAGA	0.30316679282156256	1.0	0	1.0	1.0	1	True
	44	1.0	33.0	0	1.1134325247989965	GEM_RT.GTAGAGGTCAAGCTGT	0.30316679282156256	1.0	0	1.0	1.0	1	True
	45	1.0	35.0	0	1.1134325247989965	GEM_RT.CGAGGAACAGGTTCCG	0.30316679282156256	1.0	0	1.0	1.0	1	True
	46	1.0	85.0	0	1.1134325247989965	GEM_RT.CTGCAGGCATGTCTAG	0.30316679282156256	1.0	0	1.0	1.0	1	True
	47	1.0	79.0	0	1.1134325247989965	GEM_RT.CTGCTCAGTCGATTCA	0.30316679282156256	1.0	0	1.0	1.0	1	True
	48	1.0	102.0	0	1.1134325247989965	GEM_RT.GTGGGAATCGACCCAG	0.30316679282156256	1.0	0	1.0	1.0	1	True
	49	1.0	34.0	0	1.1134325247989965	GEM_RT.TCACTATTCTTCGGAA	0.30316679282156256	1.0	0	1.0	1.0	1	True
	50	1.0	69.0	0	1.1134325247989965	GEM_RT.TAAGCGTTCGCACGAC	0.30316679282156256	1.0	0	1.0	1.0	1	True
	51	1.0	65.0	0	1.1134325247989965	GEM_RT.ATTCGTTGTGTTCAGT	0.30316679282156256	1.0	0	1.0	1.0	1	True
	52	1.0	94.0	0	1.1134325247989965	GEM_RT.TGTGAGTAGATTAGTG	0.30316679282156256	1.0	0	1.0	1.0	1	True
	53	1.0	80.0	0	1.1134325247989965	GEM_RT.GGGAGTAGTCTGCCTT	0.30316679282156256	1.0	0	1.0	1.0	1	True
	54	1.0	41.0	0	1.1134325247989965	GEM_RT.TGCAGATAGCCAAGCA	0.30316679282156256	1.0	0	1.0	1.0	1	True
	55	1.0	38.0	0	1.1134325247989965	GEM_RT.ATCCGTCGTCTGTAAC	0.30316679282156256	1.0	0	1.0	1.0	1	True
	56	1.0	4.0	0	1.1134325247989965	GEM_RT.CAAAGAAAGGTATTGA	0.30316679282156256	1.0	0	1.0	1.0	1	True
	57	1.0	46.0	0	1.1134325247989965	GEM_RT.ATCCACCGTTAAACAG	0.30316679282156256	1.0	0	1.0	1.0	1	True
	58	1.0	18.0	0	1.1134325247989965	GEM_RT.CTCCATGGTGATTCTG	0.30316679282156256	1.0	0	1.0	1.0	1	True
	59	1.0	72.0	0	1.1134325247989965	GEM_RT.TGGAGGATCTTTCGAT	0.30316679282156256	1.0	0	1.0	1.0	1	True
	60	1.0	12.0	0	1.1134325247989965	GEM_RT.AGTTCGAAGCTCCGAC	0.30316679282156256	1.0	0	1.0	1.0	1	True
	61	1.0	25.0	0	1.1134325247989965	GEM_RT.GGGTAGACACAACGTT	0.30316679282156256	1.0	0	1.0	1.0	1	True
	62	1.0	10.0	0	1.1134325247989965	GEM_RT.GAGTTGTCACCAATTG	0.30316679282156256	1.0	0	1.0	1.0	1	True
	63	1.0	62.0	0	1.1134325247989965	GEM_RT.TTTGACTAGAGGACTC	0.30316679282156256	1.0	0	1.0	1.0	1	True
	64	1.0	20.0	0	1.1134325247989965	GEM_RT.GACCCTTCATTGAGCT	0.30316679282156256	1.0	0	1.0	1.0	1	True
	65	1.0	1.0	0	1.1134325247989965	GEM_RT.TCCATGCGTACCAGAG	0.30316679282156256	1.0	0	1.0	1.0	1	True
	66	1.0	48.0	0	1.1134325247989965	GEM_RT.ATCTCTAAGGACAAGA	0.30316679282156256	1.0	0	1.0	1.0	1	True
	67	1.0	6.0	0	1.1134325247989965	GEM_RT.ATTTCACAGGGTTAGC	0.30316679282156256	1.0	0	1.0	1.0	1	True
	68	1.0	56.0	0	1.1134325247989965	GEM_RT.TCATTGTCAATTGCTG	0.30316679282156256	1.0	0	1.0	1.0	1	True
	69	1.0	27.0	0	1.1134325247989965	GEM_RT.TCCGATCCATCTCATT	0.30316679282156256	1.0	0	1.0	1.0	1	True
	70	1.0	67.0	0	1.1134325247989965	GEM_RT.TAGACTGTCGAAGCAG	0.30316679282156256	1.0	0	1.0	1.0	1	True
	71	1.0	16.0	0	1.1134325247989965	GEM_RT.TGTAACGAGTGTACAA	0.30316679282156256	1.0	0	1.0	1.0	1	True
	72	1.0	75.0	0	1.1134325247989965	GEM_RT.TCCATGCTCCAGCAAT	0.30316679282156256	1.0	0	1.0	1.0	1	True
	73	1.0	61.0	0	1.1134325247989965	GEM_RT.CATTGAGCAGGCAATG	0.30316679282156256	1.0	0	1.0	1.0	1	True
	74	1.0	44.0	0	1.1134325247989965	GEM_RT.TTCAATCTCCCATTCG	0.30316679282156256	1.0	0	1.0	1.0	1	True
	75	1.0	64.0	0	1.1134325247989965	GEM_RT.CATTGCCGTGACTAAA	0.30316679282156256	1.0	0	1.0	1.0	1	True
	76	1.0	43.0	0	1.1134325247989965	GEM_RT.CCGAACGGTGATGTAA	0.30316679282156256	1.0	0	1.0	1.0	1	True
	77	1.0	23.0	0	1.1134325247989965	GEM_RT.AGGAAATGTTAAGGAT	0.30316679282156256	1.0	0	1.0	1.0	1	True
	78	1.0	100.0	0	1.1134325247989965	GEM_RT.AGGTTACGTATTCCTT	0.30316679282156256	1.0	0	1.0	1.0	1	True
	79	1.0	14.0	0	1.1134325247989965	GEM_RT.TTTCAGTCAAGTAGTA	0.30316679282156256	1.0	0	1.0	1.0	1	True
	80	1.0	54.0	0	1.1134325247989965	GEM_RT.TCGTGCTCACCTTCGT	0.30316679282156256	1.0	0	1.0	1.0	1	True
	81	1.0	98.0	0	1.1134325247989965	GEM_RT.TAGGGTTTCTTGGTCC	0.30316679282156256	1.0	0	1.0	1.0	1	True
	82	1.0	82.0	0	1.1134325247989965	GEM_RT.TGATTTCTCCTATGGA	0.30316679282156256	1.0	0	1.0	1.0	1	True
	83	1.0	45.0	0	1.1134325247989965	GEM_RT.CACGAATTCGCGAAGA	0.30316679282156256	1.0	0	1.0	1.0	1	True
	84	1.0	13.0	0	1.1134325247989965	GEM_RT.ATCACAGCATCGAACT	0.30316679282156256	1.0	0	1.0	1.0	1	True
	85	1.0	55.0	0	1.1134325247989965	GEM_RT.ACAGCCGTCCGCGATG	0.30316679282156256	1.0	0	1.0	1.0	1	True
	86	1.0	24.0	0	1.1134325247989965	GEM_RT.TGTCAGAAGAGAATCT	0.30316679282156256	1.0	0	1.0	1.0	1	True
	87	1.0	76.0	0	1.1134325247989965	GEM_RT.ATTACCTCACGTAACT	0.30316679282156256	1.0	0	1.0	1.0	1	True
	88	1.0	86.0	0	1.1134325247989965	GEM_RT.CACAACACAGCTAACT	0.30316679282156256	1.0	0	1.0	1.0	1	True
	89	1.0	22.0	0	1.1134325247989965	GEM_RT.CCATAAGTCATGAGGG	0.30316679282156256	1.0	0	1.0	1.0	1	True
	90	1.0	50.0	0	1.1134325247989965	GEM_RT.GATTGGTCAGAACTTC	0.30316679282156256	1.0	0	1.0	1.0	1	True
	91	1.0	7.0	0	1.1134325247989965	GEM_RT.TCTCACGCACTTCTCG	0.30316679282156256	1.0	0	1.0	1.0	1	True
	92	1.0	95.0	0	1.1134325247989965	GEM_RT.GCGAGAAAGTGATAAC	0.30316679282156256	1.0	0	1.0	1.0	1	True
	93	1.0	63.0	0	1.1134325247989965	GEM_RT.CGTGTCTCACATAGCT	0.30316679282156256	1.0	0	1.0	1.0	1	True
	94	1.0	57.0	0	1.1134325247989965	GEM_RT.TTTGATCCAGTTGTTG	0.30316679282156256	1.0	0	1.0	1.0	1	True
	95	1.0	97.0	0	1.1134325247989965	GEM_RT.TCTGGCTCAAACGAGC	0.30316679282156256	1.0	0	1.0	1.0	1	True
	96	1.0	29.0	0	1.1134325247989965	GEM_RT.TTAGGGTTCGGTAGAG	0.30316679282156256	1.0	0	1.0	1.0	1	True
	97	1.0	91.0	0	1.1134325247989965	GEM_RT.ATCCCTGTCGCTTTAT	0.30316679282156256	1.0	0	1.0	1.0	1	True
	98	1.0	28.0	0	1.1134325247989965	GEM_RT.TGCTTGCTCACGAGGA	0.30316679282156256	1.0	0	1.0	1.0	1	True
	99	1.0	17.0	0	1.1134325247989965	GEM_RT.TGTGAGTCAATGACCT	0.30316679282156256	1.0	0	1.0	1.0	1	True
	100	1.0	73.0	0	1.1134325247989965	GEM_RT.TTCGCTGCACTCAGAT	0.30316679282156256	1.0	0	1.0	1.0	1	True
	101	1.0	103.0	0	1.1134325247989965	GEM_RT.TACCTCGAGTAGGGTC	0.30316679282156256	1.0	0	1.0	1.0	1	True
	102	1.0	31.0	0	1.1134325247989965	GEM_RT.GTACAACGTCTGCGCA	0.30316679282156256	1.0	0	1.0	1.0	1	True
	103	1.0	8.0	0	1.1134325247989965	GEM_RT.GACCCTTCATGGAAGC	0.30316679282156256	1.0	0	1.0	1.0	1	True
	104	1.0	2.0	0	1.1134325247989965	GEM_RT.GACACGCGTTTCAGAC	0.30316679282156256	1.0	0	1.0	1.0	1	True
	105	1.0	53.0	0	1.1134325247989965	GEM_RT.CTTCTCTGTCCTATAG	0.30316679282156256	1.0	0	1.0	1.0	1	True
