name_tree	id_node	dist	rank	num_descendants	expansion_score	var_fitness	name	mean_fitness	support	num_children	depth_normalized	depth	num_leaf_descendants	is_leaf
	0	0.0		44					1.0	2	0.0	0.0	35	False
	1	1.0	3.0	13	-0.007719913901266031	0.0968548144365533	_0	2.5777924254266646	1.0	4	0.2	1.0	12	False
	2	1.0	10.0	29	-0.001545657906062045	0.10362013746067955	_1	2.1699033876007934	1.0	2	0.2	1.0	23	False
	3	1.0	26.0	0		0.9029660650780437	GEM_RT.TTTGATCAGTAGTCCT	0.9985129861678095	1.0	0	0.4	2.0	1	True
	4	1.0	25.0	0		0.9029660650780437	GEM_RT.GTAACCAAGGGTCAAC	0.9985129861678095	1.0	0	0.4	2.0	1	True
	5	1.0	24.0	0		0.9029660650780437	GEM_RT.GCACTAAAGGAGCAAA	0.9985129861678095	1.0	0	0.4	2.0	1	True
	6	1.0	2.0	9	-0.006659755339057603	0.053437879629843366	_5	3.000111352600758	1.0	9	0.4	2.0	9	False
	7	1.0	4.0	6	-0.005474747717705235	0.09715658113099312	_6	2.5364501714733407	1.0	4	0.4	2.0	5	False
	8	1.0	6.0	21	-0.005251065205028622	0.09363862631721087	_7	2.3181799525854947	1.0	3	0.4	2.0	18	False
	9	1.0	15.0	0		0.8595934800462781	GEM_RT.TCATGAGCAGAGAATT	1.3214456472484812	1.0	0	0.6	3.0	1	True
	10	1.0	23.0	0		0.8595934800462781	GEM_RT.CTGCCATAGCCGATTT	1.3214456472484812	1.0	0	0.6	3.0	1	True
	11	1.0	16.0	0		0.8595934800462781	GEM_RT.CCACCATAGCCGTCGT	1.3214456472484812	1.0	0	0.6	3.0	1	True
	12	1.0	21.0	0		0.8595934800462781	GEM_RT.TCTTCCTAGCACCAGA	1.3214456472484812	1.0	0	0.6	3.0	1	True
	13	1.0	22.0	0		0.8595934800462781	GEM_RT.TTGAGTGTCCCAGGCA	1.3214456472484812	1.0	0	0.6	3.0	1	True
	14	1.0	18.0	0		0.8595934800462781	GEM_RT.GTCAGCGGTATGTGTC	1.3214456472484812	1.0	0	0.6	3.0	1	True
	15	1.0	19.0	0		0.8595934800462781	GEM_RT.GGGACTCCACCTTCCA	1.3214456472484812	1.0	0	0.6	3.0	1	True
	16	1.0	17.0	0		0.8595934800462781	GEM_RT.CAAGACTTCTGCACCT	1.3214456472484812	1.0	0	0.6	3.0	1	True
	17	1.0	20.0	0		0.8595934800462781	GEM_RT.CTACATTAGCACTAGG	1.3214456472484812	1.0	0	0.6	3.0	1	True
	18	1.0	29.0	0		0.9053559861168621	GEM_RT.TAATTCCGTAACGCGA	0.9657053692629008	1.0	0	0.6	3.0	1	True
	19	1.0	27.0	0		0.9053559861168621	GEM_RT.GTTCTATTCCTACGGG	0.9657053692629008	1.0	0	0.6	3.0	1	True
	20	1.0	28.0	0		0.9053559861168621	GEM_RT.TACCCACGTGACAGGT	0.9657053692629008	1.0	0	0.6	3.0	1	True
	21	1.0	8.0	2	-0.007241678654719275	0.20579689212615193	_20	2.2206316942871367	1.0	2	0.6	3.0	2	False
	22	1.0	30.0	0		0.9137637174925748	GEM_RT.CTCTGGTCATGACTAC	0.7884870673343688	1.0	0	0.6	3.0	1	True
	23	1.0	9.0	2	-0.007241678654719275	0.20984584315843247	_22	2.1935394562070742	1.0	2	0.6	3.0	2	False
	24	1.0	7.0	16	-0.008748414622955634	0.13547186230727792	_23	2.2244098773221586	1.0	2	0.6	3.0	15	False
	25	1.0	32.0	0		0.9987066233979345	GEM_RT.GCAACATCAACCAATC	0.6993150261024725	1.0	0	0.8	4.0	1	True
	26	1.0	33.0	0		0.9987066233979345	GEM_RT.AAACGAATCGTGACTA	0.6993150261024725	1.0	0	0.8	4.0	1	True
	27	1.0	35.0	0		1.0034401386341525	GEM_RT.GGGATGATCAAAGCCT	0.6762555655690246	1.0	0	0.8	4.0	1	True
	28	1.0	34.0	0		1.0034401386341525	GEM_RT.CAATACGCAAGTTCGT	0.6762555655690246	1.0	0	0.8	4.0	1	True
	29	1.0	31.0	0		0.9477282590707224	GEM_RT.GGGTCTGCATCGGAGA	0.7070919466423298	1.0	0	0.8	4.0	1	True
	30	1.0	1.0	14	-0.010530505027708578	0.03603910206916794	_29	3.1077452233997525	1.0	14	0.8	4.0	14	False
	31	1.0	1.0	0		0.8470510017470623	GEM_RT.ATCTTCAGTTACCTGA	1.3997736910254825	1.0	0	1.0	5.0	1	True
	32	1.0	7.0	0		0.8470510017470623	GEM_RT.AAGCATCTCTACACTT	1.3997736910254825	1.0	0	1.0	5.0	1	True
	33	1.0	14.0	0		0.8470510017470623	GEM_RT.CCGGTGAGTTGAGTCT	1.3997736910254825	1.0	0	1.0	5.0	1	True
	34	1.0	9.0	0		0.8470510017470623	GEM_RT.TCAGCAACATGCACTA	1.3997736910254825	1.0	0	1.0	5.0	1	True
	35	1.0	5.0	0		0.8470510017470623	GEM_RT.GGTCTGGAGGGTCTTT	1.3997736910254825	1.0	0	1.0	5.0	1	True
	36	1.0	12.0	0		0.8470510017470623	GEM_RT.CAACGATAGCAGCAGT	1.3997736910254825	1.0	0	1.0	5.0	1	True
	37	1.0	11.0	0		0.8470510017470623	GEM_RT.GGATGTTGTATGCTTG	1.3997736910254825	1.0	0	1.0	5.0	1	True
	38	1.0	6.0	0		0.8470510017470623	GEM_RT.CGTGATAAGAACCCGA	1.3997736910254825	1.0	0	1.0	5.0	1	True
	39	1.0	8.0	0		0.8470510017470623	GEM_RT.CCCATTGCATCTCAAG	1.3997736910254825	1.0	0	1.0	5.0	1	True
	40	1.0	3.0	0		0.8470510017470623	GEM_RT.TCTCAGCCAGGGATAC	1.3997736910254825	1.0	0	1.0	5.0	1	True
	41	1.0	13.0	0		0.8470510017470623	GEM_RT.TGCTTGCCAGCATCTA	1.3997736910254825	1.0	0	1.0	5.0	1	True
	42	1.0	4.0	0		0.8470510017470623	GEM_RT.GCAGTTAGTTGGCCGT	1.3997736910254825	1.0	0	1.0	5.0	1	True
	43	1.0	2.0	0		0.8470510017470623	GEM_RT.GCCAGCAAGCTGTCCG	1.3997736910254825	1.0	0	1.0	5.0	1	True
	44	1.0	10.0	0		0.8470510017470623	GEM_RT.GTGTAACCACCCGTAG	1.3997736910254825	1.0	0	1.0	5.0	1	True
