name_tree	id_node	dist	rank	num_descendants	expansion_score	var_fitness	name	mean_fitness	support	num_children	depth_normalized	depth	num_leaf_descendants	is_leaf
	0	0.0		801					1.0	2	0.0	0.0	731	False
	1	1.0	71.0	370	-0.01639898075073352	0.10881139446552357	_0	2.406246801584351	1.0	2	0.16666666666666666	1.0	327	False
	2	1.0	53.0	429	-0.014269192289284001	0.14060707627668112	_1	2.70241473659648	1.0	2	0.16666666666666666	1.0	404	False
	3	1.0	57.0	53	-0.047479871569535995	0.08694020048510787	_2	2.658906750234439	1.0	4	0.3333333333333333	2.0	42	False
	4	1.0	52.0	315	-0.0177324721131402	0.14213479650162775	_3	2.7493532968844523	1.0	2	0.3333333333333333	2.0	285	False
	5	1.0	43.0	65	-0.034629226838346266	0.07387452031242425	_4	2.905324144630268	1.0	5	0.3333333333333333	2.0	58	False
	6	1.0	9.0	362	-0.02430584584594803	0.03681385417750249	_5	4.153514635700964	1.0	30	0.3333333333333333	2.0	346	False
	7	1.0	710.0	0		0.66360440739175	GEM_RT.AACCTTTCAAGTGGAC	1.4960992996405729	1.0	0	0.5	3.0	1	True
	8	1.0	59.0	6	-0.05693603406185739	0.16408885235222925	_7	2.5957417634045576	1.0	2	0.5	3.0	5	False
	9	1.0	44.0	12	-0.05334173169973023	0.09475886358584695	_8	2.897096155677431	1.0	4	0.5	3.0	9	False
	10	1.0	68.0	31	-0.05808729681639348	0.16391012481274903	_9	2.4925196586977405	1.0	2	0.5	3.0	27	False
	11	1.0	18.0	55	-0.04252639841353294	0.04843474499353917	_10	3.543923162437181	1.0	19	0.5	3.0	41	False
	12	1.0	13.0	258	-0.02104600572754014	0.04573131524333007	_11	3.867499563012677	1.0	23	0.5	3.0	244	False
	13	1.0	65.0	2	-0.06186999788511811	0.3141598449205256	_12	2.5500956027968464	1.0	2	0.5	3.0	2	False
	14	1.0	64.0	2	-0.06186999788511811	0.3141598449205256	_13	2.5500956027968464	1.0	2	0.5	3.0	2	False
	15	1.0	63.0	2	-0.06186999788511811	0.3141598449205256	_14	2.5500956027968464	1.0	2	0.5	3.0	2	False
	16	1.0	58.0	6	-0.05693603406185739	0.16566847210617386	_15	2.6542497244310894	1.0	2	0.5	3.0	5	False
	17	1.0	20.0	48	-0.03843983151058755	0.1657656633621336	_16	3.5006773809529146	1.0	5	0.5	3.0	47	False
	18	1.0	544.0	0		0.6103961920570402	GEM_RT.CTCAAGATCTAGGAAA	2.9106426847994067	1.0	0	0.5	3.0	1	True
	19	1.0	540.0	0		0.6103961920570402	GEM_RT.AATTCCTTCACCCTGT	2.9106426847994067	1.0	0	0.5	3.0	1	True
	20	1.0	541.0	0		0.6103961920570402	GEM_RT.CTTCTCTCACCCTAAA	2.9106426847994067	1.0	0	0.5	3.0	1	True
	21	1.0	551.0	0		0.6103961920570402	GEM_RT.GCACGGTCATAGGTAA	2.9106426847994067	1.0	0	0.5	3.0	1	True
	22	1.0	553.0	0		0.6103961920570402	GEM_RT.CTCCTCCCACTGGAAG	2.9106426847994067	1.0	0	0.5	3.0	1	True
	23	1.0	542.0	0		0.6103961920570402	GEM_RT.ATACCTTAGGGTCAAC	2.9106426847994067	1.0	0	0.5	3.0	1	True
	24	1.0	547.0	0		0.6103961920570402	GEM_RT.TACCGAACACCGTGGT	2.9106426847994067	1.0	0	0.5	3.0	1	True
	25	1.0	552.0	0		0.6103961920570402	GEM_RT.GAGGGATTCGTGGACC	2.9106426847994067	1.0	0	0.5	3.0	1	True
	26	1.0	555.0	0		0.6103961920570402	GEM_RT.CGCAGGTAGCCTTTCC	2.9106426847994067	1.0	0	0.5	3.0	1	True
	27	1.0	545.0	0		0.6103961920570402	GEM_RT.TCTGGCTAGCGATTCT	2.9106426847994067	1.0	0	0.5	3.0	1	True
	28	1.0	546.0	0		0.6103961920570402	GEM_RT.AGACAAATCCAACTAG	2.9106426847994067	1.0	0	0.5	3.0	1	True
	29	1.0	543.0	0		0.6103961920570402	GEM_RT.GTACAACAGAGGACTC	2.9106426847994067	1.0	0	0.5	3.0	1	True
	30	1.0	549.0	0		0.6103961920570402	GEM_RT.TGAGCATAGAGTGGCT	2.9106426847994067	1.0	0	0.5	3.0	1	True
	31	1.0	550.0	0		0.6103961920570402	GEM_RT.CCCAACTGTAGCTTTG	2.9106426847994067	1.0	0	0.5	3.0	1	True
	32	1.0	554.0	0		0.6103961920570402	GEM_RT.AGTTCCCCAATTCACG	2.9106426847994067	1.0	0	0.5	3.0	1	True
	33	1.0	548.0	0		0.6103961920570402	GEM_RT.GGGTAGATCCGAGGCT	2.9106426847994067	1.0	0	0.5	3.0	1	True
	34	1.0	30.0	2	-0.06186999788511811	0.28819402070027245	_33	3.0820960657403047	1.0	2	0.5	3.0	2	False
	35	1.0	31.0	2	-0.06186999788511811	0.28819402070027245	_34	3.0820960657403047	1.0	2	0.5	3.0	2	False
	36	1.0	29.0	2	-0.06186999788511811	0.28819402070027245	_35	3.0820960657403047	1.0	2	0.5	3.0	2	False
	37	1.0	23.0	3	-0.061167201081831137	0.23190092433278053	_36	3.3583007308977764	1.0	3	0.5	3.0	3	False
	38	1.0	24.0	3	-0.061167201081831137	0.23190092433278053	_37	3.3583007308977764	1.0	3	0.5	3.0	3	False
	39	1.0	22.0	3	-0.061167201081831137	0.23190092433278053	_38	3.3583007308977764	1.0	3	0.5	3.0	3	False
	40	1.0	17.0	4	-0.060547290367850164	0.19248184349669195	_39	3.557554623868511	1.0	4	0.5	3.0	4	False
	41	1.0	14.0	6	-0.0594911288127862	0.14246721286341568	_40	3.8206016302049166	1.0	6	0.5	3.0	6	False
	42	1.0	25.0	9	-0.054163271806369595	0.20850365386285574	_41	3.3504041230064416	1.0	3	0.5	3.0	8	False
	43	1.0	12.0	8	-0.05861189678824324	0.11278148008815769	_42	3.983985679832064	1.0	8	0.5	3.0	8	False
	44	1.0	15.0	20	-0.04714005910531895	0.20157108484642983	_43	3.71577662532526	1.0	4	0.5	3.0	19	False
	45	1.0	5.0	27	-0.053870914970673804	0.03824917486807067	_44	4.423302047541522	1.0	27	0.5	3.0	27	False
	46	1.0	3.0	87	-0.04831274300094059	0.014163192416749126	_45	4.57080057862379	1.0	87	0.5	3.0	87	False
	47	1.0	1.0	156	-0.04536739674864887	0.015211589965364425	_46	4.604168682608847	1.0	156	0.5	3.0	156	False
	48	1.0	712.0	0		0.7369474665579694	GEM_RT.TGGGATTGTTGGGTTT	1.433678761649199	1.0	0	0.6666666666666666	4.0	1	True
	49	1.0	32.0	4	-0.05789562120287821	0.22829722597536062	_48	3.068718422568099	1.0	4	0.6666666666666666	4.0	4	False
	50	1.0	691.0	0		0.6693514125640019	GEM_RT.TGGATGTAGGTAGCCA	1.7268125449258638	1.0	0	0.6666666666666666	4.0	1	True
	51	1.0	67.0	2	-0.060352078020661504	0.31933339888485346	_50	2.545387875130861	1.0	2	0.6666666666666666	4.0	2	False
	52	1.0	66.0	2	-0.060352078020661504	0.31933339888485346	_51	2.545387875130861	1.0	2	0.6666666666666666	4.0	2	False
	53	1.0	27.0	4	-0.05789562120287821	0.2111668486150311	_52	3.1630341476298356	1.0	4	0.6666666666666666	4.0	4	False
	54	1.0	727.0	0		0.7375360502695332	GEM_RT.GCATTAGGTTTGACAC	1.3330677576716297	1.0	0	0.6666666666666666	4.0	1	True
	55	1.0	26.0	29	-0.05904688395741429	0.10424022066549377	_54	3.2483640113036767	1.0	6	0.6666666666666666	4.0	26	False
	56	1.0	623.0	0		0.6229382440084477	GEM_RT.ATCGATGGTTCCGCGA	2.344942100554492	1.0	0	0.6666666666666666	4.0	1	True
	57	1.0	621.0	0		0.6229382440084477	GEM_RT.AACACACCAGGTCAAG	2.344942100554492	1.0	0	0.6666666666666666	4.0	1	True
	58	1.0	622.0	0		0.6229382440084477	GEM_RT.TGACTCCCAGAAATCA	2.344942100554492	1.0	0	0.6666666666666666	4.0	1	True
	59	1.0	618.0	0		0.6229382440084477	GEM_RT.ACGTAGTCAATGTCAC	2.344942100554492	1.0	0	0.6666666666666666	4.0	1	True
	60	1.0	626.0	0		0.6229382440084477	GEM_RT.CCCTAACGTGCACATT	2.344942100554492	1.0	0	0.6666666666666666	4.0	1	True
	61	1.0	624.0	0		0.6229382440084477	GEM_RT.AATAGAGGTATCGAGA	2.344942100554492	1.0	0	0.6666666666666666	4.0	1	True
	62	1.0	625.0	0		0.6229382440084477	GEM_RT.CCCTTAGAGTCTCTGA	2.344942100554492	1.0	0	0.6666666666666666	4.0	1	True
	63	1.0	617.0	0		0.6229382440084477	GEM_RT.TGGTACATCCGTCAAA	2.344942100554492	1.0	0	0.6666666666666666	4.0	1	True
	64	1.0	620.0	0		0.6229382440084477	GEM_RT.ACTATTCTCAAACTGC	2.344942100554492	1.0	0	0.6666666666666666	4.0	1	True
	65	1.0	619.0	0		0.6229382440084477	GEM_RT.ATTATCCAGAAATCCA	2.344942100554492	1.0	0	0.6666666666666666	4.0	1	True
	66	1.0	46.0	2	-0.060352078020661504	0.2926336863828247	_65	2.8255823390010972	1.0	2	0.6666666666666666	4.0	2	False
	67	1.0	48.0	2	-0.060352078020661504	0.2926336863828247	_66	2.8255823390010972	1.0	2	0.6666666666666666	4.0	2	False
	68	1.0	47.0	2	-0.060352078020661504	0.2926336863828247	_67	2.8255823390010972	1.0	2	0.6666666666666666	4.0	2	False
	69	1.0	49.0	2	-0.060352078020661504	0.2926336863828247	_68	2.8255823390010972	1.0	2	0.6666666666666666	4.0	2	False
	70	1.0	56.0	4	-0.06185881398889786	0.18166174367454424	_69	2.6616527797672864	1.0	2	0.6666666666666666	4.0	3	False
	71	1.0	51.0	5	-0.06185881398889786	0.17882902162606662	_70	2.7537023382474195	1.0	2	0.6666666666666666	4.0	4	False
	72	1.0	19.0	5	-0.05686578157614755	0.16626526118922946	_71	3.5336930993198377	1.0	5	0.6666666666666666	4.0	5	False
	73	1.0	35.0	6	-0.060352078020661504	0.1709132233420192	_72	2.9827570070706204	1.0	3	0.6666666666666666	4.0	5	False
	74	1.0	34.0	8	-0.060352078020661504	0.12653254864315855	_73	3.007400061391005	1.0	4	0.6666666666666666	4.0	6	False
	75	1.0	588.0	0		0.6189694431855806	GEM_RT.TCATGTTCAGGGTTGA	2.647307416687064	1.0	0	0.6666666666666666	4.0	1	True
	76	1.0	595.0	0		0.6189694431855806	GEM_RT.TCTACATCAAGGCGTA	2.647307416687064	1.0	0	0.6666666666666666	4.0	1	True
	77	1.0	586.0	0		0.6189694431855806	GEM_RT.TTTCGATAGTCGGCAA	2.647307416687064	1.0	0	0.6666666666666666	4.0	1	True
	78	1.0	592.0	0		0.6189694431855806	GEM_RT.GATGAGGGTGACTAAA	2.647307416687064	1.0	0	0.6666666666666666	4.0	1	True
	79	1.0	589.0	0		0.6189694431855806	GEM_RT.AGTTAGCTCATGGATC	2.647307416687064	1.0	0	0.6666666666666666	4.0	1	True
	80	1.0	587.0	0		0.6189694431855806	GEM_RT.TAACACGTCGCTACAA	2.647307416687064	1.0	0	0.6666666666666666	4.0	1	True
	81	1.0	590.0	0		0.6189694431855806	GEM_RT.AACGAAATCGAGTCTA	2.647307416687064	1.0	0	0.6666666666666666	4.0	1	True
	82	1.0	594.0	0		0.6189694431855806	GEM_RT.AACCCAATCGAGGCAA	2.647307416687064	1.0	0	0.6666666666666666	4.0	1	True
	83	1.0	597.0	0		0.6189694431855806	GEM_RT.CATTGTTCAGACAAGC	2.647307416687064	1.0	0	0.6666666666666666	4.0	1	True
	84	1.0	593.0	0		0.6189694431855806	GEM_RT.CTCAACCGTCTAGGCC	2.647307416687064	1.0	0	0.6666666666666666	4.0	1	True
	85	1.0	591.0	0		0.6189694431855806	GEM_RT.TTCTAACTCCGTGTAA	2.647307416687064	1.0	0	0.6666666666666666	4.0	1	True
	86	1.0	596.0	0		0.6189694431855806	GEM_RT.CCGTTCATCAAGTGTC	2.647307416687064	1.0	0	0.6666666666666666	4.0	1	True
	87	1.0	40.0	2	-0.060352078020661504	0.28959364110775176	_86	2.9610360881023636	1.0	2	0.6666666666666666	4.0	2	False
	88	1.0	36.0	2	-0.060352078020661504	0.28959364110775176	_87	2.9610360881023636	1.0	2	0.6666666666666666	4.0	2	False
	89	1.0	41.0	2	-0.060352078020661504	0.28959364110775176	_88	2.9610360881023636	1.0	2	0.6666666666666666	4.0	2	False
	90	1.0	39.0	2	-0.060352078020661504	0.28959364110775176	_89	2.9610360881023636	1.0	2	0.6666666666666666	4.0	2	False
	91	1.0	38.0	2	-0.060352078020661504	0.28959364110775176	_90	2.9610360881023636	1.0	2	0.6666666666666666	4.0	2	False
	92	1.0	37.0	2	-0.060352078020661504	0.28959364110775176	_91	2.9610360881023636	1.0	2	0.6666666666666666	4.0	2	False
	93	1.0	50.0	4	-0.06185881398889786	0.1909452482034073	_92	2.7537210844642157	1.0	2	0.6666666666666666	4.0	3	False
	94	1.0	11.0	9	-0.05357695520315826	0.10233618055567462	_93	3.9888102351607464	1.0	9	0.6666666666666666	4.0	9	False
	95	1.0	10.0	16	-0.051120498385374975	0.07193696941612515	_94	4.0850829093707	1.0	14	0.6666666666666666	4.0	15	False
	96	1.0	21.0	34	-0.060352078020661504	0.2232523676695326	_95	3.491653523060724	1.0	3	0.6666666666666666	4.0	33	False
	97	1.0	2.0	160	-0.029464514695106248	0.01487873493642411	_96	4.597366699992335	1.0	160	0.6666666666666666	4.0	160	False
	98	1.0	720.0	0		0.8797045951262861	GEM_RT.TCAAGTGAGAGGTATT	1.3875266284001402	1.0	0	0.6666666666666666	4.0	1	True
	99	1.0	719.0	0		0.8797045951262861	GEM_RT.CCGATCTGTATCGATC	1.3875266284001402	1.0	0	0.6666666666666666	4.0	1	True
	100	1.0	722.0	0		0.8797045951262861	GEM_RT.TCAGTTTAGTGCTACT	1.3875266284001402	1.0	0	0.6666666666666666	4.0	1	True
	101	1.0	717.0	0		0.8797045951262861	GEM_RT.CAGATTGGTAAGATCA	1.3875266284001402	1.0	0	0.6666666666666666	4.0	1	True
	102	1.0	718.0	0		0.8797045951262861	GEM_RT.GTTCCGTTCACGTCCT	1.3875266284001402	1.0	0	0.6666666666666666	4.0	1	True
	103	1.0	721.0	0		0.8797045951262861	GEM_RT.GTGTAACCAGAAGTGC	1.3875266284001402	1.0	0	0.6666666666666666	4.0	1	True
	104	1.0	711.0	0		0.7378213664183795	GEM_RT.TAGATCGTCCTCATAT	1.4905507687150346	1.0	0	0.6666666666666666	4.0	1	True
	105	1.0	28.0	4	-0.05789562120287821	0.22638755134313548	_104	3.0871084032341893	1.0	4	0.6666666666666666	4.0	4	False
	106	1.0	633.0	0		0.7273206934935859	GEM_RT.CTCTCGATCTACTGCC	2.3016762784542584	1.0	0	0.6666666666666666	4.0	1	True
	107	1.0	634.0	0		0.7273206934935859	GEM_RT.GGTGATTGTGAGTGAC	2.3016762784542584	1.0	0	0.6666666666666666	4.0	1	True
	108	1.0	632.0	0		0.7273206934935859	GEM_RT.TCGACCTCAGTGCCTG	2.3016762784542584	1.0	0	0.6666666666666666	4.0	1	True
	109	1.0	635.0	0		0.7273206934935859	GEM_RT.GCGGAAAAGTAGTCCT	2.3016762784542584	1.0	0	0.6666666666666666	4.0	1	True
	110	1.0	4.0	43	-0.041533445536388186	0.024552938453037854	_109	4.477762223141914	1.0	43	0.6666666666666666	4.0	43	False
	111	1.0	661.0	0		0.845849444461495	GEM_RT.TTGGGCGAGGTGGCTA	1.9016222911145868	1.0	0	0.6666666666666666	4.0	1	True
	112	1.0	663.0	0		0.845849444461495	GEM_RT.CTCCCAACACCTAAAC	1.9016222911145868	1.0	0	0.6666666666666666	4.0	1	True
	113	1.0	664.0	0		0.845849444461495	GEM_RT.CATCCACTCAAGCCTA	1.9016222911145868	1.0	0	0.6666666666666666	4.0	1	True
	114	1.0	662.0	0		0.845849444461495	GEM_RT.GTGACGCGTGGGATTG	1.9016222911145868	1.0	0	0.6666666666666666	4.0	1	True
	115	1.0	660.0	0		0.845849444461495	GEM_RT.ATAGGCTAGCGGATCA	1.9016222911145868	1.0	0	0.6666666666666666	4.0	1	True
	116	1.0	665.0	0		0.845849444461495	GEM_RT.CAAAGAAGTGCGGTAA	1.9016222911145868	1.0	0	0.6666666666666666	4.0	1	True
	117	1.0	645.0	0		0.7893190319391117	GEM_RT.TCATCATCAGAACTTC	2.165803903928341	1.0	0	0.6666666666666666	4.0	1	True
	118	1.0	642.0	0		0.7893190319391117	GEM_RT.AGGTTGTTCTACCTTA	2.165803903928341	1.0	0	0.6666666666666666	4.0	1	True
	119	1.0	641.0	0		0.7893190319391117	GEM_RT.CAACAGTGTGGAATGC	2.165803903928341	1.0	0	0.6666666666666666	4.0	1	True
	120	1.0	644.0	0		0.7893190319391117	GEM_RT.ATCGTGACAGGCAATG	2.165803903928341	1.0	0	0.6666666666666666	4.0	1	True
	121	1.0	640.0	0		0.7893190319391117	GEM_RT.ATCAGGTGTACCGGCT	2.165803903928341	1.0	0	0.6666666666666666	4.0	1	True
	122	1.0	639.0	0		0.7893190319391117	GEM_RT.TCATTCACATGTTACG	2.165803903928341	1.0	0	0.6666666666666666	4.0	1	True
	123	1.0	638.0	0		0.7893190319391117	GEM_RT.GGGACGTTCACATTGG	2.165803903928341	1.0	0	0.6666666666666666	4.0	1	True
	124	1.0	643.0	0		0.7893190319391117	GEM_RT.CTCTCGACACGAGAAC	2.165803903928341	1.0	0	0.6666666666666666	4.0	1	True
	125	1.0	646.0	0		0.7893190319391117	GEM_RT.GGGAAGTTCACATTGG	2.165803903928341	1.0	0	0.6666666666666666	4.0	1	True
	126	1.0	614.0	0		0.7506154479557656	GEM_RT.TACGCTCCATGCCGAC	2.354686695932529	1.0	0	0.6666666666666666	4.0	1	True
	127	1.0	615.0	0		0.7506154479557656	GEM_RT.CGTCCATGTCTTGTCC	2.354686695932529	1.0	0	0.6666666666666666	4.0	1	True
	128	1.0	616.0	0		0.7506154479557656	GEM_RT.CCAAGCGGTCCACGCA	2.354686695932529	1.0	0	0.6666666666666666	4.0	1	True
	129	1.0	613.0	0		0.7506154479557656	GEM_RT.TCCACGTGTGCAAGAC	2.354686695932529	1.0	0	0.6666666666666666	4.0	1	True
	130	1.0	601.0	0		0.7029491192616497	GEM_RT.AAGTACCGTTGGAGAC	2.6015695541559687	1.0	0	0.6666666666666666	4.0	1	True
	131	1.0	602.0	0		0.7029491192616497	GEM_RT.GATGATCCAATTGCGT	2.6015695541559687	1.0	0	0.6666666666666666	4.0	1	True
	132	1.0	603.0	0		0.7029491192616497	GEM_RT.ATGATCGAGATTACCC	2.6015695541559687	1.0	0	0.6666666666666666	4.0	1	True
	133	1.0	598.0	0		0.7029491192616497	GEM_RT.CTAGACAAGATTCGAA	2.6015695541559687	1.0	0	0.6666666666666666	4.0	1	True
	134	1.0	599.0	0		0.7029491192616497	GEM_RT.CAGCACGCACGCGCTA	2.6015695541559687	1.0	0	0.6666666666666666	4.0	1	True
	135	1.0	600.0	0		0.7029491192616497	GEM_RT.CAATTTCAGCGGACAT	2.6015695541559687	1.0	0	0.6666666666666666	4.0	1	True
	136	1.0	647.0	0		0.7674307380401588	GEM_RT.TTGACCCGTACCAATC	2.1586938828395774	1.0	0	0.6666666666666666	4.0	1	True
	137	1.0	648.0	0		0.7674307380401588	GEM_RT.CTTTCGGAGATCCCAT	2.1586938828395774	1.0	0	0.6666666666666666	4.0	1	True
	138	1.0	16.0	6	-0.055934178314902286	0.15524927948558087	_137	3.6248577195403735	1.0	6	0.6666666666666666	4.0	6	False
	139	1.0	584.0	0		0.675620555586157	GEM_RT.GGTGGCTAGTAGAATC	2.7533722369844016	1.0	0	0.6666666666666666	4.0	1	True
	140	1.0	579.0	0		0.675620555586157	GEM_RT.AGACTCAAGAGTTGCG	2.7533722369844016	1.0	0	0.6666666666666666	4.0	1	True
	141	1.0	585.0	0		0.675620555586157	GEM_RT.GTTAGACAGATGCAGC	2.7533722369844016	1.0	0	0.6666666666666666	4.0	1	True
	142	1.0	583.0	0		0.675620555586157	GEM_RT.TCAGCAAGTATAGGAT	2.7533722369844016	1.0	0	0.6666666666666666	4.0	1	True
	143	1.0	578.0	0		0.675620555586157	GEM_RT.CTACCCAAGAGATTCA	2.7533722369844016	1.0	0	0.6666666666666666	4.0	1	True
	144	1.0	582.0	0		0.675620555586157	GEM_RT.CTATAGGGTTCCTACC	2.7533722369844016	1.0	0	0.6666666666666666	4.0	1	True
	145	1.0	581.0	0		0.675620555586157	GEM_RT.TGCGGCAGTGATGTAA	2.7533722369844016	1.0	0	0.6666666666666666	4.0	1	True
	146	1.0	580.0	0		0.675620555586157	GEM_RT.TGCTCCAAGACTTCGT	2.7533722369844016	1.0	0	0.6666666666666666	4.0	1	True
	147	1.0	606.0	0		0.7554615557161535	GEM_RT.AATCGTGTCATTCGTT	2.502654074092325	1.0	0	0.6666666666666666	4.0	1	True
	148	1.0	605.0	0		0.7554615557161535	GEM_RT.ATTACCTCAGGTGGAT	2.502654074092325	1.0	0	0.6666666666666666	4.0	1	True
	149	1.0	604.0	0		0.7554615557161535	GEM_RT.TCAAGTGAGGGTCAAC	2.502654074092325	1.0	0	0.6666666666666666	4.0	1	True
	150	1.0	8.0	16	-0.04961376241713862	0.06366160242691876	_149	4.231577170208848	1.0	16	0.6666666666666666	4.0	16	False
	151	1.0	470.0	0		0.6111113084576303	GEM_RT.ATCGATGAGGTACAGC	3.1552994163318986	1.0	0	0.6666666666666666	4.0	1	True
	152	1.0	461.0	0		0.6111113084576303	GEM_RT.GTACAACTCAGGAAAT	3.1552994163318986	1.0	0	0.6666666666666666	4.0	1	True
	153	1.0	467.0	0		0.6111113084576303	GEM_RT.AACCACATCCATCGTC	3.1552994163318986	1.0	0	0.6666666666666666	4.0	1	True
	154	1.0	473.0	0		0.6111113084576303	GEM_RT.AGCGTCGTCTTCGCTG	3.1552994163318986	1.0	0	0.6666666666666666	4.0	1	True
	155	1.0	455.0	0		0.6111113084576303	GEM_RT.ATTCTTGTCAAAGAAC	3.1552994163318986	1.0	0	0.6666666666666666	4.0	1	True
	156	1.0	459.0	0		0.6111113084576303	GEM_RT.ATTCATCGTGGATGAC	3.1552994163318986	1.0	0	0.6666666666666666	4.0	1	True
	157	1.0	469.0	0		0.6111113084576303	GEM_RT.ATTATCCAGGGAGAAT	3.1552994163318986	1.0	0	0.6666666666666666	4.0	1	True
	158	1.0	471.0	0		0.6111113084576303	GEM_RT.GGCTGTGAGTGATGGC	3.1552994163318986	1.0	0	0.6666666666666666	4.0	1	True
	159	1.0	452.0	0		0.6111113084576303	GEM_RT.AGTGACTCATGTGGTT	3.1552994163318986	1.0	0	0.6666666666666666	4.0	1	True
	160	1.0	468.0	0		0.6111113084576303	GEM_RT.GTGGAAGTCGGAATGG	3.1552994163318986	1.0	0	0.6666666666666666	4.0	1	True
	161	1.0	460.0	0		0.6111113084576303	GEM_RT.CATACAGTCCTTATAC	3.1552994163318986	1.0	0	0.6666666666666666	4.0	1	True
	162	1.0	466.0	0		0.6111113084576303	GEM_RT.AGGTTGTCACACTTAG	3.1552994163318986	1.0	0	0.6666666666666666	4.0	1	True
	163	1.0	453.0	0		0.6111113084576303	GEM_RT.CCATAAGCACACCGCA	3.1552994163318986	1.0	0	0.6666666666666666	4.0	1	True
	164	1.0	457.0	0		0.6111113084576303	GEM_RT.CCTGCATTCTTCGATT	3.1552994163318986	1.0	0	0.6666666666666666	4.0	1	True
	165	1.0	456.0	0		0.6111113084576303	GEM_RT.GTCCACTTCCTCTCTT	3.1552994163318986	1.0	0	0.6666666666666666	4.0	1	True
	166	1.0	464.0	0		0.6111113084576303	GEM_RT.ATCACAGTCGAGTCTA	3.1552994163318986	1.0	0	0.6666666666666666	4.0	1	True
	167	1.0	458.0	0		0.6111113084576303	GEM_RT.CAAGAGGGTCCAGCGT	3.1552994163318986	1.0	0	0.6666666666666666	4.0	1	True
	168	1.0	449.0	0		0.6111113084576303	GEM_RT.GAGTGAGGTAACAGTA	3.1552994163318986	1.0	0	0.6666666666666666	4.0	1	True
	169	1.0	448.0	0		0.6111113084576303	GEM_RT.TGCCGAGAGCTGCCAC	3.1552994163318986	1.0	0	0.6666666666666666	4.0	1	True
	170	1.0	451.0	0		0.6111113084576303	GEM_RT.TGGTAGTGTAGTGTGG	3.1552994163318986	1.0	0	0.6666666666666666	4.0	1	True
	171	1.0	463.0	0		0.6111113084576303	GEM_RT.ATGATCGAGAAGCCAC	3.1552994163318986	1.0	0	0.6666666666666666	4.0	1	True
	172	1.0	447.0	0		0.6111113084576303	GEM_RT.CACTGTCTCCTGGGTG	3.1552994163318986	1.0	0	0.6666666666666666	4.0	1	True
	173	1.0	465.0	0		0.6111113084576303	GEM_RT.TTACTGTGTCCATAGT	3.1552994163318986	1.0	0	0.6666666666666666	4.0	1	True
	174	1.0	462.0	0		0.6111113084576303	GEM_RT.GGGATCCCACGTCGTG	3.1552994163318986	1.0	0	0.6666666666666666	4.0	1	True
	175	1.0	450.0	0		0.6111113084576303	GEM_RT.ATTCATCGTCCTACGG	3.1552994163318986	1.0	0	0.6666666666666666	4.0	1	True
	176	1.0	472.0	0		0.6111113084576303	GEM_RT.TGAATGCCAGAGGGTT	3.1552994163318986	1.0	0	0.6666666666666666	4.0	1	True
	177	1.0	454.0	0		0.6111113084576303	GEM_RT.TGTCCTGCAGACAAGC	3.1552994163318986	1.0	0	0.6666666666666666	4.0	1	True
	178	1.0	337.0	0		0.5916504608414748	GEM_RT.AGAGAGCAGCACACCC	3.2882144402950053	1.0	0	0.6666666666666666	4.0	1	True
	179	1.0	356.0	0		0.5916504608414748	GEM_RT.AGTCAACGTCACGCTG	3.2882144402950053	1.0	0	0.6666666666666666	4.0	1	True
	180	1.0	320.0	0		0.5916504608414748	GEM_RT.AGAAATGTCGAGAGCA	3.2882144402950053	1.0	0	0.6666666666666666	4.0	1	True
	181	1.0	400.0	0		0.5916504608414748	GEM_RT.GGCTGTGCATATGCGT	3.2882144402950053	1.0	0	0.6666666666666666	4.0	1	True
	182	1.0	398.0	0		0.5916504608414748	GEM_RT.AATGGAAAGCTTAGTC	3.2882144402950053	1.0	0	0.6666666666666666	4.0	1	True
	183	1.0	340.0	0		0.5916504608414748	GEM_RT.ACAGAAAAGGTAAGGA	3.2882144402950053	1.0	0	0.6666666666666666	4.0	1	True
	184	1.0	361.0	0		0.5916504608414748	GEM_RT.GACCTTCAGCAGTACG	3.2882144402950053	1.0	0	0.6666666666666666	4.0	1	True
	185	1.0	353.0	0		0.5916504608414748	GEM_RT.AGGTAGGAGGTGCTAG	3.2882144402950053	1.0	0	0.6666666666666666	4.0	1	True
	186	1.0	366.0	0		0.5916504608414748	GEM_RT.GGGATGAGTGAATTAG	3.2882144402950053	1.0	0	0.6666666666666666	4.0	1	True
	187	1.0	387.0	0		0.5916504608414748	GEM_RT.AATGGAACAGCTGTAT	3.2882144402950053	1.0	0	0.6666666666666666	4.0	1	True
	188	1.0	334.0	0		0.5916504608414748	GEM_RT.AAATGGAAGGTAGCCA	3.2882144402950053	1.0	0	0.6666666666666666	4.0	1	True
	189	1.0	324.0	0		0.5916504608414748	GEM_RT.TGATCAGTCTCATTTG	3.2882144402950053	1.0	0	0.6666666666666666	4.0	1	True
	190	1.0	393.0	0		0.5916504608414748	GEM_RT.GTCCACTCATACGCAT	3.2882144402950053	1.0	0	0.6666666666666666	4.0	1	True
	191	1.0	348.0	0		0.5916504608414748	GEM_RT.CAGTGCGGTAGACACG	3.2882144402950053	1.0	0	0.6666666666666666	4.0	1	True
	192	1.0	358.0	0		0.5916504608414748	GEM_RT.TTGCTGCGTAGTAAGT	3.2882144402950053	1.0	0	0.6666666666666666	4.0	1	True
	193	1.0	399.0	0		0.5916504608414748	GEM_RT.TGCATCCAGGTATAGT	3.2882144402950053	1.0	0	0.6666666666666666	4.0	1	True
	194	1.0	318.0	0		0.5916504608414748	GEM_RT.ACGATGTTCAATGTCG	3.2882144402950053	1.0	0	0.6666666666666666	4.0	1	True
	195	1.0	384.0	0		0.5916504608414748	GEM_RT.ACGTAACAGGATTACA	3.2882144402950053	1.0	0	0.6666666666666666	4.0	1	True
	196	1.0	330.0	0		0.5916504608414748	GEM_RT.AGTGATCGTCCCTGAG	3.2882144402950053	1.0	0	0.6666666666666666	4.0	1	True
	197	1.0	377.0	0		0.5916504608414748	GEM_RT.AGACACTGTTTAAGGA	3.2882144402950053	1.0	0	0.6666666666666666	4.0	1	True
	198	1.0	394.0	0		0.5916504608414748	GEM_RT.CTGCAGGCACGCACCA	3.2882144402950053	1.0	0	0.6666666666666666	4.0	1	True
	199	1.0	370.0	0		0.5916504608414748	GEM_RT.ACGATCAGTGCAACGA	3.2882144402950053	1.0	0	0.6666666666666666	4.0	1	True
	200	1.0	359.0	0		0.5916504608414748	GEM_RT.GTGCGTGGTGGTCCGT	3.2882144402950053	1.0	0	0.6666666666666666	4.0	1	True
	201	1.0	344.0	0		0.5916504608414748	GEM_RT.TTAGTCTTCAGAGCGA	3.2882144402950053	1.0	0	0.6666666666666666	4.0	1	True
	202	1.0	364.0	0		0.5916504608414748	GEM_RT.AGAGAATGTGACCGTC	3.2882144402950053	1.0	0	0.6666666666666666	4.0	1	True
	203	1.0	331.0	0		0.5916504608414748	GEM_RT.GTGGGAAGTGTTGACT	3.2882144402950053	1.0	0	0.6666666666666666	4.0	1	True
	204	1.0	374.0	0		0.5916504608414748	GEM_RT.TGTCAGACAACCAACT	3.2882144402950053	1.0	0	0.6666666666666666	4.0	1	True
	205	1.0	392.0	0		0.5916504608414748	GEM_RT.ACCGTTCCAGACCAGA	3.2882144402950053	1.0	0	0.6666666666666666	4.0	1	True
	206	1.0	365.0	0		0.5916504608414748	GEM_RT.CAACAGTGTACCGTCG	3.2882144402950053	1.0	0	0.6666666666666666	4.0	1	True
	207	1.0	342.0	0		0.5916504608414748	GEM_RT.TTGAACGTCCTTCTTC	3.2882144402950053	1.0	0	0.6666666666666666	4.0	1	True
	208	1.0	375.0	0		0.5916504608414748	GEM_RT.AGCGTATCATCCGAAT	3.2882144402950053	1.0	0	0.6666666666666666	4.0	1	True
	209	1.0	363.0	0		0.5916504608414748	GEM_RT.CGAGAAGAGTTACGAA	3.2882144402950053	1.0	0	0.6666666666666666	4.0	1	True
	210	1.0	332.0	0		0.5916504608414748	GEM_RT.ATCGCCTAGCGCACAA	3.2882144402950053	1.0	0	0.6666666666666666	4.0	1	True
	211	1.0	335.0	0		0.5916504608414748	GEM_RT.CGAGTTATCATGCGGC	3.2882144402950053	1.0	0	0.6666666666666666	4.0	1	True
	212	1.0	351.0	0		0.5916504608414748	GEM_RT.AGTTAGCCACCAGTAT	3.2882144402950053	1.0	0	0.6666666666666666	4.0	1	True
	213	1.0	329.0	0		0.5916504608414748	GEM_RT.TGATTTCCATGTGACT	3.2882144402950053	1.0	0	0.6666666666666666	4.0	1	True
	214	1.0	396.0	0		0.5916504608414748	GEM_RT.GATGCTATCATTGCGA	3.2882144402950053	1.0	0	0.6666666666666666	4.0	1	True
	215	1.0	322.0	0		0.5916504608414748	GEM_RT.CATGCCTCACGGTAGA	3.2882144402950053	1.0	0	0.6666666666666666	4.0	1	True
	216	1.0	401.0	0		0.5916504608414748	GEM_RT.GGTGGCTGTCTGTCCT	3.2882144402950053	1.0	0	0.6666666666666666	4.0	1	True
	217	1.0	386.0	0		0.5916504608414748	GEM_RT.AATGGACCAGCTGTAT	3.2882144402950053	1.0	0	0.6666666666666666	4.0	1	True
	218	1.0	381.0	0		0.5916504608414748	GEM_RT.TAACTTCGTAGATTGA	3.2882144402950053	1.0	0	0.6666666666666666	4.0	1	True
	219	1.0	383.0	0		0.5916504608414748	GEM_RT.CATTTCACAAGGATGC	3.2882144402950053	1.0	0	0.6666666666666666	4.0	1	True
	220	1.0	371.0	0		0.5916504608414748	GEM_RT.TGAGGAGCAGCTATAC	3.2882144402950053	1.0	0	0.6666666666666666	4.0	1	True
	221	1.0	369.0	0		0.5916504608414748	GEM_RT.TAGGGTTAGTAAACGT	3.2882144402950053	1.0	0	0.6666666666666666	4.0	1	True
	222	1.0	355.0	0		0.5916504608414748	GEM_RT.ATCTTCACAATCGAAA	3.2882144402950053	1.0	0	0.6666666666666666	4.0	1	True
	223	1.0	326.0	0		0.5916504608414748	GEM_RT.CAGCGTGAGGCAGCTA	3.2882144402950053	1.0	0	0.6666666666666666	4.0	1	True
	224	1.0	327.0	0		0.5916504608414748	GEM_RT.AGGAAATAGGTACAAT	3.2882144402950053	1.0	0	0.6666666666666666	4.0	1	True
	225	1.0	350.0	0		0.5916504608414748	GEM_RT.TACGGTATCATTCGGA	3.2882144402950053	1.0	0	0.6666666666666666	4.0	1	True
	226	1.0	391.0	0		0.5916504608414748	GEM_RT.CCATAAGAGGGCCTCT	3.2882144402950053	1.0	0	0.6666666666666666	4.0	1	True
	227	1.0	402.0	0		0.5916504608414748	GEM_RT.CCGATCTAGTCACTAC	3.2882144402950053	1.0	0	0.6666666666666666	4.0	1	True
	228	1.0	360.0	0		0.5916504608414748	GEM_RT.TAGGGTTGTATGGAAT	3.2882144402950053	1.0	0	0.6666666666666666	4.0	1	True
	229	1.0	338.0	0		0.5916504608414748	GEM_RT.GACATCACATATACCG	3.2882144402950053	1.0	0	0.6666666666666666	4.0	1	True
	230	1.0	373.0	0		0.5916504608414748	GEM_RT.CCTTCAGGTCTCCTGT	3.2882144402950053	1.0	0	0.6666666666666666	4.0	1	True
	231	1.0	321.0	0		0.5916504608414748	GEM_RT.GTAGGAGAGCTTAGTC	3.2882144402950053	1.0	0	0.6666666666666666	4.0	1	True
	232	1.0	354.0	0		0.5916504608414748	GEM_RT.TCAATTCCATGAAGGC	3.2882144402950053	1.0	0	0.6666666666666666	4.0	1	True
	233	1.0	357.0	0		0.5916504608414748	GEM_RT.TCACGGGGTGGTCTAT	3.2882144402950053	1.0	0	0.6666666666666666	4.0	1	True
	234	1.0	328.0	0		0.5916504608414748	GEM_RT.TCAGCAATCTGGCTGG	3.2882144402950053	1.0	0	0.6666666666666666	4.0	1	True
	235	1.0	333.0	0		0.5916504608414748	GEM_RT.TCAGGGCAGTTGCATC	3.2882144402950053	1.0	0	0.6666666666666666	4.0	1	True
	236	1.0	382.0	0		0.5916504608414748	GEM_RT.TCAGTCCCATCGCCTT	3.2882144402950053	1.0	0	0.6666666666666666	4.0	1	True
	237	1.0	347.0	0		0.5916504608414748	GEM_RT.AACAAGACAGAGCCCT	3.2882144402950053	1.0	0	0.6666666666666666	4.0	1	True
	238	1.0	349.0	0		0.5916504608414748	GEM_RT.CCGGTAGTCTCGTCGT	3.2882144402950053	1.0	0	0.6666666666666666	4.0	1	True
	239	1.0	319.0	0		0.5916504608414748	GEM_RT.CTAGGTACATAATCGC	3.2882144402950053	1.0	0	0.6666666666666666	4.0	1	True
	240	1.0	336.0	0		0.5916504608414748	GEM_RT.TCGCTCATCAATCTCT	3.2882144402950053	1.0	0	0.6666666666666666	4.0	1	True
	241	1.0	352.0	0		0.5916504608414748	GEM_RT.CTCCACAGTACTCGTA	3.2882144402950053	1.0	0	0.6666666666666666	4.0	1	True
	242	1.0	390.0	0		0.5916504608414748	GEM_RT.CTCTCGAAGACATAGT	3.2882144402950053	1.0	0	0.6666666666666666	4.0	1	True
	243	1.0	385.0	0		0.5916504608414748	GEM_RT.CTCGAGGAGTCTACCA	3.2882144402950053	1.0	0	0.6666666666666666	4.0	1	True
	244	1.0	378.0	0		0.5916504608414748	GEM_RT.TAATCTCCAGACCAAG	3.2882144402950053	1.0	0	0.6666666666666666	4.0	1	True
	245	1.0	323.0	0		0.5916504608414748	GEM_RT.CTGCTCAAGAAATCCA	3.2882144402950053	1.0	0	0.6666666666666666	4.0	1	True
	246	1.0	376.0	0		0.5916504608414748	GEM_RT.CTTTCAAGTTATGACC	3.2882144402950053	1.0	0	0.6666666666666666	4.0	1	True
	247	1.0	379.0	0		0.5916504608414748	GEM_RT.GTCTACCCATTCCTAT	3.2882144402950053	1.0	0	0.6666666666666666	4.0	1	True
	248	1.0	339.0	0		0.5916504608414748	GEM_RT.GAACACTAGGTACCTT	3.2882144402950053	1.0	0	0.6666666666666666	4.0	1	True
	249	1.0	317.0	0		0.5916504608414748	GEM_RT.GTAGAGGCACCATTCC	3.2882144402950053	1.0	0	0.6666666666666666	4.0	1	True
	250	1.0	341.0	0		0.5916504608414748	GEM_RT.GAGATGGGTAGAGCTG	3.2882144402950053	1.0	0	0.6666666666666666	4.0	1	True
	251	1.0	372.0	0		0.5916504608414748	GEM_RT.GAGGCCTGTCTTACTT	3.2882144402950053	1.0	0	0.6666666666666666	4.0	1	True
	252	1.0	395.0	0		0.5916504608414748	GEM_RT.GTCGTTCTCTTCGCTG	3.2882144402950053	1.0	0	0.6666666666666666	4.0	1	True
	253	1.0	388.0	0		0.5916504608414748	GEM_RT.AGGATCTGTGAGAACC	3.2882144402950053	1.0	0	0.6666666666666666	4.0	1	True
	254	1.0	325.0	0		0.5916504608414748	GEM_RT.GATGGAGTCTGTGCAA	3.2882144402950053	1.0	0	0.6666666666666666	4.0	1	True
	255	1.0	346.0	0		0.5916504608414748	GEM_RT.GGATGTTGTGTAAACA	3.2882144402950053	1.0	0	0.6666666666666666	4.0	1	True
	256	1.0	343.0	0		0.5916504608414748	GEM_RT.GTGGAAGAGCACCTGC	3.2882144402950053	1.0	0	0.6666666666666666	4.0	1	True
	257	1.0	403.0	0		0.5916504608414748	GEM_RT.TAAGCGTCATCACAGT	3.2882144402950053	1.0	0	0.6666666666666666	4.0	1	True
	258	1.0	367.0	0		0.5916504608414748	GEM_RT.TTGCATTGTGTTCCTC	3.2882144402950053	1.0	0	0.6666666666666666	4.0	1	True
	259	1.0	380.0	0		0.5916504608414748	GEM_RT.GTGTTCCGTTGGCTAT	3.2882144402950053	1.0	0	0.6666666666666666	4.0	1	True
	260	1.0	368.0	0		0.5916504608414748	GEM_RT.GTTGTAGCAATTGGTC	3.2882144402950053	1.0	0	0.6666666666666666	4.0	1	True
	261	1.0	397.0	0		0.5916504608414748	GEM_RT.GTTTGGAGTCGTGTTA	3.2882144402950053	1.0	0	0.6666666666666666	4.0	1	True
	262	1.0	389.0	0		0.5916504608414748	GEM_RT.GGTTAACCACAGTATC	3.2882144402950053	1.0	0	0.6666666666666666	4.0	1	True
	263	1.0	362.0	0		0.5916504608414748	GEM_RT.TGCGATATCGGCTCTT	3.2882144402950053	1.0	0	0.6666666666666666	4.0	1	True
	264	1.0	345.0	0		0.5916504608414748	GEM_RT.TGTTCATAGTAGTCTC	3.2882144402950053	1.0	0	0.6666666666666666	4.0	1	True
	265	1.0	82.0	0		0.5925752963391258	GEM_RT.ACCCTCAAGAGGCGGA	3.31801556444179	1.0	0	0.6666666666666666	4.0	1	True
	266	1.0	71.0	0		0.5925752963391258	GEM_RT.AACCAACGTAAGAACT	3.31801556444179	1.0	0	0.6666666666666666	4.0	1	True
	267	1.0	14.0	0		0.5925752963391258	GEM_RT.AGATCCATCTCAGAAC	3.31801556444179	1.0	0	0.6666666666666666	4.0	1	True
	268	1.0	87.0	0		0.5925752963391258	GEM_RT.AACCCAACAGGCATTT	3.31801556444179	1.0	0	0.6666666666666666	4.0	1	True
	269	1.0	109.0	0		0.5925752963391258	GEM_RT.AAGCATCTCTCAAAGC	3.31801556444179	1.0	0	0.6666666666666666	4.0	1	True
	270	1.0	11.0	0		0.5925752963391258	GEM_RT.AGGAGGTAGCTTCGTA	3.31801556444179	1.0	0	0.6666666666666666	4.0	1	True
	271	1.0	57.0	0		0.5925752963391258	GEM_RT.ACCTACCCATATGGCT	3.31801556444179	1.0	0	0.6666666666666666	4.0	1	True
	272	1.0	8.0	0		0.5925752963391258	GEM_RT.AGGGCCTAGCACCAGA	3.31801556444179	1.0	0	0.6666666666666666	4.0	1	True
	273	1.0	6.0	0		0.5925752963391258	GEM_RT.ATCATTCTCCTCTCGA	3.31801556444179	1.0	0	0.6666666666666666	4.0	1	True
	274	1.0	96.0	0		0.5925752963391258	GEM_RT.AATCGTGGTATGACAA	3.31801556444179	1.0	0	0.6666666666666666	4.0	1	True
	275	1.0	104.0	0		0.5925752963391258	GEM_RT.AGATCCAGTACAATAG	3.31801556444179	1.0	0	0.6666666666666666	4.0	1	True
	276	1.0	58.0	0		0.5925752963391258	GEM_RT.GTAACACTCCTACCAC	3.31801556444179	1.0	0	0.6666666666666666	4.0	1	True
	277	1.0	29.0	0		0.5925752963391258	GEM_RT.ACTTATCTCCACGGAC	3.31801556444179	1.0	0	0.6666666666666666	4.0	1	True
	278	1.0	36.0	0		0.5925752963391258	GEM_RT.TGAGCATAGCAAGCCA	3.31801556444179	1.0	0	0.6666666666666666	4.0	1	True
	279	1.0	27.0	0		0.5925752963391258	GEM_RT.AGATGCTCACGCCAGT	3.31801556444179	1.0	0	0.6666666666666666	4.0	1	True
	280	1.0	69.0	0		0.5925752963391258	GEM_RT.AGTACTGAGTGGTTAA	3.31801556444179	1.0	0	0.6666666666666666	4.0	1	True
	281	1.0	115.0	0		0.5925752963391258	GEM_RT.GCTTTCGGTTTGGGTT	3.31801556444179	1.0	0	0.6666666666666666	4.0	1	True
	282	1.0	32.0	0		0.5925752963391258	GEM_RT.TGTTCATGTATGAGCG	3.31801556444179	1.0	0	0.6666666666666666	4.0	1	True
	283	1.0	40.0	0		0.5925752963391258	GEM_RT.AAAGGATAGGCTTAAA	3.31801556444179	1.0	0	0.6666666666666666	4.0	1	True
	284	1.0	5.0	0		0.5925752963391258	GEM_RT.GATCACAGTGGTATGG	3.31801556444179	1.0	0	0.6666666666666666	4.0	1	True
	285	1.0	97.0	0		0.5925752963391258	GEM_RT.CCGCAAGGTATGAGAT	3.31801556444179	1.0	0	0.6666666666666666	4.0	1	True
	286	1.0	13.0	0		0.5925752963391258	GEM_RT.ATTATCCTCTCAGTCC	3.31801556444179	1.0	0	0.6666666666666666	4.0	1	True
	287	1.0	67.0	0		0.5925752963391258	GEM_RT.AGACAGGGTACAGTTC	3.31801556444179	1.0	0	0.6666666666666666	4.0	1	True
	288	1.0	77.0	0		0.5925752963391258	GEM_RT.ACTGTGACAAGTGGCA	3.31801556444179	1.0	0	0.6666666666666666	4.0	1	True
	289	1.0	28.0	0		0.5925752963391258	GEM_RT.GATTCTTAGCGCATCC	3.31801556444179	1.0	0	0.6666666666666666	4.0	1	True
	290	1.0	131.0	0		0.5925752963391258	GEM_RT.TGTCAGACAGAGTGTG	3.31801556444179	1.0	0	0.6666666666666666	4.0	1	True
	291	1.0	21.0	0		0.5925752963391258	GEM_RT.AGCATCATCACGGGCT	3.31801556444179	1.0	0	0.6666666666666666	4.0	1	True
	292	1.0	106.0	0		0.5925752963391258	GEM_RT.TCAAGACAGGTCATAA	3.31801556444179	1.0	0	0.6666666666666666	4.0	1	True
	293	1.0	111.0	0		0.5925752963391258	GEM_RT.AACTTCTGTAGTCACT	3.31801556444179	1.0	0	0.6666666666666666	4.0	1	True
	294	1.0	63.0	0		0.5925752963391258	GEM_RT.CAGATCAAGGAACGAA	3.31801556444179	1.0	0	0.6666666666666666	4.0	1	True
	295	1.0	31.0	0		0.5925752963391258	GEM_RT.AAGCGAGGTCAACCAT	3.31801556444179	1.0	0	0.6666666666666666	4.0	1	True
	296	1.0	70.0	0		0.5925752963391258	GEM_RT.AGTCACAGTAGACGGT	3.31801556444179	1.0	0	0.6666666666666666	4.0	1	True
	297	1.0	93.0	0		0.5925752963391258	GEM_RT.CTTCTAAAGTGAGGTC	3.31801556444179	1.0	0	0.6666666666666666	4.0	1	True
	298	1.0	150.0	0		0.5925752963391258	GEM_RT.AGGAAATCACAAAGCG	3.31801556444179	1.0	0	0.6666666666666666	4.0	1	True
	299	1.0	85.0	0		0.5925752963391258	GEM_RT.GGCTTGGCAAACTAGA	3.31801556444179	1.0	0	0.6666666666666666	4.0	1	True
	300	1.0	52.0	0		0.5925752963391258	GEM_RT.ATTCAGGTCTCTGACC	3.31801556444179	1.0	0	0.6666666666666666	4.0	1	True
	301	1.0	34.0	0		0.5925752963391258	GEM_RT.ATGCCTCGTGGGCTTC	3.31801556444179	1.0	0	0.6666666666666666	4.0	1	True
	302	1.0	124.0	0		0.5925752963391258	GEM_RT.GCGTTTCGTCGTATGT	3.31801556444179	1.0	0	0.6666666666666666	4.0	1	True
	303	1.0	156.0	0		0.5925752963391258	GEM_RT.TATCGCCTCCCTTCCC	3.31801556444179	1.0	0	0.6666666666666666	4.0	1	True
	304	1.0	50.0	0		0.5925752963391258	GEM_RT.CACTGGGTCCACAGGC	3.31801556444179	1.0	0	0.6666666666666666	4.0	1	True
	305	1.0	140.0	0		0.5925752963391258	GEM_RT.CAGGCCAAGCATGATA	3.31801556444179	1.0	0	0.6666666666666666	4.0	1	True
	306	1.0	145.0	0		0.5925752963391258	GEM_RT.AGAGCCCCACGCAAAG	3.31801556444179	1.0	0	0.6666666666666666	4.0	1	True
	307	1.0	102.0	0		0.5925752963391258	GEM_RT.ACTACGAAGTCGAATA	3.31801556444179	1.0	0	0.6666666666666666	4.0	1	True
	308	1.0	113.0	0		0.5925752963391258	GEM_RT.GAAGGGTCACAAGTTC	3.31801556444179	1.0	0	0.6666666666666666	4.0	1	True
	309	1.0	61.0	0		0.5925752963391258	GEM_RT.CTAGACAAGTCTAACC	3.31801556444179	1.0	0	0.6666666666666666	4.0	1	True
	310	1.0	43.0	0		0.5925752963391258	GEM_RT.CATACTTTCCAGCACG	3.31801556444179	1.0	0	0.6666666666666666	4.0	1	True
	311	1.0	151.0	0		0.5925752963391258	GEM_RT.CATCGCTTCTCCGATC	3.31801556444179	1.0	0	0.6666666666666666	4.0	1	True
	312	1.0	24.0	0		0.5925752963391258	GEM_RT.GGTGGCTAGGTCCCGT	3.31801556444179	1.0	0	0.6666666666666666	4.0	1	True
	313	1.0	37.0	0		0.5925752963391258	GEM_RT.GTCTACCCAGACAAGC	3.31801556444179	1.0	0	0.6666666666666666	4.0	1	True
	314	1.0	26.0	0		0.5925752963391258	GEM_RT.AGGATAATCACTGCTC	3.31801556444179	1.0	0	0.6666666666666666	4.0	1	True
	315	1.0	136.0	0		0.5925752963391258	GEM_RT.AGTACCAAGCATTTCG	3.31801556444179	1.0	0	0.6666666666666666	4.0	1	True
	316	1.0	133.0	0		0.5925752963391258	GEM_RT.TGAGCATGTCGCAACC	3.31801556444179	1.0	0	0.6666666666666666	4.0	1	True
	317	1.0	146.0	0		0.5925752963391258	GEM_RT.TTCATGTAGGTCGTAG	3.31801556444179	1.0	0	0.6666666666666666	4.0	1	True
	318	1.0	1.0	0		0.5925752963391258	GEM_RT.CATCGTCAGGTTCTAC	3.31801556444179	1.0	0	0.6666666666666666	4.0	1	True
	319	1.0	81.0	0		0.5925752963391258	GEM_RT.AACACACCAAAGGGTC	3.31801556444179	1.0	0	0.6666666666666666	4.0	1	True
	320	1.0	153.0	0		0.5925752963391258	GEM_RT.CCACACTTCCGATTAG	3.31801556444179	1.0	0	0.6666666666666666	4.0	1	True
	321	1.0	18.0	0		0.5925752963391258	GEM_RT.TACATTCGTTGGGCCT	3.31801556444179	1.0	0	0.6666666666666666	4.0	1	True
	322	1.0	2.0	0		0.5925752963391258	GEM_RT.CCATAAGGTCCACATA	3.31801556444179	1.0	0	0.6666666666666666	4.0	1	True
	323	1.0	80.0	0		0.5925752963391258	GEM_RT.CAGCCAGAGAGCTTTC	3.31801556444179	1.0	0	0.6666666666666666	4.0	1	True
	324	1.0	51.0	0		0.5925752963391258	GEM_RT.CAGCGTGCACTGTTCC	3.31801556444179	1.0	0	0.6666666666666666	4.0	1	True
	325	1.0	10.0	0		0.5925752963391258	GEM_RT.AGGGTGAGTGTCACAT	3.31801556444179	1.0	0	0.6666666666666666	4.0	1	True
	326	1.0	112.0	0		0.5925752963391258	GEM_RT.GGGTAGACAAGAGGTC	3.31801556444179	1.0	0	0.6666666666666666	4.0	1	True
	327	1.0	16.0	0		0.5925752963391258	GEM_RT.CCCTTAGGTCCTGAAT	3.31801556444179	1.0	0	0.6666666666666666	4.0	1	True
	328	1.0	20.0	0		0.5925752963391258	GEM_RT.CTTTCAAAGGTTGCCC	3.31801556444179	1.0	0	0.6666666666666666	4.0	1	True
	329	1.0	48.0	0		0.5925752963391258	GEM_RT.CGCATGGTCCATTTAC	3.31801556444179	1.0	0	0.6666666666666666	4.0	1	True
	330	1.0	60.0	0		0.5925752963391258	GEM_RT.TACCCGTGTGCAACGA	3.31801556444179	1.0	0	0.6666666666666666	4.0	1	True
	331	1.0	89.0	0		0.5925752963391258	GEM_RT.TAGATCGCAATTTCCT	3.31801556444179	1.0	0	0.6666666666666666	4.0	1	True
	332	1.0	83.0	0		0.5925752963391258	GEM_RT.CTCCTTTTCCATTGTT	3.31801556444179	1.0	0	0.6666666666666666	4.0	1	True
	333	1.0	38.0	0		0.5925752963391258	GEM_RT.ACTTTCATCGAACTCA	3.31801556444179	1.0	0	0.6666666666666666	4.0	1	True
	334	1.0	142.0	0		0.5925752963391258	GEM_RT.GGTGGCTTCGTGGCGT	3.31801556444179	1.0	0	0.6666666666666666	4.0	1	True
	335	1.0	121.0	0		0.5925752963391258	GEM_RT.GTGCGTGAGTACAGCG	3.31801556444179	1.0	0	0.6666666666666666	4.0	1	True
	336	1.0	129.0	0		0.5925752963391258	GEM_RT.TATCGCCGTCTGCAAT	3.31801556444179	1.0	0	0.6666666666666666	4.0	1	True
	337	1.0	120.0	0		0.5925752963391258	GEM_RT.ATGGAGGCACGCTGTG	3.31801556444179	1.0	0	0.6666666666666666	4.0	1	True
	338	1.0	123.0	0		0.5925752963391258	GEM_RT.CCTCCTCTCCGCATAA	3.31801556444179	1.0	0	0.6666666666666666	4.0	1	True
	339	1.0	75.0	0		0.5925752963391258	GEM_RT.CCAATTTCAAGTGCTT	3.31801556444179	1.0	0	0.6666666666666666	4.0	1	True
	340	1.0	79.0	0		0.5925752963391258	GEM_RT.TGTCCACTCTTGGATG	3.31801556444179	1.0	0	0.6666666666666666	4.0	1	True
	341	1.0	91.0	0		0.5925752963391258	GEM_RT.CCTCTCCGTTTCCCAC	3.31801556444179	1.0	0	0.6666666666666666	4.0	1	True
	342	1.0	114.0	0		0.5925752963391258	GEM_RT.CGAATTGGTGAGATCG	3.31801556444179	1.0	0	0.6666666666666666	4.0	1	True
	343	1.0	134.0	0		0.5925752963391258	GEM_RT.CTTCGGTAGGCACGAT	3.31801556444179	1.0	0	0.6666666666666666	4.0	1	True
	344	1.0	56.0	0		0.5925752963391258	GEM_RT.CCCTCAAAGGAGACCT	3.31801556444179	1.0	0	0.6666666666666666	4.0	1	True
	345	1.0	35.0	0		0.5925752963391258	GEM_RT.ATCCACCTCGTGGACC	3.31801556444179	1.0	0	0.6666666666666666	4.0	1	True
	346	1.0	86.0	0		0.5925752963391258	GEM_RT.ACGGAAGTCATCACCC	3.31801556444179	1.0	0	0.6666666666666666	4.0	1	True
	347	1.0	17.0	0		0.5925752963391258	GEM_RT.TAGATCGGTATCGAAA	3.31801556444179	1.0	0	0.6666666666666666	4.0	1	True
	348	1.0	98.0	0		0.5925752963391258	GEM_RT.TTCCGTGCACATAACC	3.31801556444179	1.0	0	0.6666666666666666	4.0	1	True
	349	1.0	147.0	0		0.5925752963391258	GEM_RT.CGGTCAGCATACCATG	3.31801556444179	1.0	0	0.6666666666666666	4.0	1	True
	350	1.0	144.0	0		0.5925752963391258	GEM_RT.CGTCAAAGTGGAACAC	3.31801556444179	1.0	0	0.6666666666666666	4.0	1	True
	351	1.0	54.0	0		0.5925752963391258	GEM_RT.GGTGTCGGTGTCCCTT	3.31801556444179	1.0	0	0.6666666666666666	4.0	1	True
	352	1.0	55.0	0		0.5925752963391258	GEM_RT.AGACAAAGTGTGTTTG	3.31801556444179	1.0	0	0.6666666666666666	4.0	1	True
	353	1.0	92.0	0		0.5925752963391258	GEM_RT.AGACAGGCAACGACAG	3.31801556444179	1.0	0	0.6666666666666666	4.0	1	True
	354	1.0	62.0	0		0.5925752963391258	GEM_RT.TCCGAAACATGAGTAA	3.31801556444179	1.0	0	0.6666666666666666	4.0	1	True
	355	1.0	42.0	0		0.5925752963391258	GEM_RT.GCCAACGGTATCGAAA	3.31801556444179	1.0	0	0.6666666666666666	4.0	1	True
	356	1.0	44.0	0		0.5925752963391258	GEM_RT.GCCAGGTTCCAATCTT	3.31801556444179	1.0	0	0.6666666666666666	4.0	1	True
	357	1.0	105.0	0		0.5925752963391258	GEM_RT.CTACCTGTCACTACGA	3.31801556444179	1.0	0	0.6666666666666666	4.0	1	True
	358	1.0	3.0	0		0.5925752963391258	GEM_RT.TGATGCAGTCGCGGTT	3.31801556444179	1.0	0	0.6666666666666666	4.0	1	True
	359	1.0	90.0	0		0.5925752963391258	GEM_RT.TTCGGTCAGAGCCCAA	3.31801556444179	1.0	0	0.6666666666666666	4.0	1	True
	360	1.0	122.0	0		0.5925752963391258	GEM_RT.GCCTGTTAGGAGAATG	3.31801556444179	1.0	0	0.6666666666666666	4.0	1	True
	361	1.0	149.0	0		0.5925752963391258	GEM_RT.CAGCACGGTTGGGACA	3.31801556444179	1.0	0	0.6666666666666666	4.0	1	True
	362	1.0	39.0	0		0.5925752963391258	GEM_RT.CTTAGGATCGCAGATT	3.31801556444179	1.0	0	0.6666666666666666	4.0	1	True
	363	1.0	148.0	0		0.5925752963391258	GEM_RT.GTGAGCCGTACCTAGT	3.31801556444179	1.0	0	0.6666666666666666	4.0	1	True
	364	1.0	88.0	0		0.5925752963391258	GEM_RT.AGTAGTCAGTCATCCA	3.31801556444179	1.0	0	0.6666666666666666	4.0	1	True
	365	1.0	15.0	0		0.5925752963391258	GEM_RT.AGGAAATCACGAGGAT	3.31801556444179	1.0	0	0.6666666666666666	4.0	1	True
	366	1.0	12.0	0		0.5925752963391258	GEM_RT.AGGAATACAAGTGGAC	3.31801556444179	1.0	0	0.6666666666666666	4.0	1	True
	367	1.0	23.0	0		0.5925752963391258	GEM_RT.CTCAGTCCACAGTATC	3.31801556444179	1.0	0	0.6666666666666666	4.0	1	True
	368	1.0	94.0	0		0.5925752963391258	GEM_RT.CGGCAGTCAGCAGATG	3.31801556444179	1.0	0	0.6666666666666666	4.0	1	True
	369	1.0	141.0	0		0.5925752963391258	GEM_RT.GGATGTTAGTATGACA	3.31801556444179	1.0	0	0.6666666666666666	4.0	1	True
	370	1.0	7.0	0		0.5925752963391258	GEM_RT.TGACAGTGTATTCTCT	3.31801556444179	1.0	0	0.6666666666666666	4.0	1	True
	371	1.0	47.0	0		0.5925752963391258	GEM_RT.CTGAATGTCAGATGCT	3.31801556444179	1.0	0	0.6666666666666666	4.0	1	True
	372	1.0	99.0	0		0.5925752963391258	GEM_RT.TTTGTTGCATGGCACC	3.31801556444179	1.0	0	0.6666666666666666	4.0	1	True
	373	1.0	128.0	0		0.5925752963391258	GEM_RT.GTTTACTAGCGCCTCA	3.31801556444179	1.0	0	0.6666666666666666	4.0	1	True
	374	1.0	108.0	0		0.5925752963391258	GEM_RT.CTGCTCATCTATCGTT	3.31801556444179	1.0	0	0.6666666666666666	4.0	1	True
	375	1.0	130.0	0		0.5925752963391258	GEM_RT.CTGGACGCATGCAGCC	3.31801556444179	1.0	0	0.6666666666666666	4.0	1	True
	376	1.0	127.0	0		0.5925752963391258	GEM_RT.TGATCTTCAGGAGGAG	3.31801556444179	1.0	0	0.6666666666666666	4.0	1	True
	377	1.0	45.0	0		0.5925752963391258	GEM_RT.CTGGTCTTCTTTGCAT	3.31801556444179	1.0	0	0.6666666666666666	4.0	1	True
	378	1.0	137.0	0		0.5925752963391258	GEM_RT.TGATTCTGTTTACACG	3.31801556444179	1.0	0	0.6666666666666666	4.0	1	True
	379	1.0	126.0	0		0.5925752963391258	GEM_RT.TACCCACAGGATGTTA	3.31801556444179	1.0	0	0.6666666666666666	4.0	1	True
	380	1.0	46.0	0		0.5925752963391258	GEM_RT.TGATTTCGTTCAAGGG	3.31801556444179	1.0	0	0.6666666666666666	4.0	1	True
	381	1.0	64.0	0		0.5925752963391258	GEM_RT.CTTCAATCACTTTAGG	3.31801556444179	1.0	0	0.6666666666666666	4.0	1	True
	382	1.0	107.0	0		0.5925752963391258	GEM_RT.TACCTCGGTGTCATTG	3.31801556444179	1.0	0	0.6666666666666666	4.0	1	True
	383	1.0	22.0	0		0.5925752963391258	GEM_RT.CTTCGGTGTTGTAGCT	3.31801556444179	1.0	0	0.6666666666666666	4.0	1	True
	384	1.0	95.0	0		0.5925752963391258	GEM_RT.TGCGACGAGCTTGTGT	3.31801556444179	1.0	0	0.6666666666666666	4.0	1	True
	385	1.0	9.0	0		0.5925752963391258	GEM_RT.CTTGAGACACTGAATC	3.31801556444179	1.0	0	0.6666666666666666	4.0	1	True
	386	1.0	100.0	0		0.5925752963391258	GEM_RT.CTTTCAACACGCTGAC	3.31801556444179	1.0	0	0.6666666666666666	4.0	1	True
	387	1.0	30.0	0		0.5925752963391258	GEM_RT.TGGAACTAGTCACTAC	3.31801556444179	1.0	0	0.6666666666666666	4.0	1	True
	388	1.0	118.0	0		0.5925752963391258	GEM_RT.GTTGTGACACTCCTGT	3.31801556444179	1.0	0	0.6666666666666666	4.0	1	True
	389	1.0	33.0	0		0.5925752963391258	GEM_RT.TTCATTGTCCCTTGGT	3.31801556444179	1.0	0	0.6666666666666666	4.0	1	True
	390	1.0	78.0	0		0.5925752963391258	GEM_RT.TGGGAGAAGCTGCGAA	3.31801556444179	1.0	0	0.6666666666666666	4.0	1	True
	391	1.0	119.0	0		0.5925752963391258	GEM_RT.TAGTGCAAGTTCTACG	3.31801556444179	1.0	0	0.6666666666666666	4.0	1	True
	392	1.0	132.0	0		0.5925752963391258	GEM_RT.GAATCGTAGTTGCGCC	3.31801556444179	1.0	0	0.6666666666666666	4.0	1	True
	393	1.0	117.0	0		0.5925752963391258	GEM_RT.GGTTGTAGTACGTAGG	3.31801556444179	1.0	0	0.6666666666666666	4.0	1	True
	394	1.0	4.0	0		0.5925752963391258	GEM_RT.TGGTAGTTCTACGGTA	3.31801556444179	1.0	0	0.6666666666666666	4.0	1	True
	395	1.0	72.0	0		0.5925752963391258	GEM_RT.GCATTAGGTTCGGACC	3.31801556444179	1.0	0	0.6666666666666666	4.0	1	True
	396	1.0	155.0	0		0.5925752963391258	GEM_RT.TCCGAAAGTGGCATCC	3.31801556444179	1.0	0	0.6666666666666666	4.0	1	True
	397	1.0	49.0	0		0.5925752963391258	GEM_RT.GTGGCGTTCCACAGGC	3.31801556444179	1.0	0	0.6666666666666666	4.0	1	True
	398	1.0	101.0	0		0.5925752963391258	GEM_RT.GAGATGGGTGTCTTGA	3.31801556444179	1.0	0	0.6666666666666666	4.0	1	True
	399	1.0	65.0	0		0.5925752963391258	GEM_RT.AGGATCTAGTGGTGAC	3.31801556444179	1.0	0	0.6666666666666666	4.0	1	True
	400	1.0	135.0	0		0.5925752963391258	GEM_RT.TTCAGGAAGGGAACAA	3.31801556444179	1.0	0	0.6666666666666666	4.0	1	True
	401	1.0	25.0	0		0.5925752963391258	GEM_RT.TTCCTAATCTGAGAAA	3.31801556444179	1.0	0	0.6666666666666666	4.0	1	True
	402	1.0	125.0	0		0.5925752963391258	GEM_RT.TTCCTTCCATGTTACG	3.31801556444179	1.0	0	0.6666666666666666	4.0	1	True
	403	1.0	84.0	0		0.5925752963391258	GEM_RT.CACTGAAAGGCAGTCA	3.31801556444179	1.0	0	0.6666666666666666	4.0	1	True
	404	1.0	19.0	0		0.5925752963391258	GEM_RT.TTGAACGTCCATGCAA	3.31801556444179	1.0	0	0.6666666666666666	4.0	1	True
	405	1.0	76.0	0		0.5925752963391258	GEM_RT.TCAAGCAAGGTCCCGT	3.31801556444179	1.0	0	0.6666666666666666	4.0	1	True
	406	1.0	138.0	0		0.5925752963391258	GEM_RT.TGTTGAGTCCGGGACT	3.31801556444179	1.0	0	0.6666666666666666	4.0	1	True
	407	1.0	110.0	0		0.5925752963391258	GEM_RT.GTTCGCTGTTCTCACC	3.31801556444179	1.0	0	0.6666666666666666	4.0	1	True
	408	1.0	66.0	0		0.5925752963391258	GEM_RT.TACTTACCAGGTTTAC	3.31801556444179	1.0	0	0.6666666666666666	4.0	1	True
	409	1.0	116.0	0		0.5925752963391258	GEM_RT.TCTGCCACAATCGTCA	3.31801556444179	1.0	0	0.6666666666666666	4.0	1	True
	410	1.0	53.0	0		0.5925752963391258	GEM_RT.TAGAGTCTCTCTAAGG	3.31801556444179	1.0	0	0.6666666666666666	4.0	1	True
	411	1.0	74.0	0		0.5925752963391258	GEM_RT.GTTGTCCGTTCTATCT	3.31801556444179	1.0	0	0.6666666666666666	4.0	1	True
	412	1.0	143.0	0		0.5925752963391258	GEM_RT.TCTTTGATCGGTAACT	3.31801556444179	1.0	0	0.6666666666666666	4.0	1	True
	413	1.0	139.0	0		0.5925752963391258	GEM_RT.TTTCATGAGCGACTGA	3.31801556444179	1.0	0	0.6666666666666666	4.0	1	True
	414	1.0	154.0	0		0.5925752963391258	GEM_RT.TCCAGAATCTGGACTA	3.31801556444179	1.0	0	0.6666666666666666	4.0	1	True
	415	1.0	59.0	0		0.5925752963391258	GEM_RT.TGCGATATCTGAGGTT	3.31801556444179	1.0	0	0.6666666666666666	4.0	1	True
	416	1.0	152.0	0		0.5925752963391258	GEM_RT.TGCAGATTCAGTCCGG	3.31801556444179	1.0	0	0.6666666666666666	4.0	1	True
	417	1.0	73.0	0		0.5925752963391258	GEM_RT.TCAGTCCGTCTTACAG	3.31801556444179	1.0	0	0.6666666666666666	4.0	1	True
	418	1.0	68.0	0		0.5925752963391258	GEM_RT.TCCATGCTCAAGAATG	3.31801556444179	1.0	0	0.6666666666666666	4.0	1	True
	419	1.0	103.0	0		0.5925752963391258	GEM_RT.TCTTTGAAGAGGCGTT	3.31801556444179	1.0	0	0.6666666666666666	4.0	1	True
	420	1.0	41.0	0		0.5925752963391258	GEM_RT.TGTTGGAAGGCCTAAG	3.31801556444179	1.0	0	0.6666666666666666	4.0	1	True
	421	1.0	666.0	0		0.79125089371384	GEM_RT.GGTGATTGTAAGTTGA	1.889820370404961	1.0	0	0.8333333333333334	5.0	1	True
	422	1.0	669.0	0		0.79125089371384	GEM_RT.TTACAGGAGTCTAGAA	1.889820370404961	1.0	0	0.8333333333333334	5.0	1	True
	423	1.0	668.0	0		0.79125089371384	GEM_RT.GTCGTAACACGAGGTA	1.889820370404961	1.0	0	0.8333333333333334	5.0	1	True
	424	1.0	667.0	0		0.79125089371384	GEM_RT.GTGTTCCGTCGACTGC	1.889820370404961	1.0	0	0.8333333333333334	5.0	1	True
	425	1.0	724.0	0		0.8846709953436738	GEM_RT.CAGATACGTCACCGAC	1.3828876758627953	1.0	0	0.8333333333333334	5.0	1	True
	426	1.0	723.0	0		0.8846709953436738	GEM_RT.AGGCTGCAGGCCTAGA	1.3828876758627953	1.0	0	0.8333333333333334	5.0	1	True
	427	1.0	725.0	0		0.8846709953436738	GEM_RT.GGAACCCAGAACCCGA	1.3828876758627953	1.0	0	0.8333333333333334	5.0	1	True
	428	1.0	726.0	0		0.8846709953436738	GEM_RT.GAGTTTGCAGAGTTGG	1.3828876758627953	1.0	0	0.8333333333333334	5.0	1	True
	429	1.0	652.0	0		0.7739589586001698	GEM_RT.GGCTGTGCAATTTCGG	1.9803657683328055	1.0	0	0.8333333333333334	5.0	1	True
	430	1.0	654.0	0		0.7739589586001698	GEM_RT.CACCAAACAACAGAGC	1.9803657683328055	1.0	0	0.8333333333333334	5.0	1	True
	431	1.0	653.0	0		0.7739589586001698	GEM_RT.GTGGAAGGTGGCGCTT	1.9803657683328055	1.0	0	0.8333333333333334	5.0	1	True
	432	1.0	655.0	0		0.7739589586001698	GEM_RT.GCCATGGTCGATACGT	1.9803657683328055	1.0	0	0.8333333333333334	5.0	1	True
	433	1.0	649.0	0		0.6750501408349638	GEM_RT.GGGTGTCGTCGTCGGT	2.063719858155607	1.0	0	0.8333333333333334	5.0	1	True
	434	1.0	650.0	0		0.6750501408349638	GEM_RT.TGAGGTTTCCCACAGG	2.063719858155607	1.0	0	0.8333333333333334	5.0	1	True
	435	1.0	651.0	0		0.6750501408349638	GEM_RT.ATACCTTTCGGACTTA	2.063719858155607	1.0	0	0.8333333333333334	5.0	1	True
	436	1.0	55.0	2	-0.06364090439365079	0.3093155032806614	_435	2.699812879823628	1.0	2	0.8333333333333334	5.0	2	False
	437	1.0	54.0	2	-0.06364090439365079	0.3093155032806614	_436	2.699812879823628	1.0	2	0.8333333333333334	5.0	2	False
	438	1.0	7.0	19	-0.06364090439365079	0.05314610982000545	_437	4.249835813940241	1.0	19	0.8333333333333334	5.0	19	False
	439	1.0	700.0	0		0.8548946189032702	GEM_RT.GGGTATTGTGAGGATC	1.6548677668255665	1.0	0	0.8333333333333334	5.0	1	True
	440	1.0	697.0	0		0.8548946189032702	GEM_RT.ATCTTCAGTTCTCCAC	1.6548677668255665	1.0	0	0.8333333333333334	5.0	1	True
	441	1.0	696.0	0		0.8548946189032702	GEM_RT.AGGATCTAGCTAGAGC	1.6548677668255665	1.0	0	0.8333333333333334	5.0	1	True
	442	1.0	701.0	0		0.8548946189032702	GEM_RT.TTGCATTAGTGACCTT	1.6548677668255665	1.0	0	0.8333333333333334	5.0	1	True
	443	1.0	702.0	0		0.8548946189032702	GEM_RT.GTTGTGACAGAACATA	1.6548677668255665	1.0	0	0.8333333333333334	5.0	1	True
	444	1.0	699.0	0		0.8548946189032702	GEM_RT.GGGAGTACATAGAAAC	1.6548677668255665	1.0	0	0.8333333333333334	5.0	1	True
	445	1.0	695.0	0		0.8548946189032702	GEM_RT.GCAGCCAGTACTAAGA	1.6548677668255665	1.0	0	0.8333333333333334	5.0	1	True
	446	1.0	698.0	0		0.8548946189032702	GEM_RT.CAGCACGGTCATAACC	1.6548677668255665	1.0	0	0.8333333333333334	5.0	1	True
	447	1.0	709.0	0		0.7528229311930499	GEM_RT.TCTATCAGTGGAAGTC	1.497540042333721	1.0	0	0.8333333333333334	5.0	1	True
	448	1.0	70.0	2	-0.06364090439365079	0.3539370198836389	_447	2.430243086189997	1.0	2	0.8333333333333334	5.0	2	False
	449	1.0	703.0	0		0.7490160270422725	GEM_RT.TAGGTACAGTTGAAAC	1.5868639144056518	1.0	0	0.8333333333333334	5.0	1	True
	450	1.0	45.0	3	-0.06364090439365079	0.2760372215316629	_449	2.8419496319179647	1.0	3	0.8333333333333334	5.0	3	False
	451	1.0	631.0	0		0.7277514511450649	GEM_RT.GGTGGCTCAGGATCTT	2.3327936611948616	1.0	0	0.8333333333333334	5.0	1	True
	452	1.0	629.0	0		0.7277514511450649	GEM_RT.GAGTGTTTCCGCGGAT	2.3327936611948616	1.0	0	0.8333333333333334	5.0	1	True
	453	1.0	628.0	0		0.7277514511450649	GEM_RT.ATACCTTAGCATACTC	2.3327936611948616	1.0	0	0.8333333333333334	5.0	1	True
	454	1.0	630.0	0		0.7277514511450649	GEM_RT.CTCATGCAGGAGTACC	2.3327936611948616	1.0	0	0.8333333333333334	5.0	1	True
	455	1.0	627.0	0		0.7277514511450649	GEM_RT.GCTACCTAGGTCTGGA	2.3327936611948616	1.0	0	0.8333333333333334	5.0	1	True
	456	1.0	675.0	0		0.7389170266780716	GEM_RT.CTAGGTACAGCCATTA	1.8081451078405109	1.0	0	0.8333333333333334	5.0	1	True
	457	1.0	674.0	0		0.7389170266780716	GEM_RT.CATCCGTAGTCCTGCG	1.8081451078405109	1.0	0	0.8333333333333334	5.0	1	True
	458	1.0	42.0	3	-0.06364090439365079	0.26580365249366267	_457	2.9289568839531186	1.0	3	0.8333333333333334	5.0	3	False
	459	1.0	673.0	0		0.6977637981109384	GEM_RT.GGGCTCAGTGACATCT	1.8325848497649833	1.0	0	0.8333333333333334	5.0	1	True
	460	1.0	672.0	0		0.6977637981109384	GEM_RT.AAGCGAGTCTCCGCAT	1.8325848497649833	1.0	0	0.8333333333333334	5.0	1	True
	461	1.0	60.0	2	-0.06364090439365079	0.3220017214362745	_460	2.5936975022724464	1.0	2	0.8333333333333334	5.0	2	False
	462	1.0	61.0	2	-0.06364090439365079	0.3220017214362745	_461	2.5936975022724464	1.0	2	0.8333333333333334	5.0	2	False
	463	1.0	686.0	0		0.84954800678199	GEM_RT.GGCTTGGTCTTTCCAA	1.785439346623912	1.0	0	0.8333333333333334	5.0	1	True
	464	1.0	676.0	0		0.84954800678199	GEM_RT.AGTAGCTTCGGTCTGG	1.785439346623912	1.0	0	0.8333333333333334	5.0	1	True
	465	1.0	679.0	0		0.84954800678199	GEM_RT.GGAACCCGTATCAAGA	1.785439346623912	1.0	0	0.8333333333333334	5.0	1	True
	466	1.0	678.0	0		0.84954800678199	GEM_RT.AGGACTTGTTCGAAGG	1.785439346623912	1.0	0	0.8333333333333334	5.0	1	True
	467	1.0	683.0	0		0.84954800678199	GEM_RT.GTCCACTGTAGCACAG	1.785439346623912	1.0	0	0.8333333333333334	5.0	1	True
	468	1.0	681.0	0		0.84954800678199	GEM_RT.GAGTCTAGTATCTCGA	1.785439346623912	1.0	0	0.8333333333333334	5.0	1	True
	469	1.0	684.0	0		0.84954800678199	GEM_RT.AAAGTGATCTGGTCAA	1.785439346623912	1.0	0	0.8333333333333334	5.0	1	True
	470	1.0	677.0	0		0.84954800678199	GEM_RT.GGAGCAAGTTTACGTG	1.785439346623912	1.0	0	0.8333333333333334	5.0	1	True
	471	1.0	687.0	0		0.84954800678199	GEM_RT.GAGACCCGTTTGGAAA	1.785439346623912	1.0	0	0.8333333333333334	5.0	1	True
	472	1.0	680.0	0		0.84954800678199	GEM_RT.CCTCATGGTCACTGAT	1.785439346623912	1.0	0	0.8333333333333334	5.0	1	True
	473	1.0	682.0	0		0.84954800678199	GEM_RT.GATAGAATCTCGAACA	1.785439346623912	1.0	0	0.8333333333333334	5.0	1	True
	474	1.0	685.0	0		0.84954800678199	GEM_RT.ATCATTCAGGTCCCTG	1.785439346623912	1.0	0	0.8333333333333334	5.0	1	True
	475	1.0	704.0	0		0.7603589416009169	GEM_RT.GAGAAATCATGTACGT	1.5867145167864112	1.0	0	0.8333333333333334	5.0	1	True
	476	1.0	69.0	2	-0.06364090439365079	0.35029520356112	_475	2.473960698449415	1.0	2	0.8333333333333334	5.0	2	False
	477	1.0	569.0	0		0.6666783555535973	GEM_RT.TTGCCTGAGGAAAGAC	2.7580573417229726	1.0	0	0.8333333333333334	5.0	1	True
	478	1.0	573.0	0		0.6666783555535973	GEM_RT.CCGGGTATCAGCGCGT	2.7580573417229726	1.0	0	0.8333333333333334	5.0	1	True
	479	1.0	575.0	0		0.6666783555535973	GEM_RT.CTGTAGATCTTGCGCT	2.7580573417229726	1.0	0	0.8333333333333334	5.0	1	True
	480	1.0	574.0	0		0.6666783555535973	GEM_RT.ATCCACCCACACCAGC	2.7580573417229726	1.0	0	0.8333333333333334	5.0	1	True
	481	1.0	571.0	0		0.6666783555535973	GEM_RT.CCTCCAATCGATACAC	2.7580573417229726	1.0	0	0.8333333333333334	5.0	1	True
	482	1.0	577.0	0		0.6666783555535973	GEM_RT.CTAACTTGTCCACTTC	2.7580573417229726	1.0	0	0.8333333333333334	5.0	1	True
	483	1.0	576.0	0		0.6666783555535973	GEM_RT.GGTAGAGAGTGTAGTA	2.7580573417229726	1.0	0	0.8333333333333334	5.0	1	True
	484	1.0	572.0	0		0.6666783555535973	GEM_RT.GCACTAACACAATCTG	2.7580573417229726	1.0	0	0.8333333333333334	5.0	1	True
	485	1.0	570.0	0		0.6666783555535973	GEM_RT.TAGTGCATCTCGCGTT	2.7580573417229726	1.0	0	0.8333333333333334	5.0	1	True
	486	1.0	562.0	0		0.6401906428576218	GEM_RT.TCGTGCTCAGGAAGTC	2.8472154215823666	1.0	0	0.8333333333333334	5.0	1	True
	487	1.0	557.0	0		0.6401906428576218	GEM_RT.CCACACTCACACACGC	2.8472154215823666	1.0	0	0.8333333333333334	5.0	1	True
	488	1.0	559.0	0		0.6401906428576218	GEM_RT.ATCTTCATCCCGATCT	2.8472154215823666	1.0	0	0.8333333333333334	5.0	1	True
	489	1.0	568.0	0		0.6401906428576218	GEM_RT.GACCCTTCATCCGCGA	2.8472154215823666	1.0	0	0.8333333333333334	5.0	1	True
	490	1.0	563.0	0		0.6401906428576218	GEM_RT.GCATCTCCAGGCATGA	2.8472154215823666	1.0	0	0.8333333333333334	5.0	1	True
	491	1.0	558.0	0		0.6401906428576218	GEM_RT.CAGGTATAGCATATGA	2.8472154215823666	1.0	0	0.8333333333333334	5.0	1	True
	492	1.0	564.0	0		0.6401906428576218	GEM_RT.AACACACAGTGCAAAT	2.8472154215823666	1.0	0	0.8333333333333334	5.0	1	True
	493	1.0	566.0	0		0.6401906428576218	GEM_RT.CAAGCTACAATCGCAT	2.8472154215823666	1.0	0	0.8333333333333334	5.0	1	True
	494	1.0	556.0	0		0.6401906428576218	GEM_RT.CTCTCAGGTAGCGTCC	2.8472154215823666	1.0	0	0.8333333333333334	5.0	1	True
	495	1.0	567.0	0		0.6401906428576218	GEM_RT.ATGACCATCTTGAGCA	2.8472154215823666	1.0	0	0.8333333333333334	5.0	1	True
	496	1.0	561.0	0		0.6401906428576218	GEM_RT.GAGTTGTGTAGAGATT	2.8472154215823666	1.0	0	0.8333333333333334	5.0	1	True
	497	1.0	560.0	0		0.6401906428576218	GEM_RT.CTCCCTCCAGCCGGTT	2.8472154215823666	1.0	0	0.8333333333333334	5.0	1	True
	498	1.0	565.0	0		0.6401906428576218	GEM_RT.CTCTCGATCATTACGG	2.8472154215823666	1.0	0	0.8333333333333334	5.0	1	True
	499	1.0	33.0	2	-0.06364090439365079	0.2947738913256117	_498	3.0534236065818607	1.0	2	0.8333333333333334	5.0	2	False
	500	1.0	636.0	0		0.7781579764827748	GEM_RT.CTTTCAACACTGTTCC	2.291956851587189	1.0	0	0.8333333333333334	5.0	1	True
	501	1.0	637.0	0		0.7781579764827748	GEM_RT.GTCATCCAGGTGCTGA	2.291956851587189	1.0	0	0.8333333333333334	5.0	1	True
	502	1.0	6.0	31	-0.06364090439365079	0.03412087996490598	_501	4.412018715112024	1.0	31	0.8333333333333334	5.0	31	False
	503	1.0	188.0	0		0.592288021483725	GEM_RT.CTGCCTATCTCCTGAC	3.3119469409781797	1.0	0	0.8333333333333334	5.0	1	True
	504	1.0	208.0	0		0.592288021483725	GEM_RT.AAGGTAAGTCGAACGA	3.3119469409781797	1.0	0	0.8333333333333334	5.0	1	True
	505	1.0	187.0	0		0.592288021483725	GEM_RT.TTGAGTGGTGGGACAT	3.3119469409781797	1.0	0	0.8333333333333334	5.0	1	True
	506	1.0	241.0	0		0.592288021483725	GEM_RT.AAGTGAAGTAACCAGG	3.3119469409781797	1.0	0	0.8333333333333334	5.0	1	True
	507	1.0	158.0	0		0.592288021483725	GEM_RT.ATAGACCTCCACATAG	3.3119469409781797	1.0	0	0.8333333333333334	5.0	1	True
	508	1.0	177.0	0		0.592288021483725	GEM_RT.ACGTAGTCATCATGAC	3.3119469409781797	1.0	0	0.8333333333333334	5.0	1	True
	509	1.0	264.0	0		0.592288021483725	GEM_RT.AGTCACAAGCATAGGC	3.3119469409781797	1.0	0	0.8333333333333334	5.0	1	True
	510	1.0	165.0	0		0.592288021483725	GEM_RT.ACCGTTCTCCCGGTAG	3.3119469409781797	1.0	0	0.8333333333333334	5.0	1	True
	511	1.0	291.0	0		0.592288021483725	GEM_RT.AAGTCGTTCGTGGGTC	3.3119469409781797	1.0	0	0.8333333333333334	5.0	1	True
	512	1.0	243.0	0		0.592288021483725	GEM_RT.TTCCTAAGTCCAGCCA	3.3119469409781797	1.0	0	0.8333333333333334	5.0	1	True
	513	1.0	258.0	0		0.592288021483725	GEM_RT.ACCCAAAAGAAAGTCT	3.3119469409781797	1.0	0	0.8333333333333334	5.0	1	True
	514	1.0	206.0	0		0.592288021483725	GEM_RT.ATTACCTAGCTGCCAC	3.3119469409781797	1.0	0	0.8333333333333334	5.0	1	True
	515	1.0	266.0	0		0.592288021483725	GEM_RT.GGTGATTAGGCACCAA	3.3119469409781797	1.0	0	0.8333333333333334	5.0	1	True
	516	1.0	160.0	0		0.592288021483725	GEM_RT.GAGTCTATCAACTGGT	3.3119469409781797	1.0	0	0.8333333333333334	5.0	1	True
	517	1.0	193.0	0		0.592288021483725	GEM_RT.AACGGGAAGTTGTACC	3.3119469409781797	1.0	0	0.8333333333333334	5.0	1	True
	518	1.0	212.0	0		0.592288021483725	GEM_RT.AAGGAATAGTGCGTCC	3.3119469409781797	1.0	0	0.8333333333333334	5.0	1	True
	519	1.0	248.0	0		0.592288021483725	GEM_RT.AACCCAACAGGGCTTC	3.3119469409781797	1.0	0	0.8333333333333334	5.0	1	True
	520	1.0	231.0	0		0.592288021483725	GEM_RT.GGGTTTAGTAGATCCT	3.3119469409781797	1.0	0	0.8333333333333334	5.0	1	True
	521	1.0	224.0	0		0.592288021483725	GEM_RT.GTAAGTCTCGCAGAGA	3.3119469409781797	1.0	0	0.8333333333333334	5.0	1	True
	522	1.0	281.0	0		0.592288021483725	GEM_RT.GAATCGTGTTTCGTTT	3.3119469409781797	1.0	0	0.8333333333333334	5.0	1	True
	523	1.0	286.0	0		0.592288021483725	GEM_RT.ATTCTTGAGTCACGAG	3.3119469409781797	1.0	0	0.8333333333333334	5.0	1	True
	524	1.0	234.0	0		0.592288021483725	GEM_RT.AACCATGGTAGCTTTG	3.3119469409781797	1.0	0	0.8333333333333334	5.0	1	True
	525	1.0	307.0	0		0.592288021483725	GEM_RT.TGTAAGCGTTAGGACG	3.3119469409781797	1.0	0	0.8333333333333334	5.0	1	True
	526	1.0	191.0	0		0.592288021483725	GEM_RT.AAGTGAATCGGTCTGG	3.3119469409781797	1.0	0	0.8333333333333334	5.0	1	True
	527	1.0	209.0	0		0.592288021483725	GEM_RT.AGCGTCGTCTCTATGT	3.3119469409781797	1.0	0	0.8333333333333334	5.0	1	True
	528	1.0	163.0	0		0.592288021483725	GEM_RT.GTGCACGAGCGGGTAT	3.3119469409781797	1.0	0	0.8333333333333334	5.0	1	True
	529	1.0	216.0	0		0.592288021483725	GEM_RT.GGAGGTACAGCAATTC	3.3119469409781797	1.0	0	0.8333333333333334	5.0	1	True
	530	1.0	293.0	0		0.592288021483725	GEM_RT.GGTGTCGTCGTCTACC	3.3119469409781797	1.0	0	0.8333333333333334	5.0	1	True
	531	1.0	205.0	0		0.592288021483725	GEM_RT.AGCCAGCTCCTAGCTC	3.3119469409781797	1.0	0	0.8333333333333334	5.0	1	True
	532	1.0	309.0	0		0.592288021483725	GEM_RT.CGCATGGCAGGGAGAG	3.3119469409781797	1.0	0	0.8333333333333334	5.0	1	True
	533	1.0	240.0	0		0.592288021483725	GEM_RT.GTGGTTAAGGTCGCCT	3.3119469409781797	1.0	0	0.8333333333333334	5.0	1	True
	534	1.0	311.0	0		0.592288021483725	GEM_RT.AGGTCATAGCCGATCC	3.3119469409781797	1.0	0	0.8333333333333334	5.0	1	True
	535	1.0	196.0	0		0.592288021483725	GEM_RT.CCTAACCTCCCGTGTT	3.3119469409781797	1.0	0	0.8333333333333334	5.0	1	True
	536	1.0	274.0	0		0.592288021483725	GEM_RT.CACGGGTTCTGAGTCA	3.3119469409781797	1.0	0	0.8333333333333334	5.0	1	True
	537	1.0	298.0	0		0.592288021483725	GEM_RT.AGATGCTTCGCCGAAC	3.3119469409781797	1.0	0	0.8333333333333334	5.0	1	True
	538	1.0	261.0	0		0.592288021483725	GEM_RT.CACGGGTAGGAACGAA	3.3119469409781797	1.0	0	0.8333333333333334	5.0	1	True
	539	1.0	236.0	0		0.592288021483725	GEM_RT.GAATCACAGTATAGGT	3.3119469409781797	1.0	0	0.8333333333333334	5.0	1	True
	540	1.0	169.0	0		0.592288021483725	GEM_RT.ACTGCAAGTGGACCTC	3.3119469409781797	1.0	0	0.8333333333333334	5.0	1	True
	541	1.0	272.0	0		0.592288021483725	GEM_RT.AGAGAATAGGTGATCG	3.3119469409781797	1.0	0	0.8333333333333334	5.0	1	True
	542	1.0	238.0	0		0.592288021483725	GEM_RT.AGTTCGAAGTATTAGG	3.3119469409781797	1.0	0	0.8333333333333334	5.0	1	True
	543	1.0	221.0	0		0.592288021483725	GEM_RT.GGAGGTACAAGCAATA	3.3119469409781797	1.0	0	0.8333333333333334	5.0	1	True
	544	1.0	166.0	0		0.592288021483725	GEM_RT.CAGATTGAGAAGTCTA	3.3119469409781797	1.0	0	0.8333333333333334	5.0	1	True
	545	1.0	184.0	0		0.592288021483725	GEM_RT.GTGTAACGTGTAGTGG	3.3119469409781797	1.0	0	0.8333333333333334	5.0	1	True
	546	1.0	198.0	0		0.592288021483725	GEM_RT.AGACAAAGTCCGGATC	3.3119469409781797	1.0	0	0.8333333333333334	5.0	1	True
	547	1.0	199.0	0		0.592288021483725	GEM_RT.GGACGTCTCATGGCCG	3.3119469409781797	1.0	0	0.8333333333333334	5.0	1	True
	548	1.0	170.0	0		0.592288021483725	GEM_RT.TGTCCCACAATTTCCT	3.3119469409781797	1.0	0	0.8333333333333334	5.0	1	True
	549	1.0	256.0	0		0.592288021483725	GEM_RT.TCAGCCTTCTCTCTTC	3.3119469409781797	1.0	0	0.8333333333333334	5.0	1	True
	550	1.0	176.0	0		0.592288021483725	GEM_RT.CAGGTATGTATTGAGA	3.3119469409781797	1.0	0	0.8333333333333334	5.0	1	True
	551	1.0	217.0	0		0.592288021483725	GEM_RT.CTCACTGCACCGGCTA	3.3119469409781797	1.0	0	0.8333333333333334	5.0	1	True
	552	1.0	197.0	0		0.592288021483725	GEM_RT.ATTCCATCAAGAAATC	3.3119469409781797	1.0	0	0.8333333333333334	5.0	1	True
	553	1.0	303.0	0		0.592288021483725	GEM_RT.CATAAGCTCTCCTGCA	3.3119469409781797	1.0	0	0.8333333333333334	5.0	1	True
	554	1.0	315.0	0		0.592288021483725	GEM_RT.ACTATCTGTACTCGCG	3.3119469409781797	1.0	0	0.8333333333333334	5.0	1	True
	555	1.0	301.0	0		0.592288021483725	GEM_RT.ACCTGAATCGGACGTC	3.3119469409781797	1.0	0	0.8333333333333334	5.0	1	True
	556	1.0	299.0	0		0.592288021483725	GEM_RT.TCAGCCTTCGAAACAA	3.3119469409781797	1.0	0	0.8333333333333334	5.0	1	True
	557	1.0	235.0	0		0.592288021483725	GEM_RT.GTATTGGAGAGTCAGC	3.3119469409781797	1.0	0	0.8333333333333334	5.0	1	True
	558	1.0	183.0	0		0.592288021483725	GEM_RT.ACGATCACAGCAGATG	3.3119469409781797	1.0	0	0.8333333333333334	5.0	1	True
	559	1.0	250.0	0		0.592288021483725	GEM_RT.GTATTTCTCTCGGTAA	3.3119469409781797	1.0	0	0.8333333333333334	5.0	1	True
	560	1.0	244.0	0		0.592288021483725	GEM_RT.GGTAGAGTCTGTAACG	3.3119469409781797	1.0	0	0.8333333333333334	5.0	1	True
	561	1.0	290.0	0		0.592288021483725	GEM_RT.CAAGAGGAGCTAAGTA	3.3119469409781797	1.0	0	0.8333333333333334	5.0	1	True
	562	1.0	263.0	0		0.592288021483725	GEM_RT.TTGTTTGTCAGCGTCG	3.3119469409781797	1.0	0	0.8333333333333334	5.0	1	True
	563	1.0	271.0	0		0.592288021483725	GEM_RT.GTCAGCGTCGCTATTT	3.3119469409781797	1.0	0	0.8333333333333334	5.0	1	True
	564	1.0	316.0	0		0.592288021483725	GEM_RT.CACTTCGCAGATCATC	3.3119469409781797	1.0	0	0.8333333333333334	5.0	1	True
	565	1.0	202.0	0		0.592288021483725	GEM_RT.ACTTTGTGTTCTCTAT	3.3119469409781797	1.0	0	0.8333333333333334	5.0	1	True
	566	1.0	280.0	0		0.592288021483725	GEM_RT.GGCACGTTCGGACTTA	3.3119469409781797	1.0	0	0.8333333333333334	5.0	1	True
	567	1.0	267.0	0		0.592288021483725	GEM_RT.CAGATCACAGTCAGAG	3.3119469409781797	1.0	0	0.8333333333333334	5.0	1	True
	568	1.0	312.0	0		0.592288021483725	GEM_RT.AAGCGAGGTGCTCCGA	3.3119469409781797	1.0	0	0.8333333333333334	5.0	1	True
	569	1.0	304.0	0		0.592288021483725	GEM_RT.GGCGTCACATCGATGT	3.3119469409781797	1.0	0	0.8333333333333334	5.0	1	True
	570	1.0	204.0	0		0.592288021483725	GEM_RT.CTGAATGGTAGTCGTT	3.3119469409781797	1.0	0	0.8333333333333334	5.0	1	True
	571	1.0	220.0	0		0.592288021483725	GEM_RT.CATTCTAAGTGTCATC	3.3119469409781797	1.0	0	0.8333333333333334	5.0	1	True
	572	1.0	219.0	0		0.592288021483725	GEM_RT.AAAGAACTCGTTGCCT	3.3119469409781797	1.0	0	0.8333333333333334	5.0	1	True
	573	1.0	253.0	0		0.592288021483725	GEM_RT.GGAATGGCAGTCCGTG	3.3119469409781797	1.0	0	0.8333333333333334	5.0	1	True
	574	1.0	306.0	0		0.592288021483725	GEM_RT.CAGCACGGTCTCTCAC	3.3119469409781797	1.0	0	0.8333333333333334	5.0	1	True
	575	1.0	305.0	0		0.592288021483725	GEM_RT.TAAGCCACAAAGCAAT	3.3119469409781797	1.0	0	0.8333333333333334	5.0	1	True
	576	1.0	268.0	0		0.592288021483725	GEM_RT.CTGCCATCAAGCGAGT	3.3119469409781797	1.0	0	0.8333333333333334	5.0	1	True
	577	1.0	203.0	0		0.592288021483725	GEM_RT.CATTGAGGTCCGAAAG	3.3119469409781797	1.0	0	0.8333333333333334	5.0	1	True
	578	1.0	161.0	0		0.592288021483725	GEM_RT.TACAACGTCAAACTGC	3.3119469409781797	1.0	0	0.8333333333333334	5.0	1	True
	579	1.0	265.0	0		0.592288021483725	GEM_RT.CTGGCAGTCGGAGATG	3.3119469409781797	1.0	0	0.8333333333333334	5.0	1	True
	580	1.0	237.0	0		0.592288021483725	GEM_RT.CCACCATCAAGATTGA	3.3119469409781797	1.0	0	0.8333333333333334	5.0	1	True
	581	1.0	252.0	0		0.592288021483725	GEM_RT.CTGGTCTGTCAGGTGA	3.3119469409781797	1.0	0	0.8333333333333334	5.0	1	True
	582	1.0	229.0	0		0.592288021483725	GEM_RT.GGGTAGACAACACAAA	3.3119469409781797	1.0	0	0.8333333333333334	5.0	1	True
	583	1.0	273.0	0		0.592288021483725	GEM_RT.ATTCTTGAGTGTCATC	3.3119469409781797	1.0	0	0.8333333333333334	5.0	1	True
	584	1.0	226.0	0		0.592288021483725	GEM_RT.GGGTTATCATTCTTCA	3.3119469409781797	1.0	0	0.8333333333333334	5.0	1	True
	585	1.0	218.0	0		0.592288021483725	GEM_RT.TACGGTATCCTACGAA	3.3119469409781797	1.0	0	0.8333333333333334	5.0	1	True
	586	1.0	215.0	0		0.592288021483725	GEM_RT.TTTACTGAGAACTGAT	3.3119469409781797	1.0	0	0.8333333333333334	5.0	1	True
	587	1.0	292.0	0		0.592288021483725	GEM_RT.TAGCACACACGGCGTT	3.3119469409781797	1.0	0	0.8333333333333334	5.0	1	True
	588	1.0	200.0	0		0.592288021483725	GEM_RT.TTGCTGCGTCAAGCGA	3.3119469409781797	1.0	0	0.8333333333333334	5.0	1	True
	589	1.0	164.0	0		0.592288021483725	GEM_RT.CCGTAGGGTGTTAAAG	3.3119469409781797	1.0	0	0.8333333333333334	5.0	1	True
	590	1.0	247.0	0		0.592288021483725	GEM_RT.GTGCTGGGTGGCTCTG	3.3119469409781797	1.0	0	0.8333333333333334	5.0	1	True
	591	1.0	288.0	0		0.592288021483725	GEM_RT.CCTCAGTCAACCAGAG	3.3119469409781797	1.0	0	0.8333333333333334	5.0	1	True
	592	1.0	289.0	0		0.592288021483725	GEM_RT.CGTTCTGTCATGAGTC	3.3119469409781797	1.0	0	0.8333333333333334	5.0	1	True
	593	1.0	167.0	0		0.592288021483725	GEM_RT.TAAGTCGCATGGCTAT	3.3119469409781797	1.0	0	0.8333333333333334	5.0	1	True
	594	1.0	180.0	0		0.592288021483725	GEM_RT.CCTCTCCTCACCTACC	3.3119469409781797	1.0	0	0.8333333333333334	5.0	1	True
	595	1.0	232.0	0		0.592288021483725	GEM_RT.CCTGCATAGGAGTACC	3.3119469409781797	1.0	0	0.8333333333333334	5.0	1	True
	596	1.0	262.0	0		0.592288021483725	GEM_RT.CCTTCAGCATCGAACT	3.3119469409781797	1.0	0	0.8333333333333334	5.0	1	True
	597	1.0	227.0	0		0.592288021483725	GEM_RT.CTACTATCATGAGAAT	3.3119469409781797	1.0	0	0.8333333333333334	5.0	1	True
	598	1.0	230.0	0		0.592288021483725	GEM_RT.CGACAGCCAGATACCT	3.3119469409781797	1.0	0	0.8333333333333334	5.0	1	True
	599	1.0	162.0	0		0.592288021483725	GEM_RT.TCACTATTCTTACCGC	3.3119469409781797	1.0	0	0.8333333333333334	5.0	1	True
	600	1.0	278.0	0		0.592288021483725	GEM_RT.TGTTTGTGTCTGTAAC	3.3119469409781797	1.0	0	0.8333333333333334	5.0	1	True
	601	1.0	260.0	0		0.592288021483725	GEM_RT.CGAGGAACACGAAGAC	3.3119469409781797	1.0	0	0.8333333333333334	5.0	1	True
	602	1.0	214.0	0		0.592288021483725	GEM_RT.GAGTTTGAGGGAGTGG	3.3119469409781797	1.0	0	0.8333333333333334	5.0	1	True
	603	1.0	277.0	0		0.592288021483725	GEM_RT.TGTTCATCAATCAAGA	3.3119469409781797	1.0	0	0.8333333333333334	5.0	1	True
	604	1.0	284.0	0		0.592288021483725	GEM_RT.GGTAGAGAGCCTCAGC	3.3119469409781797	1.0	0	0.8333333333333334	5.0	1	True
	605	1.0	276.0	0		0.592288021483725	GEM_RT.CGGAACCCATAACGGG	3.3119469409781797	1.0	0	0.8333333333333334	5.0	1	True
	606	1.0	239.0	0		0.592288021483725	GEM_RT.TCATACTCACTTGTGA	3.3119469409781797	1.0	0	0.8333333333333334	5.0	1	True
	607	1.0	282.0	0		0.592288021483725	GEM_RT.GAAATGATCGGTAACT	3.3119469409781797	1.0	0	0.8333333333333334	5.0	1	True
	608	1.0	269.0	0		0.592288021483725	GEM_RT.CGGGTGTAGTATGAAC	3.3119469409781797	1.0	0	0.8333333333333334	5.0	1	True
	609	1.0	296.0	0		0.592288021483725	GEM_RT.TCATTTGCACGTATAC	3.3119469409781797	1.0	0	0.8333333333333334	5.0	1	True
	610	1.0	185.0	0		0.592288021483725	GEM_RT.TAAGTCGCAAGAGCTG	3.3119469409781797	1.0	0	0.8333333333333334	5.0	1	True
	611	1.0	172.0	0		0.592288021483725	GEM_RT.TCCTCCCCATGTCGTA	3.3119469409781797	1.0	0	0.8333333333333334	5.0	1	True
	612	1.0	257.0	0		0.592288021483725	GEM_RT.CTACCTGCAGGAATCG	3.3119469409781797	1.0	0	0.8333333333333334	5.0	1	True
	613	1.0	194.0	0		0.592288021483725	GEM_RT.GCCCAGATCTTAGCTT	3.3119469409781797	1.0	0	0.8333333333333334	5.0	1	True
	614	1.0	175.0	0		0.592288021483725	GEM_RT.GTTACGATCAAACCTG	3.3119469409781797	1.0	0	0.8333333333333334	5.0	1	True
	615	1.0	157.0	0		0.592288021483725	GEM_RT.CTCAGAAAGGCGTTGA	3.3119469409781797	1.0	0	0.8333333333333334	5.0	1	True
	616	1.0	195.0	0		0.592288021483725	GEM_RT.TTGGTTTAGTGCTCGC	3.3119469409781797	1.0	0	0.8333333333333334	5.0	1	True
	617	1.0	233.0	0		0.592288021483725	GEM_RT.TCTCAGCCACTACCCT	3.3119469409781797	1.0	0	0.8333333333333334	5.0	1	True
	618	1.0	189.0	0		0.592288021483725	GEM_RT.CTCTCGAAGGGATCGT	3.3119469409781797	1.0	0	0.8333333333333334	5.0	1	True
	619	1.0	207.0	0		0.592288021483725	GEM_RT.CTGAATGGTTTGAAAG	3.3119469409781797	1.0	0	0.8333333333333334	5.0	1	True
	620	1.0	159.0	0		0.592288021483725	GEM_RT.CTGCAGGGTCTGATCA	3.3119469409781797	1.0	0	0.8333333333333334	5.0	1	True
	621	1.0	174.0	0		0.592288021483725	GEM_RT.GCATGATGTCGGTGAA	3.3119469409781797	1.0	0	0.8333333333333334	5.0	1	True
	622	1.0	283.0	0		0.592288021483725	GEM_RT.AACAAGAGTTCGGTAT	3.3119469409781797	1.0	0	0.8333333333333334	5.0	1	True
	623	1.0	211.0	0		0.592288021483725	GEM_RT.GTAGAAATCATAGACC	3.3119469409781797	1.0	0	0.8333333333333334	5.0	1	True
	624	1.0	182.0	0		0.592288021483725	GEM_RT.TGCAGATGTTCTCCTG	3.3119469409781797	1.0	0	0.8333333333333334	5.0	1	True
	625	1.0	186.0	0		0.592288021483725	GEM_RT.GTGGGAAAGTCTGGTT	3.3119469409781797	1.0	0	0.8333333333333334	5.0	1	True
	626	1.0	285.0	0		0.592288021483725	GEM_RT.CTTGAGAAGATTGACA	3.3119469409781797	1.0	0	0.8333333333333334	5.0	1	True
	627	1.0	310.0	0		0.592288021483725	GEM_RT.TGAACGTGTGACAGCA	3.3119469409781797	1.0	0	0.8333333333333334	5.0	1	True
	628	1.0	213.0	0		0.592288021483725	GEM_RT.CCTATCGTCAACACCA	3.3119469409781797	1.0	0	0.8333333333333334	5.0	1	True
	629	1.0	178.0	0		0.592288021483725	GEM_RT.TATCCTAAGAGCGACT	3.3119469409781797	1.0	0	0.8333333333333334	5.0	1	True
	630	1.0	254.0	0		0.592288021483725	GEM_RT.GCCATGGCACCCTTGT	3.3119469409781797	1.0	0	0.8333333333333334	5.0	1	True
	631	1.0	270.0	0		0.592288021483725	GEM_RT.GTACAACAGGATTACA	3.3119469409781797	1.0	0	0.8333333333333334	5.0	1	True
	632	1.0	181.0	0		0.592288021483725	GEM_RT.TGTTCTAGTTCGAACT	3.3119469409781797	1.0	0	0.8333333333333334	5.0	1	True
	633	1.0	259.0	0		0.592288021483725	GEM_RT.GAGCTGCTCTGGCTGG	3.3119469409781797	1.0	0	0.8333333333333334	5.0	1	True
	634	1.0	190.0	0		0.592288021483725	GEM_RT.TTACCGCGTCGTGATT	3.3119469409781797	1.0	0	0.8333333333333334	5.0	1	True
	635	1.0	192.0	0		0.592288021483725	GEM_RT.TTAGGCAGTGCGAACA	3.3119469409781797	1.0	0	0.8333333333333334	5.0	1	True
	636	1.0	246.0	0		0.592288021483725	GEM_RT.TTGTGGATCGCTTGCT	3.3119469409781797	1.0	0	0.8333333333333334	5.0	1	True
	637	1.0	179.0	0		0.592288021483725	GEM_RT.GGAAGTGTCCCTCTTT	3.3119469409781797	1.0	0	0.8333333333333334	5.0	1	True
	638	1.0	279.0	0		0.592288021483725	GEM_RT.GTTGTCCCAGGCGATA	3.3119469409781797	1.0	0	0.8333333333333334	5.0	1	True
	639	1.0	251.0	0		0.592288021483725	GEM_RT.GTTGTCCGTACTAACC	3.3119469409781797	1.0	0	0.8333333333333334	5.0	1	True
	640	1.0	225.0	0		0.592288021483725	GEM_RT.CTCCGATGTTTCGTAG	3.3119469409781797	1.0	0	0.8333333333333334	5.0	1	True
	641	1.0	275.0	0		0.592288021483725	GEM_RT.TCCATGCAGTGGATTA	3.3119469409781797	1.0	0	0.8333333333333334	5.0	1	True
	642	1.0	245.0	0		0.592288021483725	GEM_RT.TTCTAACGTTCGAACT	3.3119469409781797	1.0	0	0.8333333333333334	5.0	1	True
	643	1.0	223.0	0		0.592288021483725	GEM_RT.TTCTGTACAGCAATTC	3.3119469409781797	1.0	0	0.8333333333333334	5.0	1	True
	644	1.0	210.0	0		0.592288021483725	GEM_RT.TATTTCGGTGTCATTG	3.3119469409781797	1.0	0	0.8333333333333334	5.0	1	True
	645	1.0	228.0	0		0.592288021483725	GEM_RT.TTGAGTGGTGTTACTG	3.3119469409781797	1.0	0	0.8333333333333334	5.0	1	True
	646	1.0	201.0	0		0.592288021483725	GEM_RT.TGATGGTGTTCTCTAT	3.3119469409781797	1.0	0	0.8333333333333334	5.0	1	True
	647	1.0	308.0	0		0.592288021483725	GEM_RT.GCGAGAATCGAGTGAG	3.3119469409781797	1.0	0	0.8333333333333334	5.0	1	True
	648	1.0	295.0	0		0.592288021483725	GEM_RT.TTGGATGGTAGCGCTC	3.3119469409781797	1.0	0	0.8333333333333334	5.0	1	True
	649	1.0	294.0	0		0.592288021483725	GEM_RT.TGGAACTCAACCAACT	3.3119469409781797	1.0	0	0.8333333333333334	5.0	1	True
	650	1.0	287.0	0		0.592288021483725	GEM_RT.TCTTAGTCACTGTTCC	3.3119469409781797	1.0	0	0.8333333333333334	5.0	1	True
	651	1.0	171.0	0		0.592288021483725	GEM_RT.GTGCAGCCAATAGGAT	3.3119469409781797	1.0	0	0.8333333333333334	5.0	1	True
	652	1.0	168.0	0		0.592288021483725	GEM_RT.TAACGACTCTGTCGTC	3.3119469409781797	1.0	0	0.8333333333333334	5.0	1	True
	653	1.0	255.0	0		0.592288021483725	GEM_RT.TTAGGGTAGAGGGTCT	3.3119469409781797	1.0	0	0.8333333333333334	5.0	1	True
	654	1.0	249.0	0		0.592288021483725	GEM_RT.GGTAACTAGATGCTGG	3.3119469409781797	1.0	0	0.8333333333333334	5.0	1	True
	655	1.0	222.0	0		0.592288021483725	GEM_RT.GTTGCTCTCAAGCCAT	3.3119469409781797	1.0	0	0.8333333333333334	5.0	1	True
	656	1.0	302.0	0		0.592288021483725	GEM_RT.TGCATCCAGCTCGCAC	3.3119469409781797	1.0	0	0.8333333333333334	5.0	1	True
	657	1.0	300.0	0		0.592288021483725	GEM_RT.TATCAGGAGTCATCCA	3.3119469409781797	1.0	0	0.8333333333333334	5.0	1	True
	658	1.0	297.0	0		0.592288021483725	GEM_RT.ATTCCTACAGCGCGTT	3.3119469409781797	1.0	0	0.8333333333333334	5.0	1	True
	659	1.0	173.0	0		0.592288021483725	GEM_RT.TGAGCGCCAGGACTAG	3.3119469409781797	1.0	0	0.8333333333333334	5.0	1	True
	660	1.0	242.0	0		0.592288021483725	GEM_RT.TCTCACGGTGTACGCC	3.3119469409781797	1.0	0	0.8333333333333334	5.0	1	True
	661	1.0	314.0	0		0.592288021483725	GEM_RT.TCGCACTAGAGGTCGT	3.3119469409781797	1.0	0	0.8333333333333334	5.0	1	True
	662	1.0	313.0	0		0.592288021483725	GEM_RT.TGCTCGTGTCTTACAG	3.3119469409781797	1.0	0	0.8333333333333334	5.0	1	True
	663	1.0	658.0	0		0.7891860377106483	GEM_RT.CTCACTGTCGAGATGG	1.9074733734180724	1.0	0	0.8333333333333334	5.0	1	True
	664	1.0	656.0	0		0.7891860377106483	GEM_RT.TCAGCCTGTGGAAGTC	1.9074733734180724	1.0	0	0.8333333333333334	5.0	1	True
	665	1.0	657.0	0		0.7891860377106483	GEM_RT.GAAGCGAAGAGCAAGA	1.9074733734180724	1.0	0	0.8333333333333334	5.0	1	True
	666	1.0	659.0	0		0.7891860377106483	GEM_RT.TTGCATTTCGTAGAGG	1.9074733734180724	1.0	0	0.8333333333333334	5.0	1	True
	667	1.0	420.0	0		0.5999698709997556	GEM_RT.AAGCGAGGTACAATAG	3.2045900787221013	1.0	0	0.8333333333333334	5.0	1	True
	668	1.0	435.0	0		0.5999698709997556	GEM_RT.AGACCCGCAAAGTGTA	3.2045900787221013	1.0	0	0.8333333333333334	5.0	1	True
	669	1.0	421.0	0		0.5999698709997556	GEM_RT.TGGAGGACAAAGCTAA	3.2045900787221013	1.0	0	0.8333333333333334	5.0	1	True
	670	1.0	436.0	0		0.5999698709997556	GEM_RT.GGGTTTATCAGCTGAT	3.2045900787221013	1.0	0	0.8333333333333334	5.0	1	True
	671	1.0	433.0	0		0.5999698709997556	GEM_RT.AGCCAGCTCATTCGTT	3.2045900787221013	1.0	0	0.8333333333333334	5.0	1	True
	672	1.0	427.0	0		0.5999698709997556	GEM_RT.ACACTGATCGGAGTAG	3.2045900787221013	1.0	0	0.8333333333333334	5.0	1	True
	673	1.0	409.0	0		0.5999698709997556	GEM_RT.GGCTTTCGTCAAGGCA	3.2045900787221013	1.0	0	0.8333333333333334	5.0	1	True
	674	1.0	437.0	0		0.5999698709997556	GEM_RT.GCTCAAAAGTACAGAT	3.2045900787221013	1.0	0	0.8333333333333334	5.0	1	True
	675	1.0	404.0	0		0.5999698709997556	GEM_RT.AGTAGTCAGTTAACAG	3.2045900787221013	1.0	0	0.8333333333333334	5.0	1	True
	676	1.0	440.0	0		0.5999698709997556	GEM_RT.TTACCGCTCCGCTGTT	3.2045900787221013	1.0	0	0.8333333333333334	5.0	1	True
	677	1.0	426.0	0		0.5999698709997556	GEM_RT.CATGCCTGTAGATTAG	3.2045900787221013	1.0	0	0.8333333333333334	5.0	1	True
	678	1.0	406.0	0		0.5999698709997556	GEM_RT.ACCACAAAGACGGTTG	3.2045900787221013	1.0	0	0.8333333333333334	5.0	1	True
	679	1.0	412.0	0		0.5999698709997556	GEM_RT.TTCTAACGTCCTTGTC	3.2045900787221013	1.0	0	0.8333333333333334	5.0	1	True
	680	1.0	417.0	0		0.5999698709997556	GEM_RT.CAGTTAGTCCATGAGT	3.2045900787221013	1.0	0	0.8333333333333334	5.0	1	True
	681	1.0	446.0	0		0.5999698709997556	GEM_RT.CATTCCGGTTGTATGC	3.2045900787221013	1.0	0	0.8333333333333334	5.0	1	True
	682	1.0	418.0	0		0.5999698709997556	GEM_RT.AGTTCCCAGATGACAT	3.2045900787221013	1.0	0	0.8333333333333334	5.0	1	True
	683	1.0	432.0	0		0.5999698709997556	GEM_RT.CATAGACTCCTCTTTC	3.2045900787221013	1.0	0	0.8333333333333334	5.0	1	True
	684	1.0	428.0	0		0.5999698709997556	GEM_RT.AAGTCGTGTTGATGTC	3.2045900787221013	1.0	0	0.8333333333333334	5.0	1	True
	685	1.0	439.0	0		0.5999698709997556	GEM_RT.TAACGACCATAATGAG	3.2045900787221013	1.0	0	0.8333333333333334	5.0	1	True
	686	1.0	442.0	0		0.5999698709997556	GEM_RT.CCTAAGATCTCATGCC	3.2045900787221013	1.0	0	0.8333333333333334	5.0	1	True
	687	1.0	438.0	0		0.5999698709997556	GEM_RT.CCTATCGTCGGCCTTT	3.2045900787221013	1.0	0	0.8333333333333334	5.0	1	True
	688	1.0	424.0	0		0.5999698709997556	GEM_RT.GATCCCTGTGGGTCAA	3.2045900787221013	1.0	0	0.8333333333333334	5.0	1	True
	689	1.0	413.0	0		0.5999698709997556	GEM_RT.CCGGTAGCAGATTAAG	3.2045900787221013	1.0	0	0.8333333333333334	5.0	1	True
	690	1.0	445.0	0		0.5999698709997556	GEM_RT.CGTGAATAGGAAGTAG	3.2045900787221013	1.0	0	0.8333333333333334	5.0	1	True
	691	1.0	414.0	0		0.5999698709997556	GEM_RT.CACTAAGGTCACTCAA	3.2045900787221013	1.0	0	0.8333333333333334	5.0	1	True
	692	1.0	407.0	0		0.5999698709997556	GEM_RT.GCCGATGTCACCGGGT	3.2045900787221013	1.0	0	0.8333333333333334	5.0	1	True
	693	1.0	405.0	0		0.5999698709997556	GEM_RT.TTCAATCTCGGCTTGG	3.2045900787221013	1.0	0	0.8333333333333334	5.0	1	True
	694	1.0	434.0	0		0.5999698709997556	GEM_RT.TCTGTCGTCTAGCCAA	3.2045900787221013	1.0	0	0.8333333333333334	5.0	1	True
	695	1.0	415.0	0		0.5999698709997556	GEM_RT.TAAGCACAGATTAGAC	3.2045900787221013	1.0	0	0.8333333333333334	5.0	1	True
	696	1.0	429.0	0		0.5999698709997556	GEM_RT.ATACCGAGTTTACTGG	3.2045900787221013	1.0	0	0.8333333333333334	5.0	1	True
	697	1.0	408.0	0		0.5999698709997556	GEM_RT.TGCTCCAAGAGTCCGA	3.2045900787221013	1.0	0	0.8333333333333334	5.0	1	True
	698	1.0	444.0	0		0.5999698709997556	GEM_RT.TTCATGTGTATCCTCC	3.2045900787221013	1.0	0	0.8333333333333334	5.0	1	True
	699	1.0	410.0	0		0.5999698709997556	GEM_RT.TGGGAAGCACACACGC	3.2045900787221013	1.0	0	0.8333333333333334	5.0	1	True
	700	1.0	423.0	0		0.5999698709997556	GEM_RT.GTGAGCCGTTGTGCAT	3.2045900787221013	1.0	0	0.8333333333333334	5.0	1	True
	701	1.0	425.0	0		0.5999698709997556	GEM_RT.GTGGTTATCTAAACGC	3.2045900787221013	1.0	0	0.8333333333333334	5.0	1	True
	702	1.0	419.0	0		0.5999698709997556	GEM_RT.TACCTGCTCTCGCGTT	3.2045900787221013	1.0	0	0.8333333333333334	5.0	1	True
	703	1.0	430.0	0		0.5999698709997556	GEM_RT.CAGGGCTAGAAACTCA	3.2045900787221013	1.0	0	0.8333333333333334	5.0	1	True
	704	1.0	441.0	0		0.5999698709997556	GEM_RT.TTGGGTACACTGGCGT	3.2045900787221013	1.0	0	0.8333333333333334	5.0	1	True
	705	1.0	431.0	0		0.5999698709997556	GEM_RT.TTTACTGGTACGTGTT	3.2045900787221013	1.0	0	0.8333333333333334	5.0	1	True
	706	1.0	422.0	0		0.5999698709997556	GEM_RT.GGTAATCCACTCAAGT	3.2045900787221013	1.0	0	0.8333333333333334	5.0	1	True
	707	1.0	416.0	0		0.5999698709997556	GEM_RT.TCAAGACAGTCTTCCC	3.2045900787221013	1.0	0	0.8333333333333334	5.0	1	True
	708	1.0	443.0	0		0.5999698709997556	GEM_RT.TTGCATTCAAGATCCT	3.2045900787221013	1.0	0	0.8333333333333334	5.0	1	True
	709	1.0	411.0	0		0.5999698709997556	GEM_RT.TTGGGATTCCGTGCGA	3.2045900787221013	1.0	0	0.8333333333333334	5.0	1	True
	710	1.0	611.0	0		0.7167171394772085	GEM_RT.GAAGTAAAGCGGGTTA	2.418654300320918	1.0	0	0.8333333333333334	5.0	1	True
	711	1.0	610.0	0		0.7167171394772085	GEM_RT.GAGAAATCACCCTGTT	2.418654300320918	1.0	0	0.8333333333333334	5.0	1	True
	712	1.0	608.0	0		0.7167171394772085	GEM_RT.ACAACCAGTGAGACCA	2.418654300320918	1.0	0	0.8333333333333334	5.0	1	True
	713	1.0	612.0	0		0.7167171394772085	GEM_RT.CAATACGGTGGGTATG	2.418654300320918	1.0	0	0.8333333333333334	5.0	1	True
	714	1.0	607.0	0		0.7167171394772085	GEM_RT.ATGTCTTGTTTGTGGT	2.418654300320918	1.0	0	0.8333333333333334	5.0	1	True
	715	1.0	609.0	0		0.7167171394772085	GEM_RT.AGGATAATCACCGACG	2.418654300320918	1.0	0	0.8333333333333334	5.0	1	True
	716	1.0	536.0	0		0.6325302156018147	GEM_RT.GACCCTTAGCATCAAA	2.981167595616843	1.0	0	0.8333333333333334	5.0	1	True
	717	1.0	528.0	0		0.6325302156018147	GEM_RT.AGGGTCCCATTCGATG	2.981167595616843	1.0	0	0.8333333333333334	5.0	1	True
	718	1.0	526.0	0		0.6325302156018147	GEM_RT.CAGATCACAGACCAGA	2.981167595616843	1.0	0	0.8333333333333334	5.0	1	True
	719	1.0	527.0	0		0.6325302156018147	GEM_RT.ATGATCGGTCCGGATC	2.981167595616843	1.0	0	0.8333333333333334	5.0	1	True
	720	1.0	537.0	0		0.6325302156018147	GEM_RT.ACAGGGATCCTACAAG	2.981167595616843	1.0	0	0.8333333333333334	5.0	1	True
	721	1.0	534.0	0		0.6325302156018147	GEM_RT.ATCCATTCAAGAGTAT	2.981167595616843	1.0	0	0.8333333333333334	5.0	1	True
	722	1.0	529.0	0		0.6325302156018147	GEM_RT.GTAACCAGTAGTATAG	2.981167595616843	1.0	0	0.8333333333333334	5.0	1	True
	723	1.0	533.0	0		0.6325302156018147	GEM_RT.GTAGGAGGTACTCGAT	2.981167595616843	1.0	0	0.8333333333333334	5.0	1	True
	724	1.0	525.0	0		0.6325302156018147	GEM_RT.TACCTCGAGTGGATAT	2.981167595616843	1.0	0	0.8333333333333334	5.0	1	True
	725	1.0	531.0	0		0.6325302156018147	GEM_RT.GATAGCTCACCAGTAT	2.981167595616843	1.0	0	0.8333333333333334	5.0	1	True
	726	1.0	532.0	0		0.6325302156018147	GEM_RT.GACCAATCACTTGGCG	2.981167595616843	1.0	0	0.8333333333333334	5.0	1	True
	727	1.0	538.0	0		0.6325302156018147	GEM_RT.TCCAGAAAGAGTGTTA	2.981167595616843	1.0	0	0.8333333333333334	5.0	1	True
	728	1.0	530.0	0		0.6325302156018147	GEM_RT.TTGAGTGGTCAACCTA	2.981167595616843	1.0	0	0.8333333333333334	5.0	1	True
	729	1.0	539.0	0		0.6325302156018147	GEM_RT.TTGCTGCGTACTTGTG	2.981167595616843	1.0	0	0.8333333333333334	5.0	1	True
	730	1.0	535.0	0		0.6325302156018147	GEM_RT.TCCTAATCAGACCTAT	2.981167595616843	1.0	0	0.8333333333333334	5.0	1	True
	731	1.0	524.0	0		0.6325302156018147	GEM_RT.TCACGCTGTACTGACT	2.981167595616843	1.0	0	0.8333333333333334	5.0	1	True
	732	1.0	708.0	0		0.8726813096710471	GEM_RT.AGGTAGGTCTGCTCTG	1.5329671820844917	1.0	0	1.0	6.0	1	True
	733	1.0	705.0	0		0.8726813096710471	GEM_RT.CTTCGGTGTGAATTGA	1.5329671820844917	1.0	0	1.0	6.0	1	True
	734	1.0	706.0	0		0.8726813096710471	GEM_RT.CCAATTTAGCCTGCCA	1.5329671820844917	1.0	0	1.0	6.0	1	True
	735	1.0	707.0	0		0.8726813096710471	GEM_RT.TTCTAGTAGCTTTGTG	1.5329671820844917	1.0	0	1.0	6.0	1	True
	736	1.0	517.0	0		0.6237327959089001	GEM_RT.GGAACCCTCTTGGGCG	2.9980092061207664	1.0	0	1.0	6.0	1	True
	737	1.0	506.0	0		0.6237327959089001	GEM_RT.CAGTTAGGTGTATTGC	2.9980092061207664	1.0	0	1.0	6.0	1	True
	738	1.0	509.0	0		0.6237327959089001	GEM_RT.TAAGCCAAGGGAACAA	2.9980092061207664	1.0	0	1.0	6.0	1	True
	739	1.0	515.0	0		0.6237327959089001	GEM_RT.GCACGTGAGCTGTACT	2.9980092061207664	1.0	0	1.0	6.0	1	True
	740	1.0	513.0	0		0.6237327959089001	GEM_RT.GTCTTTATCCACTAGA	2.9980092061207664	1.0	0	1.0	6.0	1	True
	741	1.0	510.0	0		0.6237327959089001	GEM_RT.TCCTTCTTCACCTGTC	2.9980092061207664	1.0	0	1.0	6.0	1	True
	742	1.0	523.0	0		0.6237327959089001	GEM_RT.GCTGCAGGTTGTTGCA	2.9980092061207664	1.0	0	1.0	6.0	1	True
	743	1.0	516.0	0		0.6237327959089001	GEM_RT.AGGGTTTGTCCAGGTC	2.9980092061207664	1.0	0	1.0	6.0	1	True
	744	1.0	514.0	0		0.6237327959089001	GEM_RT.CTGATCCTCCTCGCAT	2.9980092061207664	1.0	0	1.0	6.0	1	True
	745	1.0	508.0	0		0.6237327959089001	GEM_RT.CTGGCAGTCTCCAAGA	2.9980092061207664	1.0	0	1.0	6.0	1	True
	746	1.0	518.0	0		0.6237327959089001	GEM_RT.GCTACAACAGGAGGAG	2.9980092061207664	1.0	0	1.0	6.0	1	True
	747	1.0	522.0	0		0.6237327959089001	GEM_RT.TGCCGAGAGTGAATAC	2.9980092061207664	1.0	0	1.0	6.0	1	True
	748	1.0	505.0	0		0.6237327959089001	GEM_RT.TGTCAGAGTGGCACTC	2.9980092061207664	1.0	0	1.0	6.0	1	True
	749	1.0	519.0	0		0.6237327959089001	GEM_RT.GTCACTCAGTGATAGT	2.9980092061207664	1.0	0	1.0	6.0	1	True
	750	1.0	512.0	0		0.6237327959089001	GEM_RT.GTGTGGCGTAGAATAC	2.9980092061207664	1.0	0	1.0	6.0	1	True
	751	1.0	507.0	0		0.6237327959089001	GEM_RT.TGCTTCGTCCCATTCG	2.9980092061207664	1.0	0	1.0	6.0	1	True
	752	1.0	520.0	0		0.6237327959089001	GEM_RT.TGAATCGCAACTGATC	2.9980092061207664	1.0	0	1.0	6.0	1	True
	753	1.0	511.0	0		0.6237327959089001	GEM_RT.TATCTGTCAAGCACCC	2.9980092061207664	1.0	0	1.0	6.0	1	True
	754	1.0	521.0	0		0.6237327959089001	GEM_RT.GTTGAACTCAAAGGAT	2.9980092061207664	1.0	0	1.0	6.0	1	True
	755	1.0	731.0	0		0.9192692342021789	GEM_RT.GACCAATGTATGGGAC	1.2703495371792841	1.0	0	1.0	6.0	1	True
	756	1.0	730.0	0		0.9192692342021789	GEM_RT.AGTAGTCAGAGAGGGC	1.2703495371792841	1.0	0	1.0	6.0	1	True
	757	1.0	694.0	0		0.839220252268762	GEM_RT.AGATGCTTCTCCCTAG	1.6709163406233594	1.0	0	1.0	6.0	1	True
	758	1.0	692.0	0		0.839220252268762	GEM_RT.ACGGTCGAGGTAGCCA	1.6709163406233594	1.0	0	1.0	6.0	1	True
	759	1.0	693.0	0		0.839220252268762	GEM_RT.TGATGCAAGTATGCAA	1.6709163406233594	1.0	0	1.0	6.0	1	True
	760	1.0	690.0	0		0.8281769141550952	GEM_RT.TGTCCTGAGCTAGTTC	1.7549465506809514	1.0	0	1.0	6.0	1	True
	761	1.0	688.0	0		0.8281769141550952	GEM_RT.TTCTAGTGTGATGGCA	1.7549465506809514	1.0	0	1.0	6.0	1	True
	762	1.0	689.0	0		0.8281769141550952	GEM_RT.GTCGCGAAGAACGCGT	1.7549465506809514	1.0	0	1.0	6.0	1	True
	763	1.0	714.0	0		0.8864101289096213	GEM_RT.ACGGGTCCAGGTTCCG	1.4298315065658174	1.0	0	1.0	6.0	1	True
	764	1.0	713.0	0		0.8864101289096213	GEM_RT.AGAAGCGAGCTTTCCC	1.4298315065658174	1.0	0	1.0	6.0	1	True
	765	1.0	715.0	0		0.8864101289096213	GEM_RT.TGTAACGCACATACTG	1.4298315065658174	1.0	0	1.0	6.0	1	True
	766	1.0	716.0	0		0.8864101289096213	GEM_RT.TAAGCCATCTATACGG	1.4298315065658174	1.0	0	1.0	6.0	1	True
	767	1.0	728.0	0		0.9151206878899787	GEM_RT.GTGGGAACAGAGAATT	1.313003755406501	1.0	0	1.0	6.0	1	True
	768	1.0	729.0	0		0.9151206878899787	GEM_RT.TAAGCACAGGACTGGT	1.313003755406501	1.0	0	1.0	6.0	1	True
	769	1.0	670.0	0		0.8524416965992865	GEM_RT.TAGGGTTGTAACGCGA	1.8740429842011868	1.0	0	1.0	6.0	1	True
	770	1.0	671.0	0		0.8524416965992865	GEM_RT.TACGGTAGTTAGAAAC	1.8740429842011868	1.0	0	1.0	6.0	1	True
	771	1.0	490.0	0		0.6077537523782937	GEM_RT.AAGCGAGCATTCGGGC	3.1452209249372483	1.0	0	1.0	6.0	1	True
	772	1.0	481.0	0		0.6077537523782937	GEM_RT.AGATGAAGTATCAGGG	3.1452209249372483	1.0	0	1.0	6.0	1	True
	773	1.0	497.0	0		0.6077537523782937	GEM_RT.CTGCATCAGCAGCACA	3.1452209249372483	1.0	0	1.0	6.0	1	True
	774	1.0	494.0	0		0.6077537523782937	GEM_RT.ATGACCATCGTAGCTA	3.1452209249372483	1.0	0	1.0	6.0	1	True
	775	1.0	486.0	0		0.6077537523782937	GEM_RT.CAATCGAGTGTCTTAG	3.1452209249372483	1.0	0	1.0	6.0	1	True
	776	1.0	499.0	0		0.6077537523782937	GEM_RT.CACATGATCTTTCAGT	3.1452209249372483	1.0	0	1.0	6.0	1	True
	777	1.0	484.0	0		0.6077537523782937	GEM_RT.GTGTGATGTCTGTCCT	3.1452209249372483	1.0	0	1.0	6.0	1	True
	778	1.0	496.0	0		0.6077537523782937	GEM_RT.TGCATGATCGACCACG	3.1452209249372483	1.0	0	1.0	6.0	1	True
	779	1.0	483.0	0		0.6077537523782937	GEM_RT.GAAGGACAGTAATCCC	3.1452209249372483	1.0	0	1.0	6.0	1	True
	780	1.0	495.0	0		0.6077537523782937	GEM_RT.TCAGGTAGTGGGCTTC	3.1452209249372483	1.0	0	1.0	6.0	1	True
	781	1.0	498.0	0		0.6077537523782937	GEM_RT.CATCGCTGTGCGGTAA	3.1452209249372483	1.0	0	1.0	6.0	1	True
	782	1.0	500.0	0		0.6077537523782937	GEM_RT.GCATCTCCAATCGCAT	3.1452209249372483	1.0	0	1.0	6.0	1	True
	783	1.0	475.0	0		0.6077537523782937	GEM_RT.CTCAATTCAGATCCAT	3.1452209249372483	1.0	0	1.0	6.0	1	True
	784	1.0	474.0	0		0.6077537523782937	GEM_RT.GTTGTCCCAGGTCTCG	3.1452209249372483	1.0	0	1.0	6.0	1	True
	785	1.0	502.0	0		0.6077537523782937	GEM_RT.TTTACTGCAACAAGAT	3.1452209249372483	1.0	0	1.0	6.0	1	True
	786	1.0	493.0	0		0.6077537523782937	GEM_RT.TCTTGCGCAGAATCGG	3.1452209249372483	1.0	0	1.0	6.0	1	True
	787	1.0	487.0	0		0.6077537523782937	GEM_RT.TACGGGCCAGACCTGC	3.1452209249372483	1.0	0	1.0	6.0	1	True
	788	1.0	504.0	0		0.6077537523782937	GEM_RT.CTCCCAAGTAGAGACC	3.1452209249372483	1.0	0	1.0	6.0	1	True
	789	1.0	489.0	0		0.6077537523782937	GEM_RT.GAACACTAGCTCTTCC	3.1452209249372483	1.0	0	1.0	6.0	1	True
	790	1.0	479.0	0		0.6077537523782937	GEM_RT.TGGAGGAGTCCGGTGT	3.1452209249372483	1.0	0	1.0	6.0	1	True
	791	1.0	488.0	0		0.6077537523782937	GEM_RT.TTCTGTACATAGAATG	3.1452209249372483	1.0	0	1.0	6.0	1	True
	792	1.0	501.0	0		0.6077537523782937	GEM_RT.TCAAGCATCTGTCCCA	3.1452209249372483	1.0	0	1.0	6.0	1	True
	793	1.0	480.0	0		0.6077537523782937	GEM_RT.TTACGTTAGAACTCCT	3.1452209249372483	1.0	0	1.0	6.0	1	True
	794	1.0	492.0	0		0.6077537523782937	GEM_RT.GTGCTGGGTAACAGGC	3.1452209249372483	1.0	0	1.0	6.0	1	True
	795	1.0	482.0	0		0.6077537523782937	GEM_RT.TATCCTATCATCACCC	3.1452209249372483	1.0	0	1.0	6.0	1	True
	796	1.0	477.0	0		0.6077537523782937	GEM_RT.TTGAGTGTCCCGGTAG	3.1452209249372483	1.0	0	1.0	6.0	1	True
	797	1.0	491.0	0		0.6077537523782937	GEM_RT.TTCTAGTGTACCGGAA	3.1452209249372483	1.0	0	1.0	6.0	1	True
	798	1.0	476.0	0		0.6077537523782937	GEM_RT.ATTCCCGAGGTAGACC	3.1452209249372483	1.0	0	1.0	6.0	1	True
	799	1.0	485.0	0		0.6077537523782937	GEM_RT.GTGCACGTCATTGCGA	3.1452209249372483	1.0	0	1.0	6.0	1	True
	800	1.0	503.0	0		0.6077537523782937	GEM_RT.TCACATTTCTGGGTCG	3.1452209249372483	1.0	0	1.0	6.0	1	True
	801	1.0	478.0	0		0.6077537523782937	GEM_RT.TAGACCAGTATAATGG	3.1452209249372483	1.0	0	1.0	6.0	1	True
