name_tree	id_node	dist	rank	num_descendants	expansion_score	var_fitness	name	mean_fitness	support	num_children	depth_normalized	depth	num_leaf_descendants	is_leaf
	0	0.0		73					1.0	7	0.0	0.0	68	False
	1	1.0	57.0	0		0.9971865612863963	GEM_RT.ACATTTCAGAACCCGA	0.7216477513356592	1.0	0	0.5	1.0	1	True
	2	1.0	56.0	0		0.9971865612863963	GEM_RT.CCGATGGCAACGTAAA	0.7216477513356592	1.0	0	0.5	1.0	1	True
	3	1.0	6.0	2	-0.0002529866440761001	0.1493974394621178	_2	2.129973189420042	1.0	2	0.5	1.0	2	False
	4	1.0	5.0	3	-0.0002529866440761001	0.10413129358007378	_3	2.3392540077662045	1.0	3	0.5	1.0	3	False
	5	1.0	4.0	6	-0.0002529866440761001	0.05748263430136191	_4	2.5981646174271282	1.0	6	0.5	1.0	6	False
	6	1.0	2.0	21	-0.0002529866440761001	0.019542646217525217	_5	2.832668326037042	1.0	21	0.5	1.0	21	False
	7	1.0	1.0	34	-0.0002529866440761001	0.016424847993469882	_6	2.877010904421726	1.0	34	0.5	1.0	34	False
	8	1.0	68.0	0		1.0729609048575985	GEM_RT.AACTTCTCAATTTCGG	0.40626602102773	1.0	0	1.0	2.0	1	True
	9	1.0	67.0	0		1.0729609048575985	GEM_RT.TCCGGGATCGTCTACC	0.40626602102773	1.0	0	1.0	2.0	1	True
	10	1.0	64.0	0		1.0369677877597663	GEM_RT.TGCTCGTAGCTGAGTG	0.53739597437853	1.0	0	1.0	2.0	1	True
	11	1.0	65.0	0		1.0369677877597663	GEM_RT.GTTCGCTGTTACGATC	0.53739597437853	1.0	0	1.0	2.0	1	True
	12	1.0	66.0	0		1.0369677877597663	GEM_RT.TTCGGTCTCTGAGAAA	0.53739597437853	1.0	0	1.0	2.0	1	True
	13	1.0	63.0	0		1.0032543868215353	GEM_RT.AGATCCAGTGGGAGAG	0.6851779597487555	1.0	0	1.0	2.0	1	True
	14	1.0	60.0	0		1.0032543868215353	GEM_RT.GTAACCACATATGCGT	0.6851779597487555	1.0	0	1.0	2.0	1	True
	15	1.0	61.0	0		1.0032543868215353	GEM_RT.TCAGTGAGTGTCTTCC	0.6851779597487555	1.0	0	1.0	2.0	1	True
	16	1.0	58.0	0		1.0032543868215353	GEM_RT.TCGGATACAATTGCGT	0.6851779597487555	1.0	0	1.0	2.0	1	True
	17	1.0	62.0	0		1.0032543868215353	GEM_RT.GTCTGTCCATGACTGT	0.6851779597487555	1.0	0	1.0	2.0	1	True
	18	1.0	59.0	0		1.0032543868215353	GEM_RT.TACAACGAGATTCGCT	0.6851779597487555	1.0	0	1.0	2.0	1	True
	19	1.0	54.0	0		0.980369249332174	GEM_RT.TGGGAAGTCAAACGTC	0.8066520284447589	1.0	0	1.0	2.0	1	True
	20	1.0	40.0	0		0.980369249332174	GEM_RT.GTAGGTTGTTGCCTAA	0.8066520284447589	1.0	0	1.0	2.0	1	True
	21	1.0	44.0	0		0.980369249332174	GEM_RT.TTCTCTCGTACCAGAG	0.8066520284447589	1.0	0	1.0	2.0	1	True
	22	1.0	43.0	0		0.980369249332174	GEM_RT.TGGTTAGGTGCTCTCT	0.8066520284447589	1.0	0	1.0	2.0	1	True
	23	1.0	47.0	0		0.980369249332174	GEM_RT.GCCCGAAGTTCTATCT	0.8066520284447589	1.0	0	1.0	2.0	1	True
	24	1.0	35.0	0		0.980369249332174	GEM_RT.GGTAATCCAATCGTCA	0.8066520284447589	1.0	0	1.0	2.0	1	True
	25	1.0	46.0	0		0.980369249332174	GEM_RT.ATTTCACCAATCGCCG	0.8066520284447589	1.0	0	1.0	2.0	1	True
	26	1.0	39.0	0		0.980369249332174	GEM_RT.AAGTCGTCAAGTCATC	0.8066520284447589	1.0	0	1.0	2.0	1	True
	27	1.0	37.0	0		0.980369249332174	GEM_RT.TCCCACAAGATGGGCT	0.8066520284447589	1.0	0	1.0	2.0	1	True
	28	1.0	51.0	0		0.980369249332174	GEM_RT.GTGTAACTCGACGCGT	0.8066520284447589	1.0	0	1.0	2.0	1	True
	29	1.0	38.0	0		0.980369249332174	GEM_RT.CAACAGTTCCGAAATC	0.8066520284447589	1.0	0	1.0	2.0	1	True
	30	1.0	42.0	0		0.980369249332174	GEM_RT.GTTGCTCAGGCGAAGG	0.8066520284447589	1.0	0	1.0	2.0	1	True
	31	1.0	53.0	0		0.980369249332174	GEM_RT.TTGCTGCGTAAGATCA	0.8066520284447589	1.0	0	1.0	2.0	1	True
	32	1.0	55.0	0		0.980369249332174	GEM_RT.CATCGCTCAATTCTCT	0.8066520284447589	1.0	0	1.0	2.0	1	True
	33	1.0	49.0	0		0.980369249332174	GEM_RT.TGAGCATGTACCCACG	0.8066520284447589	1.0	0	1.0	2.0	1	True
	34	1.0	41.0	0		0.980369249332174	GEM_RT.GATTCGATCTTTGCAT	0.8066520284447589	1.0	0	1.0	2.0	1	True
	35	1.0	52.0	0		0.980369249332174	GEM_RT.GTTGTCCCATTCAGGT	0.8066520284447589	1.0	0	1.0	2.0	1	True
	36	1.0	50.0	0		0.980369249332174	GEM_RT.AAAGTCCGTAATTAGG	0.8066520284447589	1.0	0	1.0	2.0	1	True
	37	1.0	45.0	0		0.980369249332174	GEM_RT.CGTCCATAGGGAGAAT	0.8066520284447589	1.0	0	1.0	2.0	1	True
	38	1.0	48.0	0		0.980369249332174	GEM_RT.TGTTACTGTTCGCGTG	0.8066520284447589	1.0	0	1.0	2.0	1	True
	39	1.0	36.0	0		0.980369249332174	GEM_RT.CTCGAGGTCACATCAG	0.8066520284447589	1.0	0	1.0	2.0	1	True
	40	1.0	3.0	0		0.9776440854431938	GEM_RT.TTGAGTGCAGCGTAGA	0.8281831029363256	1.0	0	1.0	2.0	1	True
	41	1.0	7.0	0		0.9776440854431938	GEM_RT.CCTTGTGCAAGTTCGT	0.8281831029363256	1.0	0	1.0	2.0	1	True
	42	1.0	9.0	0		0.9776440854431938	GEM_RT.AGGTAGGCAGTCGCAC	0.8281831029363256	1.0	0	1.0	2.0	1	True
	43	1.0	8.0	0		0.9776440854431938	GEM_RT.GGGCGTTGTTTGGAAA	0.8281831029363256	1.0	0	1.0	2.0	1	True
	44	1.0	12.0	0		0.9776440854431938	GEM_RT.TTATTGCTCCTTCACG	0.8281831029363256	1.0	0	1.0	2.0	1	True
	45	1.0	14.0	0		0.9776440854431938	GEM_RT.TCGTGCTAGGGTTGCA	0.8281831029363256	1.0	0	1.0	2.0	1	True
	46	1.0	20.0	0		0.9776440854431938	GEM_RT.CTAGGTATCGGTGCAC	0.8281831029363256	1.0	0	1.0	2.0	1	True
	47	1.0	23.0	0		0.9776440854431938	GEM_RT.TGGGCGTAGAGATCGC	0.8281831029363256	1.0	0	1.0	2.0	1	True
	48	1.0	13.0	0		0.9776440854431938	GEM_RT.CCTAACCTCTGATGGT	0.8281831029363256	1.0	0	1.0	2.0	1	True
	49	1.0	16.0	0		0.9776440854431938	GEM_RT.GTCACGGCAACGCCCA	0.8281831029363256	1.0	0	1.0	2.0	1	True
	50	1.0	5.0	0		0.9776440854431938	GEM_RT.GACGCTGGTGTAGGAC	0.8281831029363256	1.0	0	1.0	2.0	1	True
	51	1.0	10.0	0		0.9776440854431938	GEM_RT.GGACGTCAGTTAACAG	0.8281831029363256	1.0	0	1.0	2.0	1	True
	52	1.0	4.0	0		0.9776440854431938	GEM_RT.GCTGAATGTTTGCCGG	0.8281831029363256	1.0	0	1.0	2.0	1	True
	53	1.0	17.0	0		0.9776440854431938	GEM_RT.AGGTAGGTCTTGGATG	0.8281831029363256	1.0	0	1.0	2.0	1	True
	54	1.0	1.0	0		0.9776440854431938	GEM_RT.ACCCAAATCAGGACGA	0.8281831029363256	1.0	0	1.0	2.0	1	True
	55	1.0	18.0	0		0.9776440854431938	GEM_RT.ACGGGTCGTCCCGCAA	0.8281831029363256	1.0	0	1.0	2.0	1	True
	56	1.0	32.0	0		0.9776440854431938	GEM_RT.AAACCCACAAACCACT	0.8281831029363256	1.0	0	1.0	2.0	1	True
	57	1.0	2.0	0		0.9776440854431938	GEM_RT.AACACACAGCAAGGAA	0.8281831029363256	1.0	0	1.0	2.0	1	True
	58	1.0	29.0	0		0.9776440854431938	GEM_RT.CATCCCATCTCAAAGC	0.8281831029363256	1.0	0	1.0	2.0	1	True
	59	1.0	19.0	0		0.9776440854431938	GEM_RT.GGGAGATCACTACACA	0.8281831029363256	1.0	0	1.0	2.0	1	True
	60	1.0	25.0	0		0.9776440854431938	GEM_RT.AGGTAGGTCGAGAAGC	0.8281831029363256	1.0	0	1.0	2.0	1	True
	61	1.0	24.0	0		0.9776440854431938	GEM_RT.TCGCACTCAGTGCCTG	0.8281831029363256	1.0	0	1.0	2.0	1	True
	62	1.0	21.0	0		0.9776440854431938	GEM_RT.AACTTCTAGTCATACC	0.8281831029363256	1.0	0	1.0	2.0	1	True
	63	1.0	27.0	0		0.9776440854431938	GEM_RT.CTCAAGACACCAATTG	0.8281831029363256	1.0	0	1.0	2.0	1	True
	64	1.0	33.0	0		0.9776440854431938	GEM_RT.AGCGTATAGCGAGTCA	0.8281831029363256	1.0	0	1.0	2.0	1	True
	65	1.0	22.0	0		0.9776440854431938	GEM_RT.GGAGGTAGTTGCTCGG	0.8281831029363256	1.0	0	1.0	2.0	1	True
	66	1.0	15.0	0		0.9776440854431938	GEM_RT.CTTCTCTAGGACAACC	0.8281831029363256	1.0	0	1.0	2.0	1	True
	67	1.0	11.0	0		0.9776440854431938	GEM_RT.CCATAAGCATAGGTTC	0.8281831029363256	1.0	0	1.0	2.0	1	True
	68	1.0	6.0	0		0.9776440854431938	GEM_RT.GCCAGGTTCTCGACCT	0.8281831029363256	1.0	0	1.0	2.0	1	True
	69	1.0	31.0	0		0.9776440854431938	GEM_RT.AACGAAAGTCTGCCTT	0.8281831029363256	1.0	0	1.0	2.0	1	True
	70	1.0	28.0	0		0.9776440854431938	GEM_RT.TCCGTGTTCACTGGGC	0.8281831029363256	1.0	0	1.0	2.0	1	True
	71	1.0	30.0	0		0.9776440854431938	GEM_RT.TATTTCGAGTTTGCTG	0.8281831029363256	1.0	0	1.0	2.0	1	True
	72	1.0	26.0	0		0.9776440854431938	GEM_RT.GCTGCAGCACGCTATA	0.8281831029363256	1.0	0	1.0	2.0	1	True
	73	1.0	34.0	0		0.9776440854431938	GEM_RT.CAATCGAAGACCACGA	0.8281831029363256	1.0	0	1.0	2.0	1	True
