name_tree	id_node	dist	rank	num_descendants	var_fitness	name	mean_fitness	support	num_children	depth_normalized	depth	num_leaf_descendants	is_leaf
	0	0.0		144				1.0	144	0.0	0.0	144	False
	1	1.0	116.0	0	1.1134033122897629	GEM_RT.CAAGAGGTCACTTATC	0.3032838229853764	1.0	0	1.0	1.0	1	True
	2	1.0	114.0	0	1.1134033122897629	GEM_RT.CCTGCATAGCACTAAA	0.3032838229853764	1.0	0	1.0	1.0	1	True
	3	1.0	23.0	0	1.1134033122897629	GEM_RT.TACATTCCACCCGTAG	0.3032838229853764	1.0	0	1.0	1.0	1	True
	4	1.0	71.0	0	1.1134033122897629	GEM_RT.ACACTGAGTTATGTGC	0.3032838229853764	1.0	0	1.0	1.0	1	True
	5	1.0	119.0	0	1.1134033122897629	GEM_RT.GCTGGGTAGAGGGTCT	0.3032838229853764	1.0	0	1.0	1.0	1	True
	6	1.0	125.0	0	1.1134033122897629	GEM_RT.GAGAGGTCAATCAAGA	0.3032838229853764	1.0	0	1.0	1.0	1	True
	7	1.0	24.0	0	1.1134033122897629	GEM_RT.TAAGTCGCAAGCGAAC	0.3032838229853764	1.0	0	1.0	1.0	1	True
	8	1.0	8.0	0	1.1134033122897629	GEM_RT.GTGTAACGTGGAAGTC	0.3032838229853764	1.0	0	1.0	1.0	1	True
	9	1.0	111.0	0	1.1134033122897629	GEM_RT.AATGGCTCATCCCACT	0.3032838229853764	1.0	0	1.0	1.0	1	True
	10	1.0	134.0	0	1.1134033122897629	GEM_RT.TACGGTACAGAGAAAG	0.3032838229853764	1.0	0	1.0	1.0	1	True
	11	1.0	65.0	0	1.1134033122897629	GEM_RT.CCTGCATCATCCAATG	0.3032838229853764	1.0	0	1.0	1.0	1	True
	12	1.0	70.0	0	1.1134033122897629	GEM_RT.CTTGATTTCGCAATTG	0.3032838229853764	1.0	0	1.0	1.0	1	True
	13	1.0	57.0	0	1.1134033122897629	GEM_RT.TGACGCGTCCATATGG	0.3032838229853764	1.0	0	1.0	1.0	1	True
	14	1.0	144.0	0	1.1134033122897629	GEM_RT.GCAGTTAAGAAGCTCG	0.3032838229853764	1.0	0	1.0	1.0	1	True
	15	1.0	89.0	0	1.1134033122897629	GEM_RT.AGATGCTGTCTGATAC	0.3032838229853764	1.0	0	1.0	1.0	1	True
	16	1.0	87.0	0	1.1134033122897629	GEM_RT.GGGTTATTCCATCTCG	0.3032838229853764	1.0	0	1.0	1.0	1	True
	17	1.0	135.0	0	1.1134033122897629	GEM_RT.TCCTCTTCAATAAGGT	0.3032838229853764	1.0	0	1.0	1.0	1	True
	18	1.0	139.0	0	1.1134033122897629	GEM_RT.GATAGAACACCGGTCA	0.3032838229853764	1.0	0	1.0	1.0	1	True
	19	1.0	62.0	0	1.1134033122897629	GEM_RT.CTCAATTTCCGCTTAC	0.3032838229853764	1.0	0	1.0	1.0	1	True
	20	1.0	29.0	0	1.1134033122897629	GEM_RT.GATAGAAAGGTCATTC	0.3032838229853764	1.0	0	1.0	1.0	1	True
	21	1.0	46.0	0	1.1134033122897629	GEM_RT.ATTCTTGTCAGGGATG	0.3032838229853764	1.0	0	1.0	1.0	1	True
	22	1.0	16.0	0	1.1134033122897629	GEM_RT.CTTACCGAGTCATTGC	0.3032838229853764	1.0	0	1.0	1.0	1	True
	23	1.0	105.0	0	1.1134033122897629	GEM_RT.ATCCCTGAGAGGATCC	0.3032838229853764	1.0	0	1.0	1.0	1	True
	24	1.0	82.0	0	1.1134033122897629	GEM_RT.TTTGATCTCCTGTAAG	0.3032838229853764	1.0	0	1.0	1.0	1	True
	25	1.0	101.0	0	1.1134033122897629	GEM_RT.TCACGCTAGGCCTAAG	0.3032838229853764	1.0	0	1.0	1.0	1	True
	26	1.0	83.0	0	1.1134033122897629	GEM_RT.TCGGTCTCAGCTTCGG	0.3032838229853764	1.0	0	1.0	1.0	1	True
	27	1.0	86.0	0	1.1134033122897629	GEM_RT.ACATCCCCAAAGTATG	0.3032838229853764	1.0	0	1.0	1.0	1	True
	28	1.0	115.0	0	1.1134033122897629	GEM_RT.GTTATGGCAAGTAGTA	0.3032838229853764	1.0	0	1.0	1.0	1	True
	29	1.0	118.0	0	1.1134033122897629	GEM_RT.CACGTTCGTACTTGTG	0.3032838229853764	1.0	0	1.0	1.0	1	True
	30	1.0	17.0	0	1.1134033122897629	GEM_RT.ACGTACAAGTATTGCC	0.3032838229853764	1.0	0	1.0	1.0	1	True
	31	1.0	41.0	0	1.1134033122897629	GEM_RT.CCCTGATGTTGGTACT	0.3032838229853764	1.0	0	1.0	1.0	1	True
	32	1.0	69.0	0	1.1134033122897629	GEM_RT.GCTGCAGGTTAAGACA	0.3032838229853764	1.0	0	1.0	1.0	1	True
	33	1.0	112.0	0	1.1134033122897629	GEM_RT.CTCTGGTAGATGTTCC	0.3032838229853764	1.0	0	1.0	1.0	1	True
	34	1.0	143.0	0	1.1134033122897629	GEM_RT.GAGAAATGTGAGATAT	0.3032838229853764	1.0	0	1.0	1.0	1	True
	35	1.0	91.0	0	1.1134033122897629	GEM_RT.ACTCCCAAGCTGTACT	0.3032838229853764	1.0	0	1.0	1.0	1	True
	36	1.0	63.0	0	1.1134033122897629	GEM_RT.GCCCGAATCACAACCA	0.3032838229853764	1.0	0	1.0	1.0	1	True
	37	1.0	54.0	0	1.1134033122897629	GEM_RT.TTCCACGAGCACCGAA	0.3032838229853764	1.0	0	1.0	1.0	1	True
	38	1.0	64.0	0	1.1134033122897629	GEM_RT.AAATGGAGTGTCTTAG	0.3032838229853764	1.0	0	1.0	1.0	1	True
	39	1.0	131.0	0	1.1134033122897629	GEM_RT.ATCCTATAGTAGTGCG	0.3032838229853764	1.0	0	1.0	1.0	1	True
	40	1.0	5.0	0	1.1134033122897629	GEM_RT.CATTTCAGTCTCGCGA	0.3032838229853764	1.0	0	1.0	1.0	1	True
	41	1.0	55.0	0	1.1134033122897629	GEM_RT.TCTACATGTTGCATAC	0.3032838229853764	1.0	0	1.0	1.0	1	True
	42	1.0	80.0	0	1.1134033122897629	GEM_RT.CTCTCGATCAGCCTCT	0.3032838229853764	1.0	0	1.0	1.0	1	True
	43	1.0	31.0	0	1.1134033122897629	GEM_RT.AGTAGCTTCTCATTGT	0.3032838229853764	1.0	0	1.0	1.0	1	True
	44	1.0	75.0	0	1.1134033122897629	GEM_RT.CAGATTGAGGCTTCCG	0.3032838229853764	1.0	0	1.0	1.0	1	True
	45	1.0	19.0	0	1.1134033122897629	GEM_RT.GATGACTAGAACCCGA	0.3032838229853764	1.0	0	1.0	1.0	1	True
	46	1.0	67.0	0	1.1134033122897629	GEM_RT.TTCTCTCAGCCTGAAG	0.3032838229853764	1.0	0	1.0	1.0	1	True
	47	1.0	40.0	0	1.1134033122897629	GEM_RT.TCCCAGTGTGCGGTAA	0.3032838229853764	1.0	0	1.0	1.0	1	True
	48	1.0	77.0	0	1.1134033122897629	GEM_RT.CTACGGGCACTAACGT	0.3032838229853764	1.0	0	1.0	1.0	1	True
	49	1.0	129.0	0	1.1134033122897629	GEM_RT.TCCCATGTCGGCTGAC	0.3032838229853764	1.0	0	1.0	1.0	1	True
	50	1.0	56.0	0	1.1134033122897629	GEM_RT.AGGTTACAGTAGAATC	0.3032838229853764	1.0	0	1.0	1.0	1	True
	51	1.0	51.0	0	1.1134033122897629	GEM_RT.GTTAGACTCTTTCCAA	0.3032838229853764	1.0	0	1.0	1.0	1	True
	52	1.0	33.0	0	1.1134033122897629	GEM_RT.GTCAAGTCAGCACAGA	0.3032838229853764	1.0	0	1.0	1.0	1	True
	53	1.0	2.0	0	1.1134033122897629	GEM_RT.GGTAATCTCTGAACGT	0.3032838229853764	1.0	0	1.0	1.0	1	True
	54	1.0	117.0	0	1.1134033122897629	GEM_RT.TTGTTCAAGCAACCAG	0.3032838229853764	1.0	0	1.0	1.0	1	True
	55	1.0	58.0	0	1.1134033122897629	GEM_RT.GAACTGTTCGCATAGT	0.3032838229853764	1.0	0	1.0	1.0	1	True
	56	1.0	13.0	0	1.1134033122897629	GEM_RT.CCGGTGAAGGTAAACT	0.3032838229853764	1.0	0	1.0	1.0	1	True
	57	1.0	7.0	0	1.1134033122897629	GEM_RT.GCCATGGTCTCCCTAG	0.3032838229853764	1.0	0	1.0	1.0	1	True
	58	1.0	98.0	0	1.1134033122897629	GEM_RT.ATCACTTCAACTGAAA	0.3032838229853764	1.0	0	1.0	1.0	1	True
	59	1.0	128.0	0	1.1134033122897629	GEM_RT.CCCTCAATCCAGCTCT	0.3032838229853764	1.0	0	1.0	1.0	1	True
	60	1.0	73.0	0	1.1134033122897629	GEM_RT.TTTGTTGTCACGACTA	0.3032838229853764	1.0	0	1.0	1.0	1	True
	61	1.0	42.0	0	1.1134033122897629	GEM_RT.ATGGATCAGGGTAGCT	0.3032838229853764	1.0	0	1.0	1.0	1	True
	62	1.0	49.0	0	1.1134033122897629	GEM_RT.TGATCAGAGCTGGCCT	0.3032838229853764	1.0	0	1.0	1.0	1	True
	63	1.0	36.0	0	1.1134033122897629	GEM_RT.GGCTTGGTCGTCAAAC	0.3032838229853764	1.0	0	1.0	1.0	1	True
	64	1.0	30.0	0	1.1134033122897629	GEM_RT.TACATTCAGAATGTTG	0.3032838229853764	1.0	0	1.0	1.0	1	True
	65	1.0	140.0	0	1.1134033122897629	GEM_RT.ATCGCCTTCGTTAGTG	0.3032838229853764	1.0	0	1.0	1.0	1	True
	66	1.0	52.0	0	1.1134033122897629	GEM_RT.GGGTTTATCTACGGGC	0.3032838229853764	1.0	0	1.0	1.0	1	True
	67	1.0	44.0	0	1.1134033122897629	GEM_RT.GAGCTGCCACGGGTAA	0.3032838229853764	1.0	0	1.0	1.0	1	True
	68	1.0	48.0	0	1.1134033122897629	GEM_RT.CTCTCAGGTACTCCGG	0.3032838229853764	1.0	0	1.0	1.0	1	True
	69	1.0	43.0	0	1.1134033122897629	GEM_RT.TTTACCATCATACGAC	0.3032838229853764	1.0	0	1.0	1.0	1	True
	70	1.0	99.0	0	1.1134033122897629	GEM_RT.AGTGCCGGTTTGTTCT	0.3032838229853764	1.0	0	1.0	1.0	1	True
	71	1.0	14.0	0	1.1134033122897629	GEM_RT.AGCGCCAAGACGAGCT	0.3032838229853764	1.0	0	1.0	1.0	1	True
	72	1.0	123.0	0	1.1134033122897629	GEM_RT.TCAGGTACACGGCGTT	0.3032838229853764	1.0	0	1.0	1.0	1	True
	73	1.0	126.0	0	1.1134033122897629	GEM_RT.AAGACTCCATCTGGGC	0.3032838229853764	1.0	0	1.0	1.0	1	True
	74	1.0	20.0	0	1.1134033122897629	GEM_RT.TTACGTTGTTGCCATA	0.3032838229853764	1.0	0	1.0	1.0	1	True
	75	1.0	15.0	0	1.1134033122897629	GEM_RT.GAACTGTTCAGCTTCC	0.3032838229853764	1.0	0	1.0	1.0	1	True
	76	1.0	35.0	0	1.1134033122897629	GEM_RT.TCATGGAAGGCTCTCG	0.3032838229853764	1.0	0	1.0	1.0	1	True
	77	1.0	124.0	0	1.1134033122897629	GEM_RT.AGCCACGAGTAATTGG	0.3032838229853764	1.0	0	1.0	1.0	1	True
	78	1.0	50.0	0	1.1134033122897629	GEM_RT.TTCTTCCCACCATAAC	0.3032838229853764	1.0	0	1.0	1.0	1	True
	79	1.0	132.0	0	1.1134033122897629	GEM_RT.TGATGGTGTTCGAACT	0.3032838229853764	1.0	0	1.0	1.0	1	True
	80	1.0	68.0	0	1.1134033122897629	GEM_RT.CCGTAGGGTGCTGATT	0.3032838229853764	1.0	0	1.0	1.0	1	True
	81	1.0	142.0	0	1.1134033122897629	GEM_RT.TGCATCCAGTATGCAA	0.3032838229853764	1.0	0	1.0	1.0	1	True
	82	1.0	38.0	0	1.1134033122897629	GEM_RT.ATGAGTCAGATAGTCA	0.3032838229853764	1.0	0	1.0	1.0	1	True
	83	1.0	94.0	0	1.1134033122897629	GEM_RT.GACGCTGGTTAGGAGC	0.3032838229853764	1.0	0	1.0	1.0	1	True
	84	1.0	97.0	0	1.1134033122897629	GEM_RT.TTACCGCTCATGACAC	0.3032838229853764	1.0	0	1.0	1.0	1	True
	85	1.0	53.0	0	1.1134033122897629	GEM_RT.GAACTGTCATGGGATG	0.3032838229853764	1.0	0	1.0	1.0	1	True
	86	1.0	96.0	0	1.1134033122897629	GEM_RT.CACCAAATCGCCACTT	0.3032838229853764	1.0	0	1.0	1.0	1	True
	87	1.0	127.0	0	1.1134033122897629	GEM_RT.GGTAATCGTATGAGCG	0.3032838229853764	1.0	0	1.0	1.0	1	True
	88	1.0	109.0	0	1.1134033122897629	GEM_RT.CTACGGGTCTGAGGTT	0.3032838229853764	1.0	0	1.0	1.0	1	True
	89	1.0	81.0	0	1.1134033122897629	GEM_RT.TCATTACAGCTCGCAC	0.3032838229853764	1.0	0	1.0	1.0	1	True
	90	1.0	22.0	0	1.1134033122897629	GEM_RT.GGAGATGTCGAGAGAC	0.3032838229853764	1.0	0	1.0	1.0	1	True
	91	1.0	103.0	0	1.1134033122897629	GEM_RT.CGAATTGGTCACCACG	0.3032838229853764	1.0	0	1.0	1.0	1	True
	92	1.0	138.0	0	1.1134033122897629	GEM_RT.ATTCATCGTAATTAGG	0.3032838229853764	1.0	0	1.0	1.0	1	True
	93	1.0	90.0	0	1.1134033122897629	GEM_RT.AATGGAAGTGCAATGG	0.3032838229853764	1.0	0	1.0	1.0	1	True
	94	1.0	45.0	0	1.1134033122897629	GEM_RT.CTCCCAACAGTCAGTT	0.3032838229853764	1.0	0	1.0	1.0	1	True
	95	1.0	102.0	0	1.1134033122897629	GEM_RT.CTCAATTCACTTCCTG	0.3032838229853764	1.0	0	1.0	1.0	1	True
	96	1.0	26.0	0	1.1134033122897629	GEM_RT.GCCATTCTCTTGAACG	0.3032838229853764	1.0	0	1.0	1.0	1	True
	97	1.0	137.0	0	1.1134033122897629	GEM_RT.TTCGGTCAGCTCATAC	0.3032838229853764	1.0	0	1.0	1.0	1	True
	98	1.0	37.0	0	1.1134033122897629	GEM_RT.TCTATCACATGCCGAC	0.3032838229853764	1.0	0	1.0	1.0	1	True
	99	1.0	78.0	0	1.1134033122897629	GEM_RT.CGGAATTCAGCGTGCT	0.3032838229853764	1.0	0	1.0	1.0	1	True
	100	1.0	85.0	0	1.1134033122897629	GEM_RT.ACTTAGGGTCACGCTG	0.3032838229853764	1.0	0	1.0	1.0	1	True
	101	1.0	61.0	0	1.1134033122897629	GEM_RT.GTTTGGATCTGCATAG	0.3032838229853764	1.0	0	1.0	1.0	1	True
	102	1.0	100.0	0	1.1134033122897629	GEM_RT.AACCTGACAGGTTCCG	0.3032838229853764	1.0	0	1.0	1.0	1	True
	103	1.0	39.0	0	1.1134033122897629	GEM_RT.CCCTGATCAGGACTTT	0.3032838229853764	1.0	0	1.0	1.0	1	True
	104	1.0	59.0	0	1.1134033122897629	GEM_RT.TTTCAGTTCTCTTCAA	0.3032838229853764	1.0	0	1.0	1.0	1	True
	105	1.0	25.0	0	1.1134033122897629	GEM_RT.CCCTGATGTCGCATGC	0.3032838229853764	1.0	0	1.0	1.0	1	True
	106	1.0	108.0	0	1.1134033122897629	GEM_RT.GCCATTCAGTCTGCGC	0.3032838229853764	1.0	0	1.0	1.0	1	True
	107	1.0	27.0	0	1.1134033122897629	GEM_RT.GGGCTACCAGCAGAAC	0.3032838229853764	1.0	0	1.0	1.0	1	True
	108	1.0	11.0	0	1.1134033122897629	GEM_RT.AGTCACACACCCTGTT	0.3032838229853764	1.0	0	1.0	1.0	1	True
	109	1.0	4.0	0	1.1134033122897629	GEM_RT.TGCGGCACAGACACAG	0.3032838229853764	1.0	0	1.0	1.0	1	True
	110	1.0	110.0	0	1.1134033122897629	GEM_RT.GTGAGCCCAGCACGAA	0.3032838229853764	1.0	0	1.0	1.0	1	True
	111	1.0	141.0	0	1.1134033122897629	GEM_RT.TTTACTGCATCAGCTA	0.3032838229853764	1.0	0	1.0	1.0	1	True
	112	1.0	84.0	0	1.1134033122897629	GEM_RT.CAATACGGTAAGGTCG	0.3032838229853764	1.0	0	1.0	1.0	1	True
	113	1.0	113.0	0	1.1134033122897629	GEM_RT.ATCGGCGCAAGGATGC	0.3032838229853764	1.0	0	1.0	1.0	1	True
	114	1.0	74.0	0	1.1134033122897629	GEM_RT.TCGCACTAGCCTGTGC	0.3032838229853764	1.0	0	1.0	1.0	1	True
	115	1.0	18.0	0	1.1134033122897629	GEM_RT.GCGTGCAGTTCTCCAC	0.3032838229853764	1.0	0	1.0	1.0	1	True
	116	1.0	12.0	0	1.1134033122897629	GEM_RT.GGCTGTGAGTAGGAAG	0.3032838229853764	1.0	0	1.0	1.0	1	True
	117	1.0	47.0	0	1.1134033122897629	GEM_RT.AAAGTGACAGAGGTAC	0.3032838229853764	1.0	0	1.0	1.0	1	True
	118	1.0	104.0	0	1.1134033122897629	GEM_RT.AGGCATTCACGAAGAC	0.3032838229853764	1.0	0	1.0	1.0	1	True
	119	1.0	34.0	0	1.1134033122897629	GEM_RT.GCATGATTCGGCATCG	0.3032838229853764	1.0	0	1.0	1.0	1	True
	120	1.0	130.0	0	1.1134033122897629	GEM_RT.GAACGTTTCATCTGTT	0.3032838229853764	1.0	0	1.0	1.0	1	True
	121	1.0	21.0	0	1.1134033122897629	GEM_RT.CCTTTGGCACTCCGAG	0.3032838229853764	1.0	0	1.0	1.0	1	True
	122	1.0	3.0	0	1.1134033122897629	GEM_RT.CGATGGCCAGCAGTAG	0.3032838229853764	1.0	0	1.0	1.0	1	True
	123	1.0	9.0	0	1.1134033122897629	GEM_RT.CTAGACAAGGTATTGA	0.3032838229853764	1.0	0	1.0	1.0	1	True
	124	1.0	32.0	0	1.1134033122897629	GEM_RT.AGGAAATGTCACCGAC	0.3032838229853764	1.0	0	1.0	1.0	1	True
	125	1.0	79.0	0	1.1134033122897629	GEM_RT.TGGTAGTGTCCAAGAG	0.3032838229853764	1.0	0	1.0	1.0	1	True
	126	1.0	136.0	0	1.1134033122897629	GEM_RT.GGGTAGAAGCTTACGT	0.3032838229853764	1.0	0	1.0	1.0	1	True
	127	1.0	72.0	0	1.1134033122897629	GEM_RT.CATGGTAAGCCTAGGA	0.3032838229853764	1.0	0	1.0	1.0	1	True
	128	1.0	106.0	0	1.1134033122897629	GEM_RT.TTATTGCGTTCGGTCG	0.3032838229853764	1.0	0	1.0	1.0	1	True
	129	1.0	1.0	0	1.1134033122897629	GEM_RT.CATGAGTAGCTCATAC	0.3032838229853764	1.0	0	1.0	1.0	1	True
	130	1.0	92.0	0	1.1134033122897629	GEM_RT.AGACACTTCCTCACCA	0.3032838229853764	1.0	0	1.0	1.0	1	True
	131	1.0	122.0	0	1.1134033122897629	GEM_RT.ATTCACTTCTGCATGA	0.3032838229853764	1.0	0	1.0	1.0	1	True
	132	1.0	121.0	0	1.1134033122897629	GEM_RT.GGGTAGAGTCTCAGGC	0.3032838229853764	1.0	0	1.0	1.0	1	True
	133	1.0	6.0	0	1.1134033122897629	GEM_RT.TCAGTGATCCCTCGTA	0.3032838229853764	1.0	0	1.0	1.0	1	True
	134	1.0	66.0	0	1.1134033122897629	GEM_RT.TTGTTTGAGACCATAA	0.3032838229853764	1.0	0	1.0	1.0	1	True
	135	1.0	76.0	0	1.1134033122897629	GEM_RT.TGTTTGTCAGCTCATA	0.3032838229853764	1.0	0	1.0	1.0	1	True
	136	1.0	120.0	0	1.1134033122897629	GEM_RT.ATTCAGGCAAGCCTGC	0.3032838229853764	1.0	0	1.0	1.0	1	True
	137	1.0	93.0	0	1.1134033122897629	GEM_RT.TGACCCTGTCGACTGC	0.3032838229853764	1.0	0	1.0	1.0	1	True
	138	1.0	10.0	0	1.1134033122897629	GEM_RT.AGGTAGGTCCTCTTTC	0.3032838229853764	1.0	0	1.0	1.0	1	True
	139	1.0	28.0	0	1.1134033122897629	GEM_RT.CAACCTCAGGGACACT	0.3032838229853764	1.0	0	1.0	1.0	1	True
	140	1.0	95.0	0	1.1134033122897629	GEM_RT.GTCGCGAGTTCCGCAG	0.3032838229853764	1.0	0	1.0	1.0	1	True
	141	1.0	133.0	0	1.1134033122897629	GEM_RT.TAGATCGGTTCACGAT	0.3032838229853764	1.0	0	1.0	1.0	1	True
	142	1.0	88.0	0	1.1134033122897629	GEM_RT.CTAGACAAGCCGATAG	0.3032838229853764	1.0	0	1.0	1.0	1	True
	143	1.0	60.0	0	1.1134033122897629	GEM_RT.AGGTTGTAGAGCAAGA	0.3032838229853764	1.0	0	1.0	1.0	1	True
	144	1.0	107.0	0	1.1134033122897629	GEM_RT.AGTCAACCATAGCTGT	0.3032838229853764	1.0	0	1.0	1.0	1	True
