name_tree	id_node	dist	rank	num_descendants	expansion_score	var_fitness	name	mean_fitness	support	num_children	depth_normalized	depth	num_leaf_descendants	is_leaf
	0	0.0		148					1.0	16	0.0	0.0	142	False
	1	1.0	129.0	0		0.9831988760006656	GEM_RT.CCTCACAAGTGCCGAA	0.7910048453719976	1.0	0	0.5	1.0	1	True
	2	1.0	122.0	0		0.9831988760006656	GEM_RT.GTAACCACACTATCCC	0.7910048453719976	1.0	0	0.5	1.0	1	True
	3	1.0	124.0	0		0.9831988760006656	GEM_RT.GATAGAAAGAAGCTGC	0.7910048453719976	1.0	0	0.5	1.0	1	True
	4	1.0	127.0	0		0.9831988760006656	GEM_RT.TGAGGAGCAGGCTCTG	0.7910048453719976	1.0	0	0.5	1.0	1	True
	5	1.0	120.0	0		0.9831988760006656	GEM_RT.GGCTTTCGTCGTTGCG	0.7910048453719976	1.0	0	0.5	1.0	1	True
	6	1.0	125.0	0		0.9831988760006656	GEM_RT.TTTGGTTTCCACTGAA	0.7910048453719976	1.0	0	0.5	1.0	1	True
	7	1.0	123.0	0		0.9831988760006656	GEM_RT.CAACGATCACCAGTTA	0.7910048453719976	1.0	0	0.5	1.0	1	True
	8	1.0	128.0	0		0.9831988760006656	GEM_RT.CTGCGAGGTATTAAGG	0.7910048453719976	1.0	0	0.5	1.0	1	True
	9	1.0	121.0	0		0.9831988760006656	GEM_RT.ATTGTTCAGCATGGGT	0.7910048453719976	1.0	0	0.5	1.0	1	True
	10	1.0	126.0	0		0.9831988760006656	GEM_RT.TCTGGCTCAATCCTTT	0.7910048453719976	1.0	0	0.5	1.0	1	True
	11	1.0	7.0	2	-0.000826024277194068	0.1488008486220087	_10	2.135097276993954	1.0	2	0.5	1.0	2	False
	12	1.0	6.0	3	-0.000826024277194068	0.10393832599715669	_11	2.342676104284349	1.0	3	0.5	1.0	3	False
	13	1.0	5.0	3	-0.000826024277194068	0.10393832599715669	_12	2.342676104284349	1.0	3	0.5	1.0	3	False
	14	1.0	4.0	5	-0.000826024277194068	0.06708878420809317	_13	2.543163374124632	1.0	5	0.5	1.0	5	False
	15	1.0	2.0	31	-0.000826024277194068	0.016769645202586503	_14	2.8688387550925967	1.0	31	0.5	1.0	31	False
	16	1.0	1.0	88	-0.000826024277194068	0.004633112403913842	_15	2.9798740409698206	1.0	88	0.5	1.0	88	False
	17	1.0	142.0	0		1.072222275507967	GEM_RT.GGTGTCGCAAGATCCT	0.4095366160555256	1.0	0	1.0	2.0	1	True
	18	1.0	141.0	0		1.072222275507967	GEM_RT.CGACAGCCATGACGTT	0.4095366160555256	1.0	0	1.0	2.0	1	True
	19	1.0	140.0	0		1.0366193870015743	GEM_RT.TGCTTGCTCCGAAGGA	0.5394014494587805	1.0	0	1.0	2.0	1	True
	20	1.0	136.0	0		1.0366193870015743	GEM_RT.AAAGTCCAGCAAATCA	0.5394014494587805	1.0	0	1.0	2.0	1	True
	21	1.0	137.0	0		1.0366193870015743	GEM_RT.TCATGTTAGCAACTTC	0.5394014494587805	1.0	0	1.0	2.0	1	True
	22	1.0	139.0	0		1.0366193870015743	GEM_RT.GCCATGGTCGAAGCCC	0.5394014494587805	1.0	0	1.0	2.0	1	True
	23	1.0	138.0	0		1.0366193870015743	GEM_RT.TACCCGTTCGCTAAAC	0.5394014494587805	1.0	0	1.0	2.0	1	True
	24	1.0	135.0	0		1.0366193870015743	GEM_RT.ACTGATGCAGCAGTCC	0.5394014494587805	1.0	0	1.0	2.0	1	True
	25	1.0	132.0	0		1.009648551798219	GEM_RT.ACCAAACTCAGTCAGT	0.6550334270376277	1.0	0	1.0	2.0	1	True
	26	1.0	130.0	0		1.009648551798219	GEM_RT.TCAGTCCTCGGCTCTT	0.6550334270376277	1.0	0	1.0	2.0	1	True
	27	1.0	134.0	0		1.009648551798219	GEM_RT.AACCTTTAGGGTACGT	0.6550334270376277	1.0	0	1.0	2.0	1	True
	28	1.0	131.0	0		1.009648551798219	GEM_RT.CGGAGAAGTTAAGCAA	0.6550334270376277	1.0	0	1.0	2.0	1	True
	29	1.0	133.0	0		1.009648551798219	GEM_RT.GCTTCACTCGTTCATT	0.6550334270376277	1.0	0	1.0	2.0	1	True
	30	1.0	118.0	0		0.9780728014688985	GEM_RT.AGCGCTGCATCCGAAT	0.8242572550116659	1.0	0	1.0	2.0	1	True
	31	1.0	119.0	0		0.9780728014688985	GEM_RT.AAACCCACAGGAACCA	0.8242572550116659	1.0	0	1.0	2.0	1	True
	32	1.0	98.0	0		0.9780728014688985	GEM_RT.CCGGGTACATAGAAAC	0.8242572550116659	1.0	0	1.0	2.0	1	True
	33	1.0	89.0	0		0.9780728014688985	GEM_RT.GATCAGTTCTGTAAGC	0.8242572550116659	1.0	0	1.0	2.0	1	True
	34	1.0	102.0	0		0.9780728014688985	GEM_RT.GGGTCTGAGCACTCAT	0.8242572550116659	1.0	0	1.0	2.0	1	True
	35	1.0	117.0	0		0.9780728014688985	GEM_RT.CCTACGTAGCTATCCA	0.8242572550116659	1.0	0	1.0	2.0	1	True
	36	1.0	94.0	0		0.9780728014688985	GEM_RT.TTCCGGTAGGCCACCT	0.8242572550116659	1.0	0	1.0	2.0	1	True
	37	1.0	110.0	0		0.9780728014688985	GEM_RT.CCCTTAGGTACGAAAT	0.8242572550116659	1.0	0	1.0	2.0	1	True
	38	1.0	96.0	0		0.9780728014688985	GEM_RT.TATCGCCAGATGAATC	0.8242572550116659	1.0	0	1.0	2.0	1	True
	39	1.0	111.0	0		0.9780728014688985	GEM_RT.TAGACCACATGACACT	0.8242572550116659	1.0	0	1.0	2.0	1	True
	40	1.0	109.0	0		0.9780728014688985	GEM_RT.CGCCATTTCAGGAAGC	0.8242572550116659	1.0	0	1.0	2.0	1	True
	41	1.0	105.0	0		0.9780728014688985	GEM_RT.TATCAGGCAATAGTCC	0.8242572550116659	1.0	0	1.0	2.0	1	True
	42	1.0	113.0	0		0.9780728014688985	GEM_RT.CGTGATATCGAGCCTG	0.8242572550116659	1.0	0	1.0	2.0	1	True
	43	1.0	90.0	0		0.9780728014688985	GEM_RT.GGTTGTATCGCGTAGC	0.8242572550116659	1.0	0	1.0	2.0	1	True
	44	1.0	97.0	0		0.9780728014688985	GEM_RT.TCAGTTTTCGAACGGA	0.8242572550116659	1.0	0	1.0	2.0	1	True
	45	1.0	115.0	0		0.9780728014688985	GEM_RT.TAGGTTGAGGCTCAAG	0.8242572550116659	1.0	0	1.0	2.0	1	True
	46	1.0	95.0	0		0.9780728014688985	GEM_RT.CGCATGGGTTCAACGT	0.8242572550116659	1.0	0	1.0	2.0	1	True
	47	1.0	99.0	0		0.9780728014688985	GEM_RT.AGTCATGTCTAAACGC	0.8242572550116659	1.0	0	1.0	2.0	1	True
	48	1.0	108.0	0		0.9780728014688985	GEM_RT.GTCACGGAGGAATGTT	0.8242572550116659	1.0	0	1.0	2.0	1	True
	49	1.0	107.0	0		0.9780728014688985	GEM_RT.CGTGAATTCCGGGACT	0.8242572550116659	1.0	0	1.0	2.0	1	True
	50	1.0	106.0	0		0.9780728014688985	GEM_RT.CACTAAGTCCCGGTAG	0.8242572550116659	1.0	0	1.0	2.0	1	True
	51	1.0	101.0	0		0.9780728014688985	GEM_RT.CATTCTACACAGCATT	0.8242572550116659	1.0	0	1.0	2.0	1	True
	52	1.0	116.0	0		0.9780728014688985	GEM_RT.ATCGTCCCAGGACTTT	0.8242572550116659	1.0	0	1.0	2.0	1	True
	53	1.0	93.0	0		0.9780728014688985	GEM_RT.CTCCCAAGTAGCGTAG	0.8242572550116659	1.0	0	1.0	2.0	1	True
	54	1.0	104.0	0		0.9780728014688985	GEM_RT.CTATAGGGTATATGGA	0.8242572550116659	1.0	0	1.0	2.0	1	True
	55	1.0	92.0	0		0.9780728014688985	GEM_RT.TCACACCGTTACCCAA	0.8242572550116659	1.0	0	1.0	2.0	1	True
	56	1.0	91.0	0		0.9780728014688985	GEM_RT.TCCGTGTCACGGGCTT	0.8242572550116659	1.0	0	1.0	2.0	1	True
	57	1.0	103.0	0		0.9780728014688985	GEM_RT.TCAGCCTCAAGACTGG	0.8242572550116659	1.0	0	1.0	2.0	1	True
	58	1.0	100.0	0		0.9780728014688985	GEM_RT.TCATTTGCAGTTCCAA	0.8242572550116659	1.0	0	1.0	2.0	1	True
	59	1.0	112.0	0		0.9780728014688985	GEM_RT.TCAGTTTAGACCGCCT	0.8242572550116659	1.0	0	1.0	2.0	1	True
	60	1.0	114.0	0		0.9780728014688985	GEM_RT.TTATTGCGTATCAGCT	0.8242572550116659	1.0	0	1.0	2.0	1	True
	61	1.0	85.0	0		0.9706701219325472	GEM_RT.CCTGTTGTCCACCTCA	0.8773042393971366	1.0	0	1.0	2.0	1	True
	62	1.0	70.0	0		0.9706701219325472	GEM_RT.CCGATGGGTCTGCGCA	0.8773042393971366	1.0	0	1.0	2.0	1	True
	63	1.0	16.0	0		0.9706701219325472	GEM_RT.GGGTTTAGTGCAGATG	0.8773042393971366	1.0	0	1.0	2.0	1	True
	64	1.0	7.0	0		0.9706701219325472	GEM_RT.TAATTCCGTCAGATTC	0.8773042393971366	1.0	0	1.0	2.0	1	True
	65	1.0	51.0	0		0.9706701219325472	GEM_RT.AAAGAACTCGGTTCAA	0.8773042393971366	1.0	0	1.0	2.0	1	True
	66	1.0	62.0	0		0.9706701219325472	GEM_RT.TCGAAGTTCCTGTAGA	0.8773042393971366	1.0	0	1.0	2.0	1	True
	67	1.0	50.0	0		0.9706701219325472	GEM_RT.ACTACGACAGCGATTT	0.8773042393971366	1.0	0	1.0	2.0	1	True
	68	1.0	76.0	0		0.9706701219325472	GEM_RT.CCCTCTCTCAGACCGC	0.8773042393971366	1.0	0	1.0	2.0	1	True
	69	1.0	73.0	0		0.9706701219325472	GEM_RT.GGGAGATTCCCTCTTT	0.8773042393971366	1.0	0	1.0	2.0	1	True
	70	1.0	43.0	0		0.9706701219325472	GEM_RT.TCCTCGAAGAGAGGGC	0.8773042393971366	1.0	0	1.0	2.0	1	True
	71	1.0	61.0	0		0.9706701219325472	GEM_RT.GCTTCACAGACCACGA	0.8773042393971366	1.0	0	1.0	2.0	1	True
	72	1.0	48.0	0		0.9706701219325472	GEM_RT.CCTAACCCAAGCTGTT	0.8773042393971366	1.0	0	1.0	2.0	1	True
	73	1.0	46.0	0		0.9706701219325472	GEM_RT.CACATGAGTTACCGTA	0.8773042393971366	1.0	0	1.0	2.0	1	True
	74	1.0	44.0	0		0.9706701219325472	GEM_RT.CGTAATGCAAGCCATT	0.8773042393971366	1.0	0	1.0	2.0	1	True
	75	1.0	45.0	0		0.9706701219325472	GEM_RT.CATTGTTTCGTTTACT	0.8773042393971366	1.0	0	1.0	2.0	1	True
	76	1.0	36.0	0		0.9706701219325472	GEM_RT.CCATCACAGAGTTGCG	0.8773042393971366	1.0	0	1.0	2.0	1	True
	77	1.0	88.0	0		0.9706701219325472	GEM_RT.TACAGGTTCTAAGAAG	0.8773042393971366	1.0	0	1.0	2.0	1	True
	78	1.0	79.0	0		0.9706701219325472	GEM_RT.GAAGTAATCGCCATAA	0.8773042393971366	1.0	0	1.0	2.0	1	True
	79	1.0	20.0	0		0.9706701219325472	GEM_RT.GCTGGGTGTCGGTGTC	0.8773042393971366	1.0	0	1.0	2.0	1	True
	80	1.0	54.0	0		0.9706701219325472	GEM_RT.GCACTAATCATTTCCA	0.8773042393971366	1.0	0	1.0	2.0	1	True
	81	1.0	24.0	0		0.9706701219325472	GEM_RT.TCGAACAAGGTTCTAC	0.8773042393971366	1.0	0	1.0	2.0	1	True
	82	1.0	34.0	0		0.9706701219325472	GEM_RT.AGTGTTGAGTATTGCC	0.8773042393971366	1.0	0	1.0	2.0	1	True
	83	1.0	42.0	0		0.9706701219325472	GEM_RT.CCGTGAGTCCACTTTA	0.8773042393971366	1.0	0	1.0	2.0	1	True
	84	1.0	86.0	0		0.9706701219325472	GEM_RT.ATTACTCAGTCTAGAA	0.8773042393971366	1.0	0	1.0	2.0	1	True
	85	1.0	2.0	0		0.9706701219325472	GEM_RT.ACTTATCGTATCGCAT	0.8773042393971366	1.0	0	1.0	2.0	1	True
	86	1.0	81.0	0		0.9706701219325472	GEM_RT.GAGCTGCAGCCTCAGC	0.8773042393971366	1.0	0	1.0	2.0	1	True
	87	1.0	30.0	0		0.9706701219325472	GEM_RT.ACGTTCCTCCATAGGT	0.8773042393971366	1.0	0	1.0	2.0	1	True
	88	1.0	18.0	0		0.9706701219325472	GEM_RT.AATCGTGGTGTTCGTA	0.8773042393971366	1.0	0	1.0	2.0	1	True
	89	1.0	23.0	0		0.9706701219325472	GEM_RT.GGGAAGTCACACCTTC	0.8773042393971366	1.0	0	1.0	2.0	1	True
	90	1.0	49.0	0		0.9706701219325472	GEM_RT.CATGGTAGTAGGTACG	0.8773042393971366	1.0	0	1.0	2.0	1	True
	91	1.0	12.0	0		0.9706701219325472	GEM_RT.CCTAAGATCTGTAAGC	0.8773042393971366	1.0	0	1.0	2.0	1	True
	92	1.0	69.0	0		0.9706701219325472	GEM_RT.TGTGAGTCACCGTGCA	0.8773042393971366	1.0	0	1.0	2.0	1	True
	93	1.0	63.0	0		0.9706701219325472	GEM_RT.TGACGCGAGCAGTACG	0.8773042393971366	1.0	0	1.0	2.0	1	True
	94	1.0	59.0	0		0.9706701219325472	GEM_RT.GTGGCGTAGTCTGGTT	0.8773042393971366	1.0	0	1.0	2.0	1	True
	95	1.0	53.0	0		0.9706701219325472	GEM_RT.CCGGACAGTCGCAGTC	0.8773042393971366	1.0	0	1.0	2.0	1	True
	96	1.0	22.0	0		0.9706701219325472	GEM_RT.TTGGGTACAGCGTAGA	0.8773042393971366	1.0	0	1.0	2.0	1	True
	97	1.0	31.0	0		0.9706701219325472	GEM_RT.GGGTATTGTCCTGGGT	0.8773042393971366	1.0	0	1.0	2.0	1	True
	98	1.0	55.0	0		0.9706701219325472	GEM_RT.GTGGAAGAGAAGCTGC	0.8773042393971366	1.0	0	1.0	2.0	1	True
	99	1.0	67.0	0		0.9706701219325472	GEM_RT.ATACCGAAGTAGACCG	0.8773042393971366	1.0	0	1.0	2.0	1	True
	100	1.0	83.0	0		0.9706701219325472	GEM_RT.AAACGAAGTCGTTATG	0.8773042393971366	1.0	0	1.0	2.0	1	True
	101	1.0	26.0	0		0.9706701219325472	GEM_RT.TTTATGCTCGCTCATC	0.8773042393971366	1.0	0	1.0	2.0	1	True
	102	1.0	77.0	0		0.9706701219325472	GEM_RT.GAGCTGCTCGACATAC	0.8773042393971366	1.0	0	1.0	2.0	1	True
	103	1.0	17.0	0		0.9706701219325472	GEM_RT.TGAGTCAGTTTGAAAG	0.8773042393971366	1.0	0	1.0	2.0	1	True
	104	1.0	29.0	0		0.9706701219325472	GEM_RT.TAACACGGTCTTTCTA	0.8773042393971366	1.0	0	1.0	2.0	1	True
	105	1.0	84.0	0		0.9706701219325472	GEM_RT.AACTTCTAGGGAGATA	0.8773042393971366	1.0	0	1.0	2.0	1	True
	106	1.0	52.0	0		0.9706701219325472	GEM_RT.CGCATAAAGTTAGTAG	0.8773042393971366	1.0	0	1.0	2.0	1	True
	107	1.0	64.0	0		0.9706701219325472	GEM_RT.TACCGGGCAAACGTGG	0.8773042393971366	1.0	0	1.0	2.0	1	True
	108	1.0	1.0	0		0.9706701219325472	GEM_RT.AATTCCTGTAAGGTCG	0.8773042393971366	1.0	0	1.0	2.0	1	True
	109	1.0	28.0	0		0.9706701219325472	GEM_RT.GTCACGGAGGCTAACG	0.8773042393971366	1.0	0	1.0	2.0	1	True
	110	1.0	68.0	0		0.9706701219325472	GEM_RT.AGCTACACACGTACAT	0.8773042393971366	1.0	0	1.0	2.0	1	True
	111	1.0	65.0	0		0.9706701219325472	GEM_RT.TAGACCAGTGGTTCTA	0.8773042393971366	1.0	0	1.0	2.0	1	True
	112	1.0	19.0	0		0.9706701219325472	GEM_RT.TTATTGCAGTTGGAGC	0.8773042393971366	1.0	0	1.0	2.0	1	True
	113	1.0	33.0	0		0.9706701219325472	GEM_RT.AGGATCTAGTGGTTAA	0.8773042393971366	1.0	0	1.0	2.0	1	True
	114	1.0	21.0	0		0.9706701219325472	GEM_RT.CATTCATAGCAAGGAA	0.8773042393971366	1.0	0	1.0	2.0	1	True
	115	1.0	35.0	0		0.9706701219325472	GEM_RT.CACCGTTCAACACAGG	0.8773042393971366	1.0	0	1.0	2.0	1	True
	116	1.0	87.0	0		0.9706701219325472	GEM_RT.TTCTTGACATTCTCTA	0.8773042393971366	1.0	0	1.0	2.0	1	True
	117	1.0	37.0	0		0.9706701219325472	GEM_RT.ATTGTTCGTCGAGCTC	0.8773042393971366	1.0	0	1.0	2.0	1	True
	118	1.0	82.0	0		0.9706701219325472	GEM_RT.GTGGAGACAAGGGCAT	0.8773042393971366	1.0	0	1.0	2.0	1	True
	119	1.0	80.0	0		0.9706701219325472	GEM_RT.TCCTAATCATCCAATG	0.8773042393971366	1.0	0	1.0	2.0	1	True
	120	1.0	3.0	0		0.9706701219325472	GEM_RT.TCTGGCTGTGGACTGA	0.8773042393971366	1.0	0	1.0	2.0	1	True
	121	1.0	56.0	0		0.9706701219325472	GEM_RT.CGGGACTGTCCTACAA	0.8773042393971366	1.0	0	1.0	2.0	1	True
	122	1.0	4.0	0		0.9706701219325472	GEM_RT.TCGCTTGAGCTTTCCC	0.8773042393971366	1.0	0	1.0	2.0	1	True
	123	1.0	57.0	0		0.9706701219325472	GEM_RT.GGGTCACTCCAACTGA	0.8773042393971366	1.0	0	1.0	2.0	1	True
	124	1.0	41.0	0		0.9706701219325472	GEM_RT.CAAGGGAGTCAAAGCG	0.8773042393971366	1.0	0	1.0	2.0	1	True
	125	1.0	10.0	0		0.9706701219325472	GEM_RT.GGACGTCAGGGTATAT	0.8773042393971366	1.0	0	1.0	2.0	1	True
	126	1.0	6.0	0		0.9706701219325472	GEM_RT.TTAGTCTGTGCGTTTA	0.8773042393971366	1.0	0	1.0	2.0	1	True
	127	1.0	14.0	0		0.9706701219325472	GEM_RT.CAATTTCAGTATGGCG	0.8773042393971366	1.0	0	1.0	2.0	1	True
	128	1.0	72.0	0		0.9706701219325472	GEM_RT.GTGTGATTCATACGAC	0.8773042393971366	1.0	0	1.0	2.0	1	True
	129	1.0	58.0	0		0.9706701219325472	GEM_RT.GTAACACCAACCGCTG	0.8773042393971366	1.0	0	1.0	2.0	1	True
	130	1.0	15.0	0		0.9706701219325472	GEM_RT.TTGTTCACATAACAGA	0.8773042393971366	1.0	0	1.0	2.0	1	True
	131	1.0	13.0	0		0.9706701219325472	GEM_RT.TTGTTGTGTGAGTCAG	0.8773042393971366	1.0	0	1.0	2.0	1	True
	132	1.0	9.0	0		0.9706701219325472	GEM_RT.TGAGGGAAGTCAATCC	0.8773042393971366	1.0	0	1.0	2.0	1	True
	133	1.0	66.0	0		0.9706701219325472	GEM_RT.CCCGAAGGTTCTTGCC	0.8773042393971366	1.0	0	1.0	2.0	1	True
	134	1.0	75.0	0		0.9706701219325472	GEM_RT.GGAGATGGTGTTTACG	0.8773042393971366	1.0	0	1.0	2.0	1	True
	135	1.0	71.0	0		0.9706701219325472	GEM_RT.AAGCATCCAACGCATT	0.8773042393971366	1.0	0	1.0	2.0	1	True
	136	1.0	8.0	0		0.9706701219325472	GEM_RT.CGGGTGTTCCTGCTAC	0.8773042393971366	1.0	0	1.0	2.0	1	True
	137	1.0	32.0	0		0.9706701219325472	GEM_RT.CTAACCCCACTCATAG	0.8773042393971366	1.0	0	1.0	2.0	1	True
	138	1.0	39.0	0		0.9706701219325472	GEM_RT.TAGACTGGTTGCTCAA	0.8773042393971366	1.0	0	1.0	2.0	1	True
	139	1.0	38.0	0		0.9706701219325472	GEM_RT.CAATCGAAGGAACTAT	0.8773042393971366	1.0	0	1.0	2.0	1	True
	140	1.0	60.0	0		0.9706701219325472	GEM_RT.TAGATCGTCGCATGAT	0.8773042393971366	1.0	0	1.0	2.0	1	True
	141	1.0	74.0	0		0.9706701219325472	GEM_RT.TGTCAGAGTTATTCCT	0.8773042393971366	1.0	0	1.0	2.0	1	True
	142	1.0	40.0	0		0.9706701219325472	GEM_RT.GACTATGAGAAGCCAC	0.8773042393971366	1.0	0	1.0	2.0	1	True
	143	1.0	47.0	0		0.9706701219325472	GEM_RT.CTACCTGAGCTGCCAC	0.8773042393971366	1.0	0	1.0	2.0	1	True
	144	1.0	78.0	0		0.9706701219325472	GEM_RT.TCATTTGGTAGTTCCA	0.8773042393971366	1.0	0	1.0	2.0	1	True
	145	1.0	27.0	0		0.9706701219325472	GEM_RT.CTACATTCACGTACAT	0.8773042393971366	1.0	0	1.0	2.0	1	True
	146	1.0	5.0	0		0.9706701219325472	GEM_RT.CACTGGGTCTGCAGCG	0.8773042393971366	1.0	0	1.0	2.0	1	True
	147	1.0	25.0	0		0.9706701219325472	GEM_RT.CGAGGCTAGGGAACAA	0.8773042393971366	1.0	0	1.0	2.0	1	True
	148	1.0	11.0	0		0.9706701219325472	GEM_RT.TTTATGCTCCAGCCTT	0.8773042393971366	1.0	0	1.0	2.0	1	True
