name_tree	id_node	dist	rank	num_descendants	expansion_score	var_fitness	name	mean_fitness	support	num_children	depth_normalized	depth	num_leaf_descendants	is_leaf
	0	0.0		73					1.0	5	0.0	0.0	70	False
	1	1.0	63.0	0		1.0751714191474409	GEM_RT.GTCTAGAAGCTAGCCC	0.4400993430437478	1.0	0	0.5	1.0	1	True
	2	1.0	62.0	0		1.0751714191474409	GEM_RT.ACTATGGCATGAAAGT	0.4400993430437478	1.0	0	0.5	1.0	1	True
	3	1.0	4.0	2	-0.0002529866440761001	0.1283755548206731	_2	2.080727564659498	1.0	2	0.5	1.0	2	False
	4	1.0	3.0	5	-0.0002529866440761001	0.05927591270713961	_3	2.4398862985829366	1.0	5	0.5	1.0	5	False
	5	1.0	1.0	61	-0.0002529866440761001	0.0009289184444849496	_4	2.751859383977289	1.0	61	0.5	1.0	61	False
	6	1.0	69.0	0		1.1217350707277107	GEM_RT.GATGCTAAGTCCCAAT	0.24652654707128527	1.0	0	1.0	2.0	1	True
	7	1.0	70.0	0		1.1217350707277107	GEM_RT.GCTCAAATCCGCATAA	0.24652654707128527	1.0	0	1.0	2.0	1	True
	8	1.0	65.0	0		1.0816928376759116	GEM_RT.TGGCGTGCATGACTAC	0.3965335278164333	1.0	0	1.0	2.0	1	True
	9	1.0	67.0	0		1.0816928376759116	GEM_RT.TCCGGGAGTACAGTAA	0.3965335278164333	1.0	0	1.0	2.0	1	True
	10	1.0	64.0	0		1.0816928376759116	GEM_RT.GACTTCCTCGTGGAAG	0.3965335278164333	1.0	0	1.0	2.0	1	True
	11	1.0	68.0	0		1.0816928376759116	GEM_RT.CCACTTGAGCGAGTCA	0.3965335278164333	1.0	0	1.0	2.0	1	True
	12	1.0	66.0	0		1.0816928376759116	GEM_RT.TTCGCTGCACGTGAGA	0.3965335278164333	1.0	0	1.0	2.0	1	True
	13	1.0	20.0	0		1.0571236057250268	GEM_RT.TGGGTTAGTCCGTACG	0.5067572508765023	1.0	0	1.0	2.0	1	True
	14	1.0	17.0	0		1.0571236057250268	GEM_RT.TGCAGGCGTCCATAGT	0.5067572508765023	1.0	0	1.0	2.0	1	True
	15	1.0	22.0	0		1.0571236057250268	GEM_RT.TGAGGTTAGAAACTGT	0.5067572508765023	1.0	0	1.0	2.0	1	True
	16	1.0	32.0	0		1.0571236057250268	GEM_RT.CTAACCCGTCGTCTCT	0.5067572508765023	1.0	0	1.0	2.0	1	True
	17	1.0	2.0	0		1.0571236057250268	GEM_RT.TCATTGTAGGGTAATT	0.5067572508765023	1.0	0	1.0	2.0	1	True
	18	1.0	13.0	0		1.0571236057250268	GEM_RT.ACGGTTATCACTTATC	0.5067572508765023	1.0	0	1.0	2.0	1	True
	19	1.0	48.0	0		1.0571236057250268	GEM_RT.TCCTTCTTCCATATGG	0.5067572508765023	1.0	0	1.0	2.0	1	True
	20	1.0	37.0	0		1.0571236057250268	GEM_RT.GAATCACCACTCCTGT	0.5067572508765023	1.0	0	1.0	2.0	1	True
	21	1.0	8.0	0		1.0571236057250268	GEM_RT.GCACTAACAAAGGAGA	0.5067572508765023	1.0	0	1.0	2.0	1	True
	22	1.0	11.0	0		1.0571236057250268	GEM_RT.CCAATTTGTCACTTAG	0.5067572508765023	1.0	0	1.0	2.0	1	True
	23	1.0	27.0	0		1.0571236057250268	GEM_RT.CTTGAGAGTGTTAACC	0.5067572508765023	1.0	0	1.0	2.0	1	True
	24	1.0	56.0	0		1.0571236057250268	GEM_RT.GGGACTCAGGAAAGTG	0.5067572508765023	1.0	0	1.0	2.0	1	True
	25	1.0	12.0	0		1.0571236057250268	GEM_RT.GTCTACCGTAGACAGC	0.5067572508765023	1.0	0	1.0	2.0	1	True
	26	1.0	30.0	0		1.0571236057250268	GEM_RT.TATCAGGCAGATCCTA	0.5067572508765023	1.0	0	1.0	2.0	1	True
	27	1.0	55.0	0		1.0571236057250268	GEM_RT.CCTCTAGCATACTTTC	0.5067572508765023	1.0	0	1.0	2.0	1	True
	28	1.0	4.0	0		1.0571236057250268	GEM_RT.TTCCTTCTCCACAAGT	0.5067572508765023	1.0	0	1.0	2.0	1	True
	29	1.0	23.0	0		1.0571236057250268	GEM_RT.GTTGCTCGTCCAGCAC	0.5067572508765023	1.0	0	1.0	2.0	1	True
	30	1.0	58.0	0		1.0571236057250268	GEM_RT.CTATCCGTCGAAACAA	0.5067572508765023	1.0	0	1.0	2.0	1	True
	31	1.0	57.0	0		1.0571236057250268	GEM_RT.GATCACACACAAAGCG	0.5067572508765023	1.0	0	1.0	2.0	1	True
	32	1.0	19.0	0		1.0571236057250268	GEM_RT.ACCCTTGGTTAGAAGT	0.5067572508765023	1.0	0	1.0	2.0	1	True
	33	1.0	44.0	0		1.0571236057250268	GEM_RT.GTGAGTTAGGCTAAAT	0.5067572508765023	1.0	0	1.0	2.0	1	True
	34	1.0	51.0	0		1.0571236057250268	GEM_RT.CTGCAGGTCTCCCATG	0.5067572508765023	1.0	0	1.0	2.0	1	True
	35	1.0	1.0	0		1.0571236057250268	GEM_RT.TTCCTAAGTTTGTGGT	0.5067572508765023	1.0	0	1.0	2.0	1	True
	36	1.0	53.0	0		1.0571236057250268	GEM_RT.TCTATCACATTAAAGG	0.5067572508765023	1.0	0	1.0	2.0	1	True
	37	1.0	35.0	0		1.0571236057250268	GEM_RT.ATTATCCCATTGCTGA	0.5067572508765023	1.0	0	1.0	2.0	1	True
	38	1.0	52.0	0		1.0571236057250268	GEM_RT.GACCCTTTCGAGGCAA	0.5067572508765023	1.0	0	1.0	2.0	1	True
	39	1.0	54.0	0		1.0571236057250268	GEM_RT.TTGCCTGCACAATGAA	0.5067572508765023	1.0	0	1.0	2.0	1	True
	40	1.0	36.0	0		1.0571236057250268	GEM_RT.TAAGCGTCAGCACAGA	0.5067572508765023	1.0	0	1.0	2.0	1	True
	41	1.0	24.0	0		1.0571236057250268	GEM_RT.TTCTGTAGTCACCGCA	0.5067572508765023	1.0	0	1.0	2.0	1	True
	42	1.0	18.0	0		1.0571236057250268	GEM_RT.TAACACGTCGAACACT	0.5067572508765023	1.0	0	1.0	2.0	1	True
	43	1.0	47.0	0		1.0571236057250268	GEM_RT.TTGATGGCACAATTCG	0.5067572508765023	1.0	0	1.0	2.0	1	True
	44	1.0	61.0	0		1.0571236057250268	GEM_RT.GTTAGACCACTAGGTT	0.5067572508765023	1.0	0	1.0	2.0	1	True
	45	1.0	26.0	0		1.0571236057250268	GEM_RT.TTGCATTCATCCGATA	0.5067572508765023	1.0	0	1.0	2.0	1	True
	46	1.0	16.0	0		1.0571236057250268	GEM_RT.CATAAGCGTTAAAGTG	0.5067572508765023	1.0	0	1.0	2.0	1	True
	47	1.0	39.0	0		1.0571236057250268	GEM_RT.TCGGATAGTTAGGCCC	0.5067572508765023	1.0	0	1.0	2.0	1	True
	48	1.0	25.0	0		1.0571236057250268	GEM_RT.CGAGGCTTCGCATGAT	0.5067572508765023	1.0	0	1.0	2.0	1	True
	49	1.0	33.0	0		1.0571236057250268	GEM_RT.GTCAAACAGGTCATTC	0.5067572508765023	1.0	0	1.0	2.0	1	True
	50	1.0	10.0	0		1.0571236057250268	GEM_RT.GTGTCCTGTCGCTGCA	0.5067572508765023	1.0	0	1.0	2.0	1	True
	51	1.0	3.0	0		1.0571236057250268	GEM_RT.TATTTCGCATACTTTC	0.5067572508765023	1.0	0	1.0	2.0	1	True
	52	1.0	6.0	0		1.0571236057250268	GEM_RT.CAGCACGCAAGCAGGT	0.5067572508765023	1.0	0	1.0	2.0	1	True
	53	1.0	49.0	0		1.0571236057250268	GEM_RT.TTGGGATTCTGGCTGG	0.5067572508765023	1.0	0	1.0	2.0	1	True
	54	1.0	14.0	0		1.0571236057250268	GEM_RT.GTAAGTCGTATGAGAT	0.5067572508765023	1.0	0	1.0	2.0	1	True
	55	1.0	50.0	0		1.0571236057250268	GEM_RT.CGAAGGATCCCATTTA	0.5067572508765023	1.0	0	1.0	2.0	1	True
	56	1.0	7.0	0		1.0571236057250268	GEM_RT.CTCACTGCAAGGCAAC	0.5067572508765023	1.0	0	1.0	2.0	1	True
	57	1.0	46.0	0		1.0571236057250268	GEM_RT.TCTACATGTCCTGTCT	0.5067572508765023	1.0	0	1.0	2.0	1	True
	58	1.0	5.0	0		1.0571236057250268	GEM_RT.CCGGTAGAGTTGTAAG	0.5067572508765023	1.0	0	1.0	2.0	1	True
	59	1.0	21.0	0		1.0571236057250268	GEM_RT.AGGTGTTAGTAATACG	0.5067572508765023	1.0	0	1.0	2.0	1	True
	60	1.0	43.0	0		1.0571236057250268	GEM_RT.CCGAACGCAGGCATGA	0.5067572508765023	1.0	0	1.0	2.0	1	True
	61	1.0	41.0	0		1.0571236057250268	GEM_RT.TCTACCGCACCCTTGT	0.5067572508765023	1.0	0	1.0	2.0	1	True
	62	1.0	29.0	0		1.0571236057250268	GEM_RT.TCGTAGACATCTTAGG	0.5067572508765023	1.0	0	1.0	2.0	1	True
	63	1.0	28.0	0		1.0571236057250268	GEM_RT.GGAAGTGAGTGTCATC	0.5067572508765023	1.0	0	1.0	2.0	1	True
	64	1.0	38.0	0		1.0571236057250268	GEM_RT.ATGATCGCAACTGGTT	0.5067572508765023	1.0	0	1.0	2.0	1	True
	65	1.0	45.0	0		1.0571236057250268	GEM_RT.ACACCAATCTACGGTA	0.5067572508765023	1.0	0	1.0	2.0	1	True
	66	1.0	60.0	0		1.0571236057250268	GEM_RT.CGCAGGTCAGGAGGAG	0.5067572508765023	1.0	0	1.0	2.0	1	True
	67	1.0	15.0	0		1.0571236057250268	GEM_RT.CATGGATAGATGCTAA	0.5067572508765023	1.0	0	1.0	2.0	1	True
	68	1.0	9.0	0		1.0571236057250268	GEM_RT.GAATAGAAGAGGATGA	0.5067572508765023	1.0	0	1.0	2.0	1	True
	69	1.0	42.0	0		1.0571236057250268	GEM_RT.TCGACGGGTTTACTTC	0.5067572508765023	1.0	0	1.0	2.0	1	True
	70	1.0	31.0	0		1.0571236057250268	GEM_RT.CAACGGCTCACCTTGC	0.5067572508765023	1.0	0	1.0	2.0	1	True
	71	1.0	59.0	0		1.0571236057250268	GEM_RT.CATTCATCATGTTTGG	0.5067572508765023	1.0	0	1.0	2.0	1	True
	72	1.0	40.0	0		1.0571236057250268	GEM_RT.TTTGGTTGTTCTCAGA	0.5067572508765023	1.0	0	1.0	2.0	1	True
	73	1.0	34.0	0		1.0571236057250268	GEM_RT.AGGTTGTCAGCAATTC	0.5067572508765023	1.0	0	1.0	2.0	1	True
