name_tree	id_node	dist	rank	num_descendants	expansion_score	var_fitness	name	mean_fitness	support	num_children	depth_normalized	depth	num_leaf_descendants	is_leaf
	0	0.0		36					1.0	2	0.0	0.0	25	False
	1	1.0	8.0	14	-0.0013816503242818261	0.10917762645638351	_0	2.4434853453377237	1.0	2	0.25	1.0	10	False
	2	1.0	12.0	20	-0.005119873152231924	0.10485160483235134	_1	2.3148411397735322	1.0	2	0.25	1.0	15	False
	3	1.0	3.0	4	-0.003041332767953754	0.18006075986697212	_2	2.9370017733162097	1.0	4	0.5	2.0	4	False
	4	1.0	4.0	8	-0.005119873152231924	0.10581127577525695	_3	2.6968195893172275	1.0	4	0.5	2.0	6	False
	5	1.0	5.0	9	-0.0063948035868934576	0.10875414489267943	_4	2.597951610324006	1.0	3	0.5	2.0	7	False
	6	1.0	7.0	9	-0.0063948035868934576	0.15400229194702142	_5	2.464590005217551	1.0	2	0.5	2.0	8	False
	7	1.0	15.0	0		0.8101281426906768	GEM_RT.GTCAAGTAGTAGTCTC	1.6379284727760126	1.0	0	0.75	3.0	1	True
	8	1.0	14.0	0		0.8101281426906768	GEM_RT.TGTCCACTCGTTAGTG	1.6379284727760126	1.0	0	0.75	3.0	1	True
	9	1.0	13.0	0		0.8101281426906768	GEM_RT.TCGTCCATCCTCATAT	1.6379284727760126	1.0	0	0.75	3.0	1	True
	10	1.0	12.0	0		0.8101281426906768	GEM_RT.AACCTGAAGGTAGACC	1.6379284727760126	1.0	0	0.75	3.0	1	True
	11	1.0	17.0	0		0.7496624401470022	GEM_RT.TGTAACGCACCTTCCA	1.4155769323254523	1.0	0	0.75	3.0	1	True
	12	1.0	16.0	0		0.7496624401470022	GEM_RT.CCTCCTCCATCCGGCA	1.4155769323254523	1.0	0	0.75	3.0	1	True
	13	1.0	9.0	2	-0.007902726237069023	0.2924697133764056	_12	2.3969987223944607	1.0	2	0.75	3.0	2	False
	14	1.0	10.0	2	-0.007902726237069023	0.2924697133764056	_13	2.3969987223944607	1.0	2	0.75	3.0	2	False
	15	1.0	18.0	0		0.7537873014452345	GEM_RT.TTAGTCTAGCCGGAAT	1.3221249532211916	1.0	0	0.75	3.0	1	True
	16	1.0	11.0	2	-0.007902726237069023	0.2973095402989401	_15	2.3632099557533683	1.0	2	0.75	3.0	2	False
	17	1.0	2.0	4	-0.007902726237069023	0.1769881423891544	_16	2.9682209939867334	1.0	4	0.75	3.0	4	False
	18	1.0	19.0	0		0.7966056567836137	GEM_RT.CTCAGTCTCAACCGAT	1.194358451688374	1.0	0	0.75	3.0	1	True
	19	1.0	1.0	7	-0.007902726237069023	0.1083117661746531	_18	3.365056653065152	1.0	7	0.75	3.0	7	False
	20	1.0	21.0	0		0.9241173942931415	GEM_RT.GATAGAATCTTCGTAT	1.1270616725150369	1.0	0	1.0	4.0	1	True
	21	1.0	22.0	0		0.9241173942931415	GEM_RT.CGCGTGAGTCGATTTG	1.1270616725150369	1.0	0	1.0	4.0	1	True
	22	1.0	23.0	0		0.9241173942931415	GEM_RT.AAATGGAGTGCCTTCT	1.1270616725150369	1.0	0	1.0	4.0	1	True
	23	1.0	20.0	0		0.9241173942931415	GEM_RT.TTAGGCATCGCAGATT	1.1270616725150369	1.0	0	1.0	4.0	1	True
	24	1.0	25.0	0		0.9294041723559627	GEM_RT.TTGCGTCTCAGTGCGC	1.0947335404814589	1.0	0	1.0	4.0	1	True
	25	1.0	24.0	0		0.9294041723559627	GEM_RT.GGGTCACCAAAGCGTG	1.0947335404814589	1.0	0	1.0	4.0	1	True
	26	1.0	11.0	0		0.8066846070779641	GEM_RT.GTTACGAGTCGCATCG	1.6669206711128581	1.0	0	1.0	4.0	1	True
	27	1.0	9.0	0		0.8066846070779641	GEM_RT.CTGATCCGTCGGAACA	1.6669206711128581	1.0	0	1.0	4.0	1	True
	28	1.0	10.0	0		0.8066846070779641	GEM_RT.CCACTTGAGTCCTGTA	1.6669206711128581	1.0	0	1.0	4.0	1	True
	29	1.0	8.0	0		0.8066846070779641	GEM_RT.TTCCGTGCATGAATCC	1.6669206711128581	1.0	0	1.0	4.0	1	True
	30	1.0	6.0	0		0.7404639002283169	GEM_RT.AGGTTGTCAGTAACCT	2.0312059058940157	1.0	0	1.0	4.0	1	True
	31	1.0	2.0	0		0.7404639002283169	GEM_RT.CTACGGGAGGGAGATA	2.0312059058940157	1.0	0	1.0	4.0	1	True
	32	1.0	7.0	0		0.7404639002283169	GEM_RT.ACCATTTTCGTTGTTT	2.0312059058940157	1.0	0	1.0	4.0	1	True
	33	1.0	1.0	0		0.7404639002283169	GEM_RT.GAACTGTTCCTAGAGT	2.0312059058940157	1.0	0	1.0	4.0	1	True
	34	1.0	3.0	0		0.7404639002283169	GEM_RT.AGCTCAACAAGAGGTC	2.0312059058940157	1.0	0	1.0	4.0	1	True
	35	1.0	5.0	0		0.7404639002283169	GEM_RT.TTCTTGAGTGTCCATA	2.0312059058940157	1.0	0	1.0	4.0	1	True
	36	1.0	4.0	0		0.7404639002283169	GEM_RT.TCAGTGATCGATTGGT	2.0312059058940157	1.0	0	1.0	4.0	1	True
