name_tree	id_node	dist	rank	num_descendants	expansion_score	var_fitness	name	mean_fitness	support	num_children	depth_normalized	depth	num_leaf_descendants	is_leaf
	0	0.0		155					1.0	8	0.0	0.0	153	False
	1	1.0	149.0	0		1.1214133339108208	GEM_RT.CCTCCTCCACATTACG	0.27237762054676695	1.0	0	0.5	1.0	1	True
	2	1.0	150.0	0		1.1214133339108208	GEM_RT.TGGGCTGGTTTGGCTA	0.27237762054676695	1.0	0	0.5	1.0	1	True
	3	1.0	148.0	0		1.1214133339108208	GEM_RT.GATGATCGTCCTTAAG	0.27237762054676695	1.0	0	0.5	1.0	1	True
	4	1.0	146.0	0		1.1214133339108208	GEM_RT.CTACCTGCAGCACGAA	0.27237762054676695	1.0	0	0.5	1.0	1	True
	5	1.0	147.0	0		1.1214133339108208	GEM_RT.ATTTACCGTACCATAC	0.27237762054676695	1.0	0	0.5	1.0	1	True
	6	1.0	151.0	0		1.1214133339108208	GEM_RT.AAAGTCCTCCGAGTGC	0.27237762054676695	1.0	0	0.5	1.0	1	True
	7	1.0	3.0	2	-0.000592825082980654	0.11753094942276565	_6	2.0550717878089806	1.0	2	0.5	1.0	2	False
	8	1.0	1.0	145	-0.000592825082980654	2.8227414883730262e-05	_7	2.7498870873728776	1.0	145	0.5	1.0	145	False
	9	1.0	152.0	0		1.155878545789394	GEM_RT.TGGGTTACACAGCCTG	0.1421389808801129	1.0	0	1.0	2.0	1	True
	10	1.0	153.0	0		1.155878545789394	GEM_RT.TACAACGAGTTCCATG	0.1421389808801129	1.0	0	1.0	2.0	1	True
	11	1.0	106.0	0		1.11340610622427	GEM_RT.AATGGCTAGTCGAAAT	0.3032726085207701	1.0	0	1.0	2.0	1	True
	12	1.0	22.0	0		1.11340610622427	GEM_RT.GGGAGATAGAAGATCT	0.3032726085207701	1.0	0	1.0	2.0	1	True
	13	1.0	49.0	0		1.11340610622427	GEM_RT.TTAGGGTCATGACGGA	0.3032726085207701	1.0	0	1.0	2.0	1	True
	14	1.0	76.0	0		1.11340610622427	GEM_RT.TCTATCACAAACACCT	0.3032726085207701	1.0	0	1.0	2.0	1	True
	15	1.0	137.0	0		1.11340610622427	GEM_RT.TTCCGTGAGCTGTCCG	0.3032726085207701	1.0	0	1.0	2.0	1	True
	16	1.0	13.0	0		1.11340610622427	GEM_RT.TTCCTTCGTCGCAGTC	0.3032726085207701	1.0	0	1.0	2.0	1	True
	17	1.0	50.0	0		1.11340610622427	GEM_RT.CATCCCAAGAGCATTA	0.3032726085207701	1.0	0	1.0	2.0	1	True
	18	1.0	10.0	0		1.11340610622427	GEM_RT.CATGCAAGTTCTTGTT	0.3032726085207701	1.0	0	1.0	2.0	1	True
	19	1.0	40.0	0		1.11340610622427	GEM_RT.AGGGCCTTCGCACTCT	0.3032726085207701	1.0	0	1.0	2.0	1	True
	20	1.0	79.0	0		1.11340610622427	GEM_RT.CCCTCAAGTGAGACGT	0.3032726085207701	1.0	0	1.0	2.0	1	True
	21	1.0	102.0	0		1.11340610622427	GEM_RT.TCGGGACGTGCATACT	0.3032726085207701	1.0	0	1.0	2.0	1	True
	22	1.0	100.0	0		1.11340610622427	GEM_RT.AGATCCAAGAGCTGCA	0.3032726085207701	1.0	0	1.0	2.0	1	True
	23	1.0	30.0	0		1.11340610622427	GEM_RT.CAAGCTATCTATGTGG	0.3032726085207701	1.0	0	1.0	2.0	1	True
	24	1.0	90.0	0		1.11340610622427	GEM_RT.CTCAATTCATGAATCC	0.3032726085207701	1.0	0	1.0	2.0	1	True
	25	1.0	103.0	0		1.11340610622427	GEM_RT.TGTGGCGGTTTCGTTT	0.3032726085207701	1.0	0	1.0	2.0	1	True
	26	1.0	48.0	0		1.11340610622427	GEM_RT.ATGTCTTCAAATGGCG	0.3032726085207701	1.0	0	1.0	2.0	1	True
	27	1.0	72.0	0		1.11340610622427	GEM_RT.GGGTGAAAGTAATTGG	0.3032726085207701	1.0	0	1.0	2.0	1	True
	28	1.0	6.0	0		1.11340610622427	GEM_RT.AAGCATCGTAGTTACC	0.3032726085207701	1.0	0	1.0	2.0	1	True
	29	1.0	27.0	0		1.11340610622427	GEM_RT.AATCGTGGTCGCACGT	0.3032726085207701	1.0	0	1.0	2.0	1	True
	30	1.0	15.0	0		1.11340610622427	GEM_RT.CAGATACAGAGCGACT	0.3032726085207701	1.0	0	1.0	2.0	1	True
	31	1.0	28.0	0		1.11340610622427	GEM_RT.TCTATACGTTGCGGAA	0.3032726085207701	1.0	0	1.0	2.0	1	True
	32	1.0	5.0	0		1.11340610622427	GEM_RT.GCCGATGTCAACCTCC	0.3032726085207701	1.0	0	1.0	2.0	1	True
	33	1.0	69.0	0		1.11340610622427	GEM_RT.CTACCTGCACAGTACT	0.3032726085207701	1.0	0	1.0	2.0	1	True
	34	1.0	78.0	0		1.11340610622427	GEM_RT.CTACAGATCCAGTACA	0.3032726085207701	1.0	0	1.0	2.0	1	True
	35	1.0	54.0	0		1.11340610622427	GEM_RT.ACATGCAGTCATAACC	0.3032726085207701	1.0	0	1.0	2.0	1	True
	36	1.0	63.0	0		1.11340610622427	GEM_RT.GGGAAGTAGAGTCGAC	0.3032726085207701	1.0	0	1.0	2.0	1	True
	37	1.0	34.0	0		1.11340610622427	GEM_RT.AATGAAGTCGAAGCAG	0.3032726085207701	1.0	0	1.0	2.0	1	True
	38	1.0	67.0	0		1.11340610622427	GEM_RT.AGGACTTCAAATCCCA	0.3032726085207701	1.0	0	1.0	2.0	1	True
	39	1.0	77.0	0		1.11340610622427	GEM_RT.TCCACCAGTAGCGCCT	0.3032726085207701	1.0	0	1.0	2.0	1	True
	40	1.0	24.0	0		1.11340610622427	GEM_RT.TTACAGGTCCAGCCTT	0.3032726085207701	1.0	0	1.0	2.0	1	True
	41	1.0	89.0	0		1.11340610622427	GEM_RT.ACCATTTCAGCAGAAC	0.3032726085207701	1.0	0	1.0	2.0	1	True
	42	1.0	25.0	0		1.11340610622427	GEM_RT.CAGTTCCTCCTCGCAT	0.3032726085207701	1.0	0	1.0	2.0	1	True
	43	1.0	142.0	0		1.11340610622427	GEM_RT.CACAACAAGTGATGGC	0.3032726085207701	1.0	0	1.0	2.0	1	True
	44	1.0	65.0	0		1.11340610622427	GEM_RT.GGGTTATAGTGCAAAT	0.3032726085207701	1.0	0	1.0	2.0	1	True
	45	1.0	127.0	0		1.11340610622427	GEM_RT.TGGGCTGCAATGTCAC	0.3032726085207701	1.0	0	1.0	2.0	1	True
	46	1.0	135.0	0		1.11340610622427	GEM_RT.TTCCAATAGACAACTA	0.3032726085207701	1.0	0	1.0	2.0	1	True
	47	1.0	92.0	0		1.11340610622427	GEM_RT.TCCTTTCCATGTGGTT	0.3032726085207701	1.0	0	1.0	2.0	1	True
	48	1.0	123.0	0		1.11340610622427	GEM_RT.TTTGTTGTCTGGGTCG	0.3032726085207701	1.0	0	1.0	2.0	1	True
	49	1.0	44.0	0		1.11340610622427	GEM_RT.ACCGTTCCAACTTCTT	0.3032726085207701	1.0	0	1.0	2.0	1	True
	50	1.0	109.0	0		1.11340610622427	GEM_RT.CAGTTAGTCACAAGAA	0.3032726085207701	1.0	0	1.0	2.0	1	True
	51	1.0	43.0	0		1.11340610622427	GEM_RT.TCGTAGACAAATCAAG	0.3032726085207701	1.0	0	1.0	2.0	1	True
	52	1.0	99.0	0		1.11340610622427	GEM_RT.GCCCAGAAGTGACCTT	0.3032726085207701	1.0	0	1.0	2.0	1	True
	53	1.0	31.0	0		1.11340610622427	GEM_RT.AGACAGGTCCGTAATG	0.3032726085207701	1.0	0	1.0	2.0	1	True
	54	1.0	29.0	0		1.11340610622427	GEM_RT.TGAACGTGTATCGCTA	0.3032726085207701	1.0	0	1.0	2.0	1	True
	55	1.0	105.0	0		1.11340610622427	GEM_RT.CCCTAACGTTATCCAG	0.3032726085207701	1.0	0	1.0	2.0	1	True
	56	1.0	101.0	0		1.11340610622427	GEM_RT.TTACCATGTTGTTGAC	0.3032726085207701	1.0	0	1.0	2.0	1	True
	57	1.0	12.0	0		1.11340610622427	GEM_RT.ACTTTGTGTGAGAACC	0.3032726085207701	1.0	0	1.0	2.0	1	True
	58	1.0	138.0	0		1.11340610622427	GEM_RT.CGAGTGCTCACCGCTT	0.3032726085207701	1.0	0	1.0	2.0	1	True
	59	1.0	104.0	0		1.11340610622427	GEM_RT.GCTACCTTCGGAAACG	0.3032726085207701	1.0	0	1.0	2.0	1	True
	60	1.0	134.0	0		1.11340610622427	GEM_RT.GTGACGCCAACCAATC	0.3032726085207701	1.0	0	1.0	2.0	1	True
	61	1.0	131.0	0		1.11340610622427	GEM_RT.TAACCAGCACTGCGTG	0.3032726085207701	1.0	0	1.0	2.0	1	True
	62	1.0	23.0	0		1.11340610622427	GEM_RT.AGTCACAGTGTGCCTG	0.3032726085207701	1.0	0	1.0	2.0	1	True
	63	1.0	47.0	0		1.11340610622427	GEM_RT.AATCACGTCTCGCAGG	0.3032726085207701	1.0	0	1.0	2.0	1	True
	64	1.0	120.0	0		1.11340610622427	GEM_RT.ATCGTCCCACCATATG	0.3032726085207701	1.0	0	1.0	2.0	1	True
	65	1.0	108.0	0		1.11340610622427	GEM_RT.GGGTTATCACTCTGCT	0.3032726085207701	1.0	0	1.0	2.0	1	True
	66	1.0	2.0	0		1.11340610622427	GEM_RT.TTCTGTATCTGGGCAC	0.3032726085207701	1.0	0	1.0	2.0	1	True
	67	1.0	97.0	0		1.11340610622427	GEM_RT.GCATGATCAGAGGTTG	0.3032726085207701	1.0	0	1.0	2.0	1	True
	68	1.0	62.0	0		1.11340610622427	GEM_RT.CATGGATGTATCGCTA	0.3032726085207701	1.0	0	1.0	2.0	1	True
	69	1.0	51.0	0		1.11340610622427	GEM_RT.ATGGTTGCACAACATC	0.3032726085207701	1.0	0	1.0	2.0	1	True
	70	1.0	145.0	0		1.11340610622427	GEM_RT.GAGTGTTTCCATGAGT	0.3032726085207701	1.0	0	1.0	2.0	1	True
	71	1.0	19.0	0		1.11340610622427	GEM_RT.GAGATGGTCCATTTAC	0.3032726085207701	1.0	0	1.0	2.0	1	True
	72	1.0	121.0	0		1.11340610622427	GEM_RT.CTGTCGTTCCGCACGA	0.3032726085207701	1.0	0	1.0	2.0	1	True
	73	1.0	96.0	0		1.11340610622427	GEM_RT.CGAAGTTAGCAAGTGC	0.3032726085207701	1.0	0	1.0	2.0	1	True
	74	1.0	35.0	0		1.11340610622427	GEM_RT.CACAGGCGTTATAGCC	0.3032726085207701	1.0	0	1.0	2.0	1	True
	75	1.0	66.0	0		1.11340610622427	GEM_RT.CTCTGGTTCCGGCAAC	0.3032726085207701	1.0	0	1.0	2.0	1	True
	76	1.0	83.0	0		1.11340610622427	GEM_RT.TTGTTGTTCTCCGATC	0.3032726085207701	1.0	0	1.0	2.0	1	True
	77	1.0	55.0	0		1.11340610622427	GEM_RT.ATGTCTTAGTCCGCCA	0.3032726085207701	1.0	0	1.0	2.0	1	True
	78	1.0	125.0	0		1.11340610622427	GEM_RT.AGCTTCCAGCTGACAG	0.3032726085207701	1.0	0	1.0	2.0	1	True
	79	1.0	107.0	0		1.11340610622427	GEM_RT.GACTCTCGTCTAATCG	0.3032726085207701	1.0	0	1.0	2.0	1	True
	80	1.0	39.0	0		1.11340610622427	GEM_RT.TGGAGGACAGCACGAA	0.3032726085207701	1.0	0	1.0	2.0	1	True
	81	1.0	118.0	0		1.11340610622427	GEM_RT.CCCTGATAGAGAGGGC	0.3032726085207701	1.0	0	1.0	2.0	1	True
	82	1.0	132.0	0		1.11340610622427	GEM_RT.TCCTCGACAGTTTGGT	0.3032726085207701	1.0	0	1.0	2.0	1	True
	83	1.0	133.0	0		1.11340610622427	GEM_RT.ACCTGTCCACCAGCGT	0.3032726085207701	1.0	0	1.0	2.0	1	True
	84	1.0	74.0	0		1.11340610622427	GEM_RT.CAACCTCTCATTGCCC	0.3032726085207701	1.0	0	1.0	2.0	1	True
	85	1.0	52.0	0		1.11340610622427	GEM_RT.GACCTTCGTCGAGCAA	0.3032726085207701	1.0	0	1.0	2.0	1	True
	86	1.0	58.0	0		1.11340610622427	GEM_RT.CGGGCATGTCACTTAG	0.3032726085207701	1.0	0	1.0	2.0	1	True
	87	1.0	88.0	0		1.11340610622427	GEM_RT.TATTCCAGTGCTAGCC	0.3032726085207701	1.0	0	1.0	2.0	1	True
	88	1.0	141.0	0		1.11340610622427	GEM_RT.GTTCTATAGTGACCTT	0.3032726085207701	1.0	0	1.0	2.0	1	True
	89	1.0	87.0	0		1.11340610622427	GEM_RT.CGCATAACAGTCGGAA	0.3032726085207701	1.0	0	1.0	2.0	1	True
	90	1.0	21.0	0		1.11340610622427	GEM_RT.GTCCTCAGTAGCTAAA	0.3032726085207701	1.0	0	1.0	2.0	1	True
	91	1.0	114.0	0		1.11340610622427	GEM_RT.GAGATGGCATAGATGA	0.3032726085207701	1.0	0	1.0	2.0	1	True
	92	1.0	41.0	0		1.11340610622427	GEM_RT.GGCACGTTCTGTCCGT	0.3032726085207701	1.0	0	1.0	2.0	1	True
	93	1.0	20.0	0		1.11340610622427	GEM_RT.TCAGCCTCAGGACTAG	0.3032726085207701	1.0	0	1.0	2.0	1	True
	94	1.0	110.0	0		1.11340610622427	GEM_RT.TCCCAGTAGAAGCGCT	0.3032726085207701	1.0	0	1.0	2.0	1	True
	95	1.0	85.0	0		1.11340610622427	GEM_RT.CCTCATGCACGGCACT	0.3032726085207701	1.0	0	1.0	2.0	1	True
	96	1.0	4.0	0		1.11340610622427	GEM_RT.CGGCAGTCACCAACAT	0.3032726085207701	1.0	0	1.0	2.0	1	True
	97	1.0	130.0	0		1.11340610622427	GEM_RT.CAACCTCCACCCTAAA	0.3032726085207701	1.0	0	1.0	2.0	1	True
	98	1.0	91.0	0		1.11340610622427	GEM_RT.TGAGCATGTTAAGGAT	0.3032726085207701	1.0	0	1.0	2.0	1	True
	99	1.0	18.0	0		1.11340610622427	GEM_RT.CGTGATAAGCTGTGCC	0.3032726085207701	1.0	0	1.0	2.0	1	True
	100	1.0	16.0	0		1.11340610622427	GEM_RT.AGTGATCGTGCAATAA	0.3032726085207701	1.0	0	1.0	2.0	1	True
	101	1.0	38.0	0		1.11340610622427	GEM_RT.CAGCAATTCTCCTACG	0.3032726085207701	1.0	0	1.0	2.0	1	True
	102	1.0	57.0	0		1.11340610622427	GEM_RT.TCGCTCAAGAACGTGC	0.3032726085207701	1.0	0	1.0	2.0	1	True
	103	1.0	84.0	0		1.11340610622427	GEM_RT.AGGTTACGTGACACAG	0.3032726085207701	1.0	0	1.0	2.0	1	True
	104	1.0	93.0	0		1.11340610622427	GEM_RT.AGGGAGTGTACGTGAG	0.3032726085207701	1.0	0	1.0	2.0	1	True
	105	1.0	36.0	0		1.11340610622427	GEM_RT.CCACCATAGATTAGCA	0.3032726085207701	1.0	0	1.0	2.0	1	True
	106	1.0	129.0	0		1.11340610622427	GEM_RT.CATCGGGGTGAATATG	0.3032726085207701	1.0	0	1.0	2.0	1	True
	107	1.0	122.0	0		1.11340610622427	GEM_RT.CGTGTCTTCGCAGTTA	0.3032726085207701	1.0	0	1.0	2.0	1	True
	108	1.0	45.0	0		1.11340610622427	GEM_RT.TCAGTTTGTTGCCTAA	0.3032726085207701	1.0	0	1.0	2.0	1	True
	109	1.0	61.0	0		1.11340610622427	GEM_RT.CGTTAGACAGGAATCG	0.3032726085207701	1.0	0	1.0	2.0	1	True
	110	1.0	37.0	0		1.11340610622427	GEM_RT.CAGGCCAGTTGTTGAC	0.3032726085207701	1.0	0	1.0	2.0	1	True
	111	1.0	80.0	0		1.11340610622427	GEM_RT.CACTGTCAGTCTTCCC	0.3032726085207701	1.0	0	1.0	2.0	1	True
	112	1.0	59.0	0		1.11340610622427	GEM_RT.CATAAGCGTGTCCCTT	0.3032726085207701	1.0	0	1.0	2.0	1	True
	113	1.0	116.0	0		1.11340610622427	GEM_RT.AGGACGAGTGATTCTG	0.3032726085207701	1.0	0	1.0	2.0	1	True
	114	1.0	86.0	0		1.11340610622427	GEM_RT.CAAGACTGTTCAGCGC	0.3032726085207701	1.0	0	1.0	2.0	1	True
	115	1.0	9.0	0		1.11340610622427	GEM_RT.GATCACAAGGCAGGGA	0.3032726085207701	1.0	0	1.0	2.0	1	True
	116	1.0	143.0	0		1.11340610622427	GEM_RT.CTGTAGATCGTTCTAT	0.3032726085207701	1.0	0	1.0	2.0	1	True
	117	1.0	7.0	0		1.11340610622427	GEM_RT.TCGAAGTTCCATCCGT	0.3032726085207701	1.0	0	1.0	2.0	1	True
	118	1.0	17.0	0		1.11340610622427	GEM_RT.CTGTCGTTCAAGATAG	0.3032726085207701	1.0	0	1.0	2.0	1	True
	119	1.0	124.0	0		1.11340610622427	GEM_RT.GACCGTGAGATCCCGC	0.3032726085207701	1.0	0	1.0	2.0	1	True
	120	1.0	117.0	0		1.11340610622427	GEM_RT.GTGGAGAGTATCCTTT	0.3032726085207701	1.0	0	1.0	2.0	1	True
	121	1.0	3.0	0		1.11340610622427	GEM_RT.AGATCCATCGGCTGAC	0.3032726085207701	1.0	0	1.0	2.0	1	True
	122	1.0	113.0	0		1.11340610622427	GEM_RT.TTACGTTGTAGGCAAC	0.3032726085207701	1.0	0	1.0	2.0	1	True
	123	1.0	56.0	0		1.11340610622427	GEM_RT.AATGGAACACTGCACG	0.3032726085207701	1.0	0	1.0	2.0	1	True
	124	1.0	112.0	0		1.11340610622427	GEM_RT.GCAGGCTTCATTCTTG	0.3032726085207701	1.0	0	1.0	2.0	1	True
	125	1.0	32.0	0		1.11340610622427	GEM_RT.ATTTCTGAGCACTTTG	0.3032726085207701	1.0	0	1.0	2.0	1	True
	126	1.0	98.0	0		1.11340610622427	GEM_RT.AGGTCTACACATGAAA	0.3032726085207701	1.0	0	1.0	2.0	1	True
	127	1.0	144.0	0		1.11340610622427	GEM_RT.GTCACTCTCGGCTGAC	0.3032726085207701	1.0	0	1.0	2.0	1	True
	128	1.0	119.0	0		1.11340610622427	GEM_RT.CATTCTACAGAGTCTT	0.3032726085207701	1.0	0	1.0	2.0	1	True
	129	1.0	139.0	0		1.11340610622427	GEM_RT.CTCCCTCTCACCTTAT	0.3032726085207701	1.0	0	1.0	2.0	1	True
	130	1.0	82.0	0		1.11340610622427	GEM_RT.ACGTACAAGACTTCGT	0.3032726085207701	1.0	0	1.0	2.0	1	True
	131	1.0	128.0	0		1.11340610622427	GEM_RT.CATTCATGTGCTAGCC	0.3032726085207701	1.0	0	1.0	2.0	1	True
	132	1.0	8.0	0		1.11340610622427	GEM_RT.AGTCAACAGTCATGAA	0.3032726085207701	1.0	0	1.0	2.0	1	True
	133	1.0	70.0	0		1.11340610622427	GEM_RT.AATTTCCTCGTGGGAA	0.3032726085207701	1.0	0	1.0	2.0	1	True
	134	1.0	1.0	0		1.11340610622427	GEM_RT.CCACACTGTGACTCGC	0.3032726085207701	1.0	0	1.0	2.0	1	True
	135	1.0	115.0	0		1.11340610622427	GEM_RT.GAAGGGTGTGGTAATA	0.3032726085207701	1.0	0	1.0	2.0	1	True
	136	1.0	81.0	0		1.11340610622427	GEM_RT.TTCTAACAGGGAGGAC	0.3032726085207701	1.0	0	1.0	2.0	1	True
	137	1.0	26.0	0		1.11340610622427	GEM_RT.CGGAATTAGACTACGG	0.3032726085207701	1.0	0	1.0	2.0	1	True
	138	1.0	46.0	0		1.11340610622427	GEM_RT.CATGCGGTCGCCCAGA	0.3032726085207701	1.0	0	1.0	2.0	1	True
	139	1.0	71.0	0		1.11340610622427	GEM_RT.TCCCACAAGTTACGTC	0.3032726085207701	1.0	0	1.0	2.0	1	True
	140	1.0	53.0	0		1.11340610622427	GEM_RT.CCACTTGCAGTTGTTG	0.3032726085207701	1.0	0	1.0	2.0	1	True
	141	1.0	68.0	0		1.11340610622427	GEM_RT.GTGATGTCAGCTATAC	0.3032726085207701	1.0	0	1.0	2.0	1	True
	142	1.0	140.0	0		1.11340610622427	GEM_RT.CATGAGTAGGTTACAA	0.3032726085207701	1.0	0	1.0	2.0	1	True
	143	1.0	42.0	0		1.11340610622427	GEM_RT.GGGTTTAAGGCACAAC	0.3032726085207701	1.0	0	1.0	2.0	1	True
	144	1.0	136.0	0		1.11340610622427	GEM_RT.GTAGGTTGTCCACGCA	0.3032726085207701	1.0	0	1.0	2.0	1	True
	145	1.0	14.0	0		1.11340610622427	GEM_RT.ATTCACTCAGCAGGAT	0.3032726085207701	1.0	0	1.0	2.0	1	True
	146	1.0	75.0	0		1.11340610622427	GEM_RT.GAAGTAAAGAGCAACC	0.3032726085207701	1.0	0	1.0	2.0	1	True
	147	1.0	73.0	0		1.11340610622427	GEM_RT.AGGATAAGTCACAATC	0.3032726085207701	1.0	0	1.0	2.0	1	True
	148	1.0	95.0	0		1.11340610622427	GEM_RT.AGGGTTTTCTATACGG	0.3032726085207701	1.0	0	1.0	2.0	1	True
	149	1.0	111.0	0		1.11340610622427	GEM_RT.GAATAGAGTCGCGTCA	0.3032726085207701	1.0	0	1.0	2.0	1	True
	150	1.0	126.0	0		1.11340610622427	GEM_RT.CGAGAAGAGAGATTCA	0.3032726085207701	1.0	0	1.0	2.0	1	True
	151	1.0	60.0	0		1.11340610622427	GEM_RT.AGCGTCGAGGAATCGC	0.3032726085207701	1.0	0	1.0	2.0	1	True
	152	1.0	94.0	0		1.11340610622427	GEM_RT.CCACTTGTCCGAACGC	0.3032726085207701	1.0	0	1.0	2.0	1	True
	153	1.0	33.0	0		1.11340610622427	GEM_RT.GTTGCGGGTCTTCGAA	0.3032726085207701	1.0	0	1.0	2.0	1	True
	154	1.0	11.0	0		1.11340610622427	GEM_RT.CAATCGAGTCACATTG	0.3032726085207701	1.0	0	1.0	2.0	1	True
	155	1.0	64.0	0		1.11340610622427	GEM_RT.GGAGAACAGTTGGAGC	0.3032726085207701	1.0	0	1.0	2.0	1	True
