name_tree	id_node	dist	rank	num_descendants	expansion_score	var_fitness	name	mean_fitness	support	num_children	depth_normalized	depth	num_leaf_descendants	is_leaf
	0	0.0		64					1.0	4	0.0	0.0	53	False
	1	1.0	42.0	0		0.9008743030183319	GEM_RT.GCATGATCACGCTATA	1.037495636741218	1.0	0	0.25	1.0	1	True
	2	1.0	12.0	5	-0.009938834842697275	0.1363148108090595	_1	2.1996202123201627	1.0	2	0.25	1.0	4	False
	3	1.0	7.0	20	-0.0015722107611459354	0.09363265191630532	_2	2.405799257010598	1.0	3	0.25	1.0	18	False
	4	1.0	4.0	35	-0.008580610018647492	0.052632148919357746	_3	2.7445340499952997	1.0	8	0.25	1.0	30	False
	5	1.0	51.0	0		0.9545638457553118	GEM_RT.TAATTCCTCCACGAAT	0.6777013187350264	1.0	0	0.5	2.0	1	True
	6	1.0	6.0	3	-0.010075918719985961	0.1441224944664139	_5	2.462198625266851	1.0	3	0.5	2.0	3	False
	7	1.0	46.0	0		0.9142875954948912	GEM_RT.AGTACCATCCATCTAT	0.8508661312443628	1.0	0	0.5	2.0	1	True
	8	1.0	11.0	2	-0.011180313696579758	0.20543484563769354	_7	2.2012334797124806	1.0	2	0.5	2.0	2	False
	9	1.0	1.0	15	-0.002497574321026782	0.03347181325057669	_8	3.110284579812795	1.0	15	0.5	2.0	15	False
	10	1.0	38.0	0		0.8735071793648046	GEM_RT.CCGGACAAGTGAGTGC	1.1191385681608261	1.0	0	0.5	2.0	1	True
	11	1.0	37.0	0		0.8735071793648046	GEM_RT.CTCAACCGTTCGAAGG	1.1191385681608261	1.0	0	0.5	2.0	1	True
	12	1.0	39.0	0		0.8735071793648046	GEM_RT.GGGTTTAGTGCATCTA	1.1191385681608261	1.0	0	0.5	2.0	1	True
	13	1.0	41.0	0		0.8735071793648046	GEM_RT.AGGGCCTAGTGCTCAT	1.1191385681608261	1.0	0	0.5	2.0	1	True
	14	1.0	40.0	0		0.8735071793648046	GEM_RT.TTGCATTCAATATCCG	1.1191385681608261	1.0	0	0.5	2.0	1	True
	15	1.0	9.0	2	-0.011180313696579758	0.19928227496415385	_14	2.2407576916702707	1.0	2	0.5	2.0	2	False
	16	1.0	10.0	9	-0.012455244131241293	0.13428921260581106	_15	2.2359305378974383	1.0	2	0.5	2.0	8	False
	17	1.0	8.0	16	-0.012455244131241293	0.13399432050451754	_16	2.2488933558697326	1.0	2	0.5	2.0	15	False
	18	1.0	44.0	0		0.9449492206711472	GEM_RT.CACTTCGTCCGTGGGT	0.8923811117272726	1.0	0	0.75	3.0	1	True
	19	1.0	43.0	0		0.9449492206711472	GEM_RT.CAAGGGATCCGATCTC	0.8923811117272726	1.0	0	0.75	3.0	1	True
	20	1.0	45.0	0		0.9449492206711472	GEM_RT.TACACCCTCGGCCAAC	0.8923811117272726	1.0	0	0.75	3.0	1	True
	21	1.0	52.0	0		1.0038868779176253	GEM_RT.TTCGATTTCCCATGGG	0.6744494965318438	1.0	0	0.75	3.0	1	True
	22	1.0	53.0	0		1.0038868779176253	GEM_RT.CCTTGTGAGTATGCAA	0.6744494965318438	1.0	0	0.75	3.0	1	True
	23	1.0	11.0	0		0.8506394344975925	GEM_RT.GTGTCCTAGCTCGCAC	1.38620379865757	1.0	0	0.75	3.0	1	True
	24	1.0	4.0	0		0.8506394344975925	GEM_RT.CTTCGGTGTTTACACG	1.38620379865757	1.0	0	0.75	3.0	1	True
	25	1.0	3.0	0		0.8506394344975925	GEM_RT.AGCGCCAAGGGAGGAC	1.38620379865757	1.0	0	0.75	3.0	1	True
	26	1.0	12.0	0		0.8506394344975925	GEM_RT.AATGAAGGTTGTACGT	1.38620379865757	1.0	0	0.75	3.0	1	True
	27	1.0	15.0	0		0.8506394344975925	GEM_RT.TTGGGTAGTCTAGGTT	1.38620379865757	1.0	0	0.75	3.0	1	True
	28	1.0	1.0	0		0.8506394344975925	GEM_RT.TGTTCATGTACGTGTT	1.38620379865757	1.0	0	0.75	3.0	1	True
	29	1.0	13.0	0		0.8506394344975925	GEM_RT.TATTGCTAGACGCAGT	1.38620379865757	1.0	0	0.75	3.0	1	True
	30	1.0	7.0	0		0.8506394344975925	GEM_RT.CTCAGTCTCATCTACT	1.38620379865757	1.0	0	0.75	3.0	1	True
	31	1.0	14.0	0		0.8506394344975925	GEM_RT.TCATGGAGTTGGTGTT	1.38620379865757	1.0	0	0.75	3.0	1	True
	32	1.0	10.0	0		0.8506394344975925	GEM_RT.TGGTGATTCGGCATCG	1.38620379865757	1.0	0	0.75	3.0	1	True
	33	1.0	9.0	0		0.8506394344975925	GEM_RT.CGCCAGAGTGAGAACC	1.38620379865757	1.0	0	0.75	3.0	1	True
	34	1.0	2.0	0		0.8506394344975925	GEM_RT.TAGAGTCCACGGCACT	1.38620379865757	1.0	0	0.75	3.0	1	True
	35	1.0	6.0	0		0.8506394344975925	GEM_RT.ACCTGTCAGCAAATGT	1.38620379865757	1.0	0	0.75	3.0	1	True
	36	1.0	8.0	0		0.8506394344975925	GEM_RT.CTACATTAGAAAGCGA	1.38620379865757	1.0	0	0.75	3.0	1	True
	37	1.0	5.0	0		0.8506394344975925	GEM_RT.GCTTCACCAGCTCCTT	1.38620379865757	1.0	0	0.75	3.0	1	True
	38	1.0	49.0	0		0.9968083553528946	GEM_RT.GACTGATGTGCTATTG	0.7078000948324221	1.0	0	0.75	3.0	1	True
	39	1.0	50.0	0		0.9968083553528946	GEM_RT.GTGCTTCCACAGACGA	0.7078000948324221	1.0	0	0.75	3.0	1	True
	40	1.0	48.0	0		0.9510020702036801	GEM_RT.TTGTTTGCAATAACCC	0.7082122934209469	1.0	0	0.75	3.0	1	True
	41	1.0	3.0	7	-0.013963166781416854	0.06615811229283608	_40	2.891082498747144	1.0	7	0.75	3.0	7	False
	42	1.0	47.0	0		0.9500225071382319	GEM_RT.AGAGAGCGTTTGAACC	0.7190292156867639	1.0	0	0.75	3.0	1	True
	43	1.0	2.0	14	-0.013963166781416854	0.03560172185889954	_42	3.0929820726782884	1.0	14	0.75	3.0	14	False
	44	1.0	32.0	0		0.875364211462192	GEM_RT.GTCTGTCTCTAGGCCG	1.2270127451180923	1.0	0	1.0	4.0	1	True
	45	1.0	33.0	0		0.875364211462192	GEM_RT.TAGACCAAGACCAGCA	1.2270127451180923	1.0	0	1.0	4.0	1	True
	46	1.0	35.0	0		0.875364211462192	GEM_RT.CCCATTGAGGGAGTGG	1.2270127451180923	1.0	0	1.0	4.0	1	True
	47	1.0	36.0	0		0.875364211462192	GEM_RT.CTCAGGGCAACGTTAC	1.2270127451180923	1.0	0	1.0	4.0	1	True
	48	1.0	31.0	0		0.875364211462192	GEM_RT.GAATCACGTAATTGGA	1.2270127451180923	1.0	0	1.0	4.0	1	True
	49	1.0	30.0	0		0.875364211462192	GEM_RT.CTACCTGCAGTATTCG	1.2270127451180923	1.0	0	1.0	4.0	1	True
	50	1.0	34.0	0		0.875364211462192	GEM_RT.TACAGGTTCCTCGCAT	1.2270127451180923	1.0	0	1.0	4.0	1	True
	51	1.0	17.0	0		0.8522105751482374	GEM_RT.GAGACCCTCTACCAGA	1.3739406654463546	1.0	0	1.0	4.0	1	True
	52	1.0	27.0	0		0.8522105751482374	GEM_RT.CCTAACCAGCAATAGT	1.3739406654463546	1.0	0	1.0	4.0	1	True
	53	1.0	28.0	0		0.8522105751482374	GEM_RT.AGATGCTTCAAGAATG	1.3739406654463546	1.0	0	1.0	4.0	1	True
	54	1.0	20.0	0		0.8522105751482374	GEM_RT.AGTTAGCTCTCAGTCC	1.3739406654463546	1.0	0	1.0	4.0	1	True
	55	1.0	22.0	0		0.8522105751482374	GEM_RT.CGTGTCTGTCATATGC	1.3739406654463546	1.0	0	1.0	4.0	1	True
	56	1.0	23.0	0		0.8522105751482374	GEM_RT.CTGTGGGTCAAGAAAC	1.3739406654463546	1.0	0	1.0	4.0	1	True
	57	1.0	21.0	0		0.8522105751482374	GEM_RT.TGAATGCAGGCAGCTA	1.3739406654463546	1.0	0	1.0	4.0	1	True
	58	1.0	29.0	0		0.8522105751482374	GEM_RT.CATGGATCAACTGCCG	1.3739406654463546	1.0	0	1.0	4.0	1	True
	59	1.0	24.0	0		0.8522105751482374	GEM_RT.GGATCTAAGCGTTCAT	1.3739406654463546	1.0	0	1.0	4.0	1	True
	60	1.0	19.0	0		0.8522105751482374	GEM_RT.TTGTTTGGTCTTGGTA	1.3739406654463546	1.0	0	1.0	4.0	1	True
	61	1.0	26.0	0		0.8522105751482374	GEM_RT.CGCAGGTTCAACCTCC	1.3739406654463546	1.0	0	1.0	4.0	1	True
	62	1.0	25.0	0		0.8522105751482374	GEM_RT.ACTTCGCAGAGAGTTT	1.3739406654463546	1.0	0	1.0	4.0	1	True
	63	1.0	16.0	0		0.8522105751482374	GEM_RT.CGTAAGTTCGACGCTG	1.3739406654463546	1.0	0	1.0	4.0	1	True
	64	1.0	18.0	0		0.8522105751482374	GEM_RT.CTACCTGGTAGGACCA	1.3739406654463546	1.0	0	1.0	4.0	1	True
