name_tree	id_node	dist	rank	num_descendants	expansion_score	var_fitness	name	mean_fitness	support	num_children	depth_normalized	depth	num_leaf_descendants	is_leaf
	0	0.0		34					1.0	28	0.0	0.0	31	False
	1	1.0	11.0	0		1.1109478951758294	GEM_RT.TTGAGTGTCTTTGCGC	0.31083497650522685	1.0	0	0.5	1.0	1	True
	2	1.0	18.0	0		1.1109478951758294	GEM_RT.AGGTCTATCACTCACC	0.31083497650522685	1.0	0	0.5	1.0	1	True
	3	1.0	15.0	0		1.1109478951758294	GEM_RT.TCCTTTCGTAGTTACC	0.31083497650522685	1.0	0	0.5	1.0	1	True
	4	1.0	2.0	0		1.1109478951758294	GEM_RT.TTGGGTAAGGGTGAAA	0.31083497650522685	1.0	0	0.5	1.0	1	True
	5	1.0	1.0	0		1.1109478951758294	GEM_RT.TGGATGTTCACGTCCT	0.31083497650522685	1.0	0	0.5	1.0	1	True
	6	1.0	4.0	0		1.1109478951758294	GEM_RT.GTGACGCAGTTGTCGT	0.31083497650522685	1.0	0	0.5	1.0	1	True
	7	1.0	23.0	0		1.1109478951758294	GEM_RT.TGAGGAGTCAAACGTC	0.31083497650522685	1.0	0	0.5	1.0	1	True
	8	1.0	10.0	0		1.1109478951758294	GEM_RT.GTTACCCCATCACCAA	0.31083497650522685	1.0	0	0.5	1.0	1	True
	9	1.0	13.0	0		1.1109478951758294	GEM_RT.AGGGTTTGTCAGACGA	0.31083497650522685	1.0	0	0.5	1.0	1	True
	10	1.0	16.0	0		1.1109478951758294	GEM_RT.ATTTACCAGCGCCATC	0.31083497650522685	1.0	0	0.5	1.0	1	True
	11	1.0	14.0	0		1.1109478951758294	GEM_RT.TCGCACTCAAAGAACT	0.31083497650522685	1.0	0	0.5	1.0	1	True
	12	1.0	21.0	0		1.1109478951758294	GEM_RT.GTTGTGACATACACCA	0.31083497650522685	1.0	0	0.5	1.0	1	True
	13	1.0	9.0	0		1.1109478951758294	GEM_RT.CGCCAGAGTAACATGA	0.31083497650522685	1.0	0	0.5	1.0	1	True
	14	1.0	19.0	0		1.1109478951758294	GEM_RT.ATCACTTGTCACCGCA	0.31083497650522685	1.0	0	0.5	1.0	1	True
	15	1.0	8.0	0		1.1109478951758294	GEM_RT.CTCCTCCCATCATTTC	0.31083497650522685	1.0	0	0.5	1.0	1	True
	16	1.0	5.0	0		1.1109478951758294	GEM_RT.CTAACCCTCCACGTAA	0.31083497650522685	1.0	0	0.5	1.0	1	True
	17	1.0	6.0	0		1.1109478951758294	GEM_RT.TCCCACAGTGCCTGAC	0.31083497650522685	1.0	0	0.5	1.0	1	True
	18	1.0	3.0	0		1.1109478951758294	GEM_RT.AGGGAGTAGTTTAGGA	0.31083497650522685	1.0	0	0.5	1.0	1	True
	19	1.0	24.0	0		1.1109478951758294	GEM_RT.GTGAGCCCACTTTAGG	0.31083497650522685	1.0	0	0.5	1.0	1	True
	20	1.0	22.0	0		1.1109478951758294	GEM_RT.TATCCTACAACAACAA	0.31083497650522685	1.0	0	0.5	1.0	1	True
	21	1.0	25.0	0		1.1109478951758294	GEM_RT.GGGACTCCATTAAAGG	0.31083497650522685	1.0	0	0.5	1.0	1	True
	22	1.0	12.0	0		1.1109478951758294	GEM_RT.TGCATGACATTGCCGG	0.31083497650522685	1.0	0	0.5	1.0	1	True
	23	1.0	7.0	0		1.1109478951758294	GEM_RT.ACTTAGGGTGCATACT	0.31083497650522685	1.0	0	0.5	1.0	1	True
	24	1.0	17.0	0		1.1109478951758294	GEM_RT.GCGAGAAGTACGGATG	0.31083497650522685	1.0	0	0.5	1.0	1	True
	25	1.0	20.0	0		1.1109478951758294	GEM_RT.CAGGGCTGTTTAGAGA	0.31083497650522685	1.0	0	0.5	1.0	1	True
	26	1.0	4.0	2	-0.00134718757084816	0.11830119865521205	_25	2.0580856620922705	1.0	2	0.5	1.0	2	False
	27	1.0	3.0	2	-0.00134718757084816	0.11830119865521205	_26	2.0580856620922705	1.0	2	0.5	1.0	2	False
	28	1.0	2.0	2	-0.00134718757084816	0.11830119865521205	_27	2.0580856620922705	1.0	2	0.5	1.0	2	False
	29	1.0	30.0	0		1.1526757690112022	GEM_RT.CCGGGTATCGGAGTAG	0.15181775584548557	1.0	0	1.0	2.0	1	True
	30	1.0	27.0	0		1.1526757690112022	GEM_RT.AGGTTACAGCACCGAA	0.15181775584548557	1.0	0	1.0	2.0	1	True
	31	1.0	29.0	0		1.1526757690112022	GEM_RT.TTGGTTTAGTGATTCC	0.15181775584548557	1.0	0	1.0	2.0	1	True
	32	1.0	31.0	0		1.1526757690112022	GEM_RT.TTCCGTGAGGTACATA	0.15181775584548557	1.0	0	1.0	2.0	1	True
	33	1.0	26.0	0		1.1526757690112022	GEM_RT.TTGGATGTCACTACTT	0.15181775584548557	1.0	0	1.0	2.0	1	True
	34	1.0	28.0	0		1.1526757690112022	GEM_RT.CTAGACAAGTCGGGAT	0.15181775584548557	1.0	0	1.0	2.0	1	True
