name_tree	id_node	dist	rank	num_descendants	expansion_score	var_fitness	name	mean_fitness	support	num_children	depth_normalized	depth	num_leaf_descendants	is_leaf
	0	0.0		85					1.0	2	0.0	0.0	66	False
	1	1.0	18.0	2	-0.025470896352720356	0.2167899987884221	_0	2.218786088631392	1.0	2	0.2	1.0	2	False
	2	1.0	7.0	81	0.000648906930342363	0.04640701999941754	_1	2.6287620196672283	1.0	7	0.2	1.0	64	False
	3	1.0	61.0	0		0.9946081602499506	GEM_RT.GGGATGACACGCCAGT	0.722521006634716	1.0	0	0.4	2.0	1	True
	4	1.0	62.0	0		0.9946081602499506	GEM_RT.CTTAGGAAGTACTGTC	0.722521006634716	1.0	0	0.4	2.0	1	True
	5	1.0	38.0	0		0.8537497116849289	GEM_RT.TCCCACATCTTGTTAC	1.075449227346545	1.0	0	0.4	2.0	1	True
	6	1.0	10.0	3	-0.022945005483478016	0.14760262879963637	_5	2.5253389623610016	1.0	3	0.4	2.0	3	False
	7	1.0	15.0	5	-0.02015817682712226	0.1170523848833609	_6	2.417140687367909	1.0	3	0.4	2.0	4	False
	8	1.0	14.0	5	-0.02015817682712226	0.1170523848833609	_7	2.417140687367909	1.0	3	0.4	2.0	4	False
	9	1.0	9.0	6	-0.019656179110488715	0.09951409522099652	_8	2.5802779500648283	1.0	4	0.4	2.0	5	False
	10	1.0	2.0	22	-0.008879471986662509	0.05089066962228195	_9	3.025203630408378	1.0	10	0.4	2.0	21	False
	11	1.0	3.0	33	-0.009981806108072937	0.05170684302276296	_10	2.7677350109578356	1.0	8	0.4	2.0	26	False
	12	1.0	45.0	0		0.9265325113718957	GEM_RT.GTGACGCAGTCTTCCC	0.9841315409896743	1.0	0	0.6	3.0	1	True
	13	1.0	46.0	0		0.9265325113718957	GEM_RT.GATCCCTAGTTGCTGT	0.9841315409896743	1.0	0	0.6	3.0	1	True
	14	1.0	47.0	0		0.9265325113718957	GEM_RT.CCGAACGGTACCTAGT	0.9841315409896743	1.0	0	0.6	3.0	1	True
	15	1.0	55.0	0		0.9106400329280143	GEM_RT.CAATTTCGTACAATAG	0.8967761717564369	1.0	0	0.6	3.0	1	True
	16	1.0	56.0	0		0.9106400329280143	GEM_RT.TGTTCCGTCGTTCTAT	0.8967761717564369	1.0	0	0.6	3.0	1	True
	17	1.0	19.0	2	-0.021423110047502754	0.21656707957633436	_16	2.215781565701151	1.0	2	0.6	3.0	2	False
	18	1.0	53.0	0		0.9106400329280143	GEM_RT.CATACCCAGAAGGGAT	0.8967761717564369	1.0	0	0.6	3.0	1	True
	19	1.0	54.0	0		0.9106400329280143	GEM_RT.CTGCGAGCACTAAACC	0.8967761717564369	1.0	0	0.6	3.0	1	True
	20	1.0	20.0	2	-0.021423110047502754	0.21656707957633436	_19	2.215781565701151	1.0	2	0.6	3.0	2	False
	21	1.0	44.0	0		0.8907515194916953	GEM_RT.GGTCTGGGTGGTCTCG	1.0323246563002282	1.0	0	0.6	3.0	1	True
	22	1.0	43.0	0		0.8907515194916953	GEM_RT.TGCAGGCAGGAAGAAC	1.0323246563002282	1.0	0	0.6	3.0	1	True
	23	1.0	42.0	0		0.8907515194916953	GEM_RT.AAACGCTAGGGACCAT	1.0323246563002282	1.0	0	0.6	3.0	1	True
	24	1.0	17.0	2	-0.021423110047502754	0.2127363823556241	_23	2.2384433253923026	1.0	2	0.6	3.0	2	False
	25	1.0	20.0	0		0.8430400018396058	GEM_RT.ATGGGAGAGGTCCGAA	1.3823477863983822	1.0	0	0.6	3.0	1	True
	26	1.0	17.0	0		0.8430400018396058	GEM_RT.CATGAGTCACTTGACA	1.3823477863983822	1.0	0	0.6	3.0	1	True
	27	1.0	15.0	0		0.8430400018396058	GEM_RT.ACGCACGAGATGAACT	1.3823477863983822	1.0	0	0.6	3.0	1	True
	28	1.0	16.0	0		0.8430400018396058	GEM_RT.TCTGTCGGTGCCTTTC	1.3823477863983822	1.0	0	0.6	3.0	1	True
	29	1.0	21.0	0		0.8430400018396058	GEM_RT.TCTTTGAAGAAGAACG	1.3823477863983822	1.0	0	0.6	3.0	1	True
	30	1.0	19.0	0		0.8430400018396058	GEM_RT.AAGCGTTCAATCCAGT	1.3823477863983822	1.0	0	0.6	3.0	1	True
	31	1.0	14.0	0		0.8430400018396058	GEM_RT.CCGATGGGTTCGGTCG	1.3823477863983822	1.0	0	0.6	3.0	1	True
	32	1.0	13.0	0		0.8430400018396058	GEM_RT.GTGGCGTAGAGGATGA	1.3823477863983822	1.0	0	0.6	3.0	1	True
	33	1.0	18.0	0		0.8430400018396058	GEM_RT.TCGGTCTCACTGTCCT	1.3823477863983822	1.0	0	0.6	3.0	1	True
	34	1.0	1.0	12	-0.012750221675313483	0.04294724086291701	_33	3.1362679423018127	1.0	12	0.6	3.0	12	False
	35	1.0	25.0	0		0.8521496712727772	GEM_RT.GAGAGGTTCGCCTATC	1.1854157100180645	1.0	0	0.6	3.0	1	True
	36	1.0	22.0	0		0.8521496712727772	GEM_RT.TCTGGCTAGATAGGGA	1.1854157100180645	1.0	0	0.6	3.0	1	True
	37	1.0	23.0	0		0.8521496712727772	GEM_RT.AAATGGATCGTGTGAT	1.1854157100180645	1.0	0	0.6	3.0	1	True
	38	1.0	24.0	0		0.8521496712727772	GEM_RT.GGTAACTTCACTCACC	1.1854157100180645	1.0	0	0.6	3.0	1	True
	39	1.0	5.0	4	-0.01896665322971947	0.11358506732760176	_38	2.7055780989844758	1.0	4	0.6	3.0	4	False
	40	1.0	8.0	6	-0.020117915984255552	0.09954940494035647	_39	2.5885274190401626	1.0	4	0.6	3.0	5	False
	41	1.0	12.0	6	-0.021423110047502754	0.11610247057393774	_40	2.4430149223819386	1.0	3	0.6	3.0	5	False
	42	1.0	4.0	9	-0.01896665322971947	0.08622142788348608	_41	2.723710693523393	1.0	5	0.6	3.0	8	False
	43	1.0	63.0	0		0.9946313150494914	GEM_RT.TTGCGTCTCTGCCTCA	0.7199557430608867	1.0	0	0.8	4.0	1	True
	44	1.0	65.0	0		0.9946313150494914	GEM_RT.GTAACACGTGAGACGT	0.7199557430608867	1.0	0	0.8	4.0	1	True
	45	1.0	64.0	0		0.9946313150494914	GEM_RT.CCATCACGTCAGCTTA	0.7199557430608867	1.0	0	0.8	4.0	1	True
	46	1.0	66.0	0		0.9946313150494914	GEM_RT.TTGCATTGTGAACTAA	0.7199557430608867	1.0	0	0.8	4.0	1	True
	47	1.0	59.0	0		0.9903493489764736	GEM_RT.CTTGATTAGGACTTCT	0.7395934130076567	1.0	0	0.8	4.0	1	True
	48	1.0	60.0	0		0.9903493489764736	GEM_RT.GGGATGAGTATTGCCA	0.7395934130076567	1.0	0	0.8	4.0	1	True
	49	1.0	2.0	0		0.8353680820797615	GEM_RT.TCATGTTGTTGGTGTT	1.4648910876091357	1.0	0	0.8	4.0	1	True
	50	1.0	8.0	0		0.8353680820797615	GEM_RT.GGTAACTGTCACGTGC	1.4648910876091357	1.0	0	0.8	4.0	1	True
	51	1.0	3.0	0		0.8353680820797615	GEM_RT.AGTGATCAGTCGAAGC	1.4648910876091357	1.0	0	0.8	4.0	1	True
	52	1.0	4.0	0		0.8353680820797615	GEM_RT.GTCATTTTCCGAGCTG	1.4648910876091357	1.0	0	0.8	4.0	1	True
	53	1.0	9.0	0		0.8353680820797615	GEM_RT.GACCGTGGTTGTATGC	1.4648910876091357	1.0	0	0.8	4.0	1	True
	54	1.0	7.0	0		0.8353680820797615	GEM_RT.GAGGCAAGTACCAATC	1.4648910876091357	1.0	0	0.8	4.0	1	True
	55	1.0	1.0	0		0.8353680820797615	GEM_RT.GGTCTGGAGCAACCAG	1.4648910876091357	1.0	0	0.8	4.0	1	True
	56	1.0	5.0	0		0.8353680820797615	GEM_RT.AACCTGATCCGAGATT	1.4648910876091357	1.0	0	0.8	4.0	1	True
	57	1.0	12.0	0		0.8353680820797615	GEM_RT.TACTTGTTCTATGCCC	1.4648910876091357	1.0	0	0.8	4.0	1	True
	58	1.0	6.0	0		0.8353680820797615	GEM_RT.TAGACCATCTCGAACA	1.4648910876091357	1.0	0	0.8	4.0	1	True
	59	1.0	11.0	0		0.8353680820797615	GEM_RT.GGCGTCAGTCGCTCGA	1.4648910876091357	1.0	0	0.8	4.0	1	True
	60	1.0	10.0	0		0.8353680820797615	GEM_RT.TCGGGCAAGCTGGTGA	1.4648910876091357	1.0	0	0.8	4.0	1	True
	61	1.0	31.0	0		0.8942170926285518	GEM_RT.GTTAGTGGTATCGAGT	1.1318354243384117	1.0	0	0.8	4.0	1	True
	62	1.0	30.0	0		0.8942170926285518	GEM_RT.GTTAGTGGTATCGAGG	1.1318354243384117	1.0	0	0.8	4.0	1	True
	63	1.0	33.0	0		0.8942170926285518	GEM_RT.GTTAGTGGTATCGAGA	1.1318354243384117	1.0	0	0.8	4.0	1	True
	64	1.0	32.0	0		0.8942170926285518	GEM_RT.AGAGCAGCAGTCGAGA	1.1318354243384117	1.0	0	0.8	4.0	1	True
	65	1.0	40.0	0		0.8903742326539987	GEM_RT.GTCCCATTCCGCCTAT	1.0390117210192784	1.0	0	0.8	4.0	1	True
	66	1.0	41.0	0		0.8903742326539987	GEM_RT.ATCCATTCAAAGCGTG	1.0390117210192784	1.0	0	0.8	4.0	1	True
	67	1.0	39.0	0		0.8903742326539987	GEM_RT.GAAACCTGTGTAAACA	1.0390117210192784	1.0	0	0.8	4.0	1	True
	68	1.0	16.0	2	-0.024711936420492055	0.212582611694196	_67	2.239551120322516	1.0	2	0.8	4.0	2	False
	69	1.0	51.0	0		0.9086106757492296	GEM_RT.CTCAACCCAAGGTACG	0.9183884251417395	1.0	0	0.8	4.0	1	True
	70	1.0	52.0	0		0.9086106757492296	GEM_RT.CATCAAGTCAGGAAGC	0.9183884251417395	1.0	0	0.8	4.0	1	True
	71	1.0	11.0	3	-0.024711936420492055	0.14995099137666745	_70	2.507921888180483	1.0	3	0.8	4.0	3	False
	72	1.0	29.0	0		0.8755728769767452	GEM_RT.GTCAAACAGCTCATAC	1.1481952693709048	1.0	0	0.8	4.0	1	True
	73	1.0	28.0	0		0.8755728769767452	GEM_RT.AACCAACAGCATCCTA	1.1481952693709048	1.0	0	0.8	4.0	1	True
	74	1.0	27.0	0		0.8755728769767452	GEM_RT.TGAGGAGGTCTTTCTA	1.1481952693709048	1.0	0	0.8	4.0	1	True
	75	1.0	26.0	0		0.8755728769767452	GEM_RT.TGACAGTGTCCGGATC	1.1481952693709048	1.0	0	0.8	4.0	1	True
	76	1.0	6.0	4	-0.024711936420492055	0.11394772417561949	_75	2.7025683368879574	1.0	4	0.8	4.0	4	False
	77	1.0	58.0	0		0.9901650746248991	GEM_RT.TATCTTGAGGTTCTAC	0.7405499895369677	1.0	0	1.0	5.0	1	True
	78	1.0	57.0	0		0.9901650746248991	GEM_RT.TCAATTCCAACCGCTG	0.7405499895369677	1.0	0	1.0	5.0	1	True
	79	1.0	50.0	0		0.9291724603953487	GEM_RT.CCGGGTATCACCTCAC	0.9696893116144671	1.0	0	1.0	5.0	1	True
	80	1.0	49.0	0		0.9291724603953487	GEM_RT.CAAGACTCATGGGTCC	0.9696893116144671	1.0	0	1.0	5.0	1	True
	81	1.0	48.0	0		0.9291724603953487	GEM_RT.CAGCGTGAGTCTGGAG	0.9696893116144671	1.0	0	1.0	5.0	1	True
	82	1.0	34.0	0		0.8946046461521346	GEM_RT.TGCTCCAAGAAAGTCT	1.1294214069532489	1.0	0	1.0	5.0	1	True
	83	1.0	36.0	0		0.8946046461521346	GEM_RT.ACCCTCACAAAGGCGT	1.1294214069532489	1.0	0	1.0	5.0	1	True
	84	1.0	37.0	0		0.8946046461521346	GEM_RT.ACGTCCTCAGCTTTGA	1.1294214069532489	1.0	0	1.0	5.0	1	True
	85	1.0	35.0	0		0.8946046461521346	GEM_RT.TCAGGTACACGAGGAT	1.1294214069532489	1.0	0	1.0	5.0	1	True
