name_tree	id_node	dist	rank	num_descendants	expansion_score	var_fitness	name	mean_fitness	support	num_children	depth_normalized	depth	num_leaf_descendants	is_leaf
	0	0.0		69					1.0	3	0.0	0.0	66	False
	1	1.0	4.0	2	0.0	0.13446072429184852	_0	2.0907532756560916	1.0	2	0.5	1.0	2	False
	2	1.0	3.0	4	0.0	0.07397377632673674	_1	2.3933329776963723	1.0	4	0.5	1.0	4	False
	3	1.0	1.0	60	0.0	0.0033051565725594756	_2	2.763494566501524	1.0	60	0.5	1.0	60	False
	4	1.0	66.0	0		1.1072988390556415	GEM_RT.TGCATCCCAATGTTGC	0.2917864983355961	1.0	0	1.0	2.0	1	True
	5	1.0	65.0	0		1.1072988390556415	GEM_RT.ATCTCTATCCCTCAAC	0.2917864983355961	1.0	0	1.0	2.0	1	True
	6	1.0	63.0	0		1.0675520392772286	GEM_RT.CGGGTCATCCTAACAG	0.439556242421566	1.0	0	1.0	2.0	1	True
	7	1.0	62.0	0		1.0675520392772286	GEM_RT.ATGGATCTCTGCATAG	0.439556242421566	1.0	0	1.0	2.0	1	True
	8	1.0	61.0	0		1.0675520392772286	GEM_RT.TCATGCCCAGCTGGTC	0.439556242421566	1.0	0	1.0	2.0	1	True
	9	1.0	64.0	0		1.0675520392772286	GEM_RT.TTGTGTTCATCACCAA	0.439556242421566	1.0	0	1.0	2.0	1	True
	10	1.0	24.0	0		1.0332585531917067	GEM_RT.ATTGTTCAGGACAACC	0.5939854111749121	1.0	0	1.0	2.0	1	True
	11	1.0	40.0	0		1.0332585531917067	GEM_RT.TAGGAGGTCAAGTTGC	0.5939854111749121	1.0	0	1.0	2.0	1	True
	12	1.0	41.0	0		1.0332585531917067	GEM_RT.AATGCCAAGTAGTCAA	0.5939854111749121	1.0	0	1.0	2.0	1	True
	13	1.0	3.0	0		1.0332585531917067	GEM_RT.AGAAGTACACATACTG	0.5939854111749121	1.0	0	1.0	2.0	1	True
	14	1.0	53.0	0		1.0332585531917067	GEM_RT.TGATGCACAGGCACTC	0.5939854111749121	1.0	0	1.0	2.0	1	True
	15	1.0	16.0	0		1.0332585531917067	GEM_RT.GACTCAATCACAAGAA	0.5939854111749121	1.0	0	1.0	2.0	1	True
	16	1.0	27.0	0		1.0332585531917067	GEM_RT.ACTTTCAGTATACCCA	0.5939854111749121	1.0	0	1.0	2.0	1	True
	17	1.0	18.0	0		1.0332585531917067	GEM_RT.CTTGATTCATGTCTAG	0.5939854111749121	1.0	0	1.0	2.0	1	True
	18	1.0	57.0	0		1.0332585531917067	GEM_RT.TGTGAGTAGGCACGAT	0.5939854111749121	1.0	0	1.0	2.0	1	True
	19	1.0	7.0	0		1.0332585531917067	GEM_RT.CCACAAACACACGTGC	0.5939854111749121	1.0	0	1.0	2.0	1	True
	20	1.0	51.0	0		1.0332585531917067	GEM_RT.GAGGGTAAGGTCCCTG	0.5939854111749121	1.0	0	1.0	2.0	1	True
	21	1.0	32.0	0		1.0332585531917067	GEM_RT.TGGGCGTTCGTTGTTT	0.5939854111749121	1.0	0	1.0	2.0	1	True
	22	1.0	39.0	0		1.0332585531917067	GEM_RT.TAAGCCAAGTGCTACT	0.5939854111749121	1.0	0	1.0	2.0	1	True
	23	1.0	55.0	0		1.0332585531917067	GEM_RT.ATATCCTAGATAGTGT	0.5939854111749121	1.0	0	1.0	2.0	1	True
	24	1.0	17.0	0		1.0332585531917067	GEM_RT.CTGGCAGCACTGTGAT	0.5939854111749121	1.0	0	1.0	2.0	1	True
	25	1.0	11.0	0		1.0332585531917067	GEM_RT.AGATAGAAGGACGCAT	0.5939854111749121	1.0	0	1.0	2.0	1	True
	26	1.0	19.0	0		1.0332585531917067	GEM_RT.TTGGGATGTTGCAAGG	0.5939854111749121	1.0	0	1.0	2.0	1	True
	27	1.0	5.0	0		1.0332585531917067	GEM_RT.TGCTTGCAGGACACTG	0.5939854111749121	1.0	0	1.0	2.0	1	True
	28	1.0	59.0	0		1.0332585531917067	GEM_RT.TCTCTGGTCGCCAGAC	0.5939854111749121	1.0	0	1.0	2.0	1	True
	29	1.0	15.0	0		1.0332585531917067	GEM_RT.CTTCTCTGTCAACATC	0.5939854111749121	1.0	0	1.0	2.0	1	True
	30	1.0	60.0	0		1.0332585531917067	GEM_RT.CCTCTAGTCACTTGGA	0.5939854111749121	1.0	0	1.0	2.0	1	True
	31	1.0	22.0	0		1.0332585531917067	GEM_RT.ACCAAACTCCACCTGT	0.5939854111749121	1.0	0	1.0	2.0	1	True
	32	1.0	36.0	0		1.0332585531917067	GEM_RT.AGGGTTTAGATGCCGA	0.5939854111749121	1.0	0	1.0	2.0	1	True
	33	1.0	45.0	0		1.0332585531917067	GEM_RT.TCAGTGAAGGGAGTTC	0.5939854111749121	1.0	0	1.0	2.0	1	True
	34	1.0	26.0	0		1.0332585531917067	GEM_RT.GTTTGGAGTATAGGGC	0.5939854111749121	1.0	0	1.0	2.0	1	True
	35	1.0	50.0	0		1.0332585531917067	GEM_RT.CAGCGTGGTCGTTCAA	0.5939854111749121	1.0	0	1.0	2.0	1	True
	36	1.0	37.0	0		1.0332585531917067	GEM_RT.GACTGATGTGTGACCC	0.5939854111749121	1.0	0	1.0	2.0	1	True
	37	1.0	20.0	0		1.0332585531917067	GEM_RT.GTAGATCGTTATGACC	0.5939854111749121	1.0	0	1.0	2.0	1	True
	38	1.0	47.0	0		1.0332585531917067	GEM_RT.GTGCACGCAATAGTGA	0.5939854111749121	1.0	0	1.0	2.0	1	True
	39	1.0	43.0	0		1.0332585531917067	GEM_RT.GATGATCCAAGAGCTG	0.5939854111749121	1.0	0	1.0	2.0	1	True
	40	1.0	31.0	0		1.0332585531917067	GEM_RT.GTCACGGGTGACAACG	0.5939854111749121	1.0	0	1.0	2.0	1	True
	41	1.0	58.0	0		1.0332585531917067	GEM_RT.CTATCTATCACGGAGA	0.5939854111749121	1.0	0	1.0	2.0	1	True
	42	1.0	44.0	0		1.0332585531917067	GEM_RT.ACGGTCGGTATCTCTT	0.5939854111749121	1.0	0	1.0	2.0	1	True
	43	1.0	29.0	0		1.0332585531917067	GEM_RT.GTTCTATAGAGAGCGG	0.5939854111749121	1.0	0	1.0	2.0	1	True
	44	1.0	28.0	0		1.0332585531917067	GEM_RT.ACGATCACAAGGGTCA	0.5939854111749121	1.0	0	1.0	2.0	1	True
	45	1.0	13.0	0		1.0332585531917067	GEM_RT.CCCTAACCATGGGAAC	0.5939854111749121	1.0	0	1.0	2.0	1	True
	46	1.0	4.0	0		1.0332585531917067	GEM_RT.ACTTAGGTCACCTCAC	0.5939854111749121	1.0	0	1.0	2.0	1	True
	47	1.0	8.0	0		1.0332585531917067	GEM_RT.AAAGTCCTCAAGCCGC	0.5939854111749121	1.0	0	1.0	2.0	1	True
	48	1.0	38.0	0		1.0332585531917067	GEM_RT.GATGACTAGTCTGCAT	0.5939854111749121	1.0	0	1.0	2.0	1	True
	49	1.0	46.0	0		1.0332585531917067	GEM_RT.ATGACCACATGGGTCC	0.5939854111749121	1.0	0	1.0	2.0	1	True
	50	1.0	30.0	0		1.0332585531917067	GEM_RT.ATCCCTGTCCTACACC	0.5939854111749121	1.0	0	1.0	2.0	1	True
	51	1.0	23.0	0		1.0332585531917067	GEM_RT.CAACGGCAGAATCCCT	0.5939854111749121	1.0	0	1.0	2.0	1	True
	52	1.0	56.0	0		1.0332585531917067	GEM_RT.ACTATGGTCTCTCTTC	0.5939854111749121	1.0	0	1.0	2.0	1	True
	53	1.0	1.0	0		1.0332585531917067	GEM_RT.CCCGAAGTCTACTATC	0.5939854111749121	1.0	0	1.0	2.0	1	True
	54	1.0	33.0	0		1.0332585531917067	GEM_RT.CCAAGCGAGGTTTGAA	0.5939854111749121	1.0	0	1.0	2.0	1	True
	55	1.0	54.0	0		1.0332585531917067	GEM_RT.CAATGACAGACATAGT	0.5939854111749121	1.0	0	1.0	2.0	1	True
	56	1.0	49.0	0		1.0332585531917067	GEM_RT.CTACTATGTTCGAAGG	0.5939854111749121	1.0	0	1.0	2.0	1	True
	57	1.0	25.0	0		1.0332585531917067	GEM_RT.TCATCCGCAAAGGATT	0.5939854111749121	1.0	0	1.0	2.0	1	True
	58	1.0	52.0	0		1.0332585531917067	GEM_RT.GTCGCGAAGGCACTCC	0.5939854111749121	1.0	0	1.0	2.0	1	True
	59	1.0	48.0	0		1.0332585531917067	GEM_RT.GATCAGTTCTTTACAC	0.5939854111749121	1.0	0	1.0	2.0	1	True
	60	1.0	42.0	0		1.0332585531917067	GEM_RT.GGAATCTTCTACCCAC	0.5939854111749121	1.0	0	1.0	2.0	1	True
	61	1.0	9.0	0		1.0332585531917067	GEM_RT.GGGTTATTCGTTCGCT	0.5939854111749121	1.0	0	1.0	2.0	1	True
	62	1.0	10.0	0		1.0332585531917067	GEM_RT.GCCTGTTAGGGATCTG	0.5939854111749121	1.0	0	1.0	2.0	1	True
	63	1.0	14.0	0		1.0332585531917067	GEM_RT.CCGGGTAAGCATTGAA	0.5939854111749121	1.0	0	1.0	2.0	1	True
	64	1.0	12.0	0		1.0332585531917067	GEM_RT.TCTTTGAGTCCACTTC	0.5939854111749121	1.0	0	1.0	2.0	1	True
	65	1.0	35.0	0		1.0332585531917067	GEM_RT.TAGGGTTTCCGGTTCT	0.5939854111749121	1.0	0	1.0	2.0	1	True
	66	1.0	21.0	0		1.0332585531917067	GEM_RT.CGAAGGAGTGACCGTC	0.5939854111749121	1.0	0	1.0	2.0	1	True
	67	1.0	34.0	0		1.0332585531917067	GEM_RT.CTATCCGGTCTACGTA	0.5939854111749121	1.0	0	1.0	2.0	1	True
	68	1.0	6.0	0		1.0332585531917067	GEM_RT.CCCGAAGGTATCCCAA	0.5939854111749121	1.0	0	1.0	2.0	1	True
	69	1.0	2.0	0		1.0332585531917067	GEM_RT.CCTCCAACAATTTCTC	0.5939854111749121	1.0	0	1.0	2.0	1	True
