name_tree	id_node	dist	rank	num_descendants	var_fitness	name	mean_fitness	support	num_children	depth_normalized	depth	num_leaf_descendants	is_leaf
	0	0.0		104				1.0	104	0.0	0.0	104	False
	1	1.0	83.0	0	1.113434590192407	GEM_RT.CAACCTCTCCTACGAA	0.3031585233243237	1.0	0	1.0	1.0	1	True
	2	1.0	32.0	0	1.113434590192407	GEM_RT.GCTTCACGTCTACAAC	0.3031585233243237	1.0	0	1.0	1.0	1	True
	3	1.0	64.0	0	1.113434590192407	GEM_RT.TGCAGTAAGTAGTCAA	0.3031585233243237	1.0	0	1.0	1.0	1	True
	4	1.0	4.0	0	1.113434590192407	GEM_RT.CTTCTCTGTCGATTCA	0.3031585233243237	1.0	0	1.0	1.0	1	True
	5	1.0	37.0	0	1.113434590192407	GEM_RT.ATCTCTACAATGCAAA	0.3031585233243237	1.0	0	1.0	1.0	1	True
	6	1.0	12.0	0	1.113434590192407	GEM_RT.GCCATTCAGAACGCGT	0.3031585233243237	1.0	0	1.0	1.0	1	True
	7	1.0	89.0	0	1.113434590192407	GEM_RT.TGAGGAGCAACTCCAA	0.3031585233243237	1.0	0	1.0	1.0	1	True
	8	1.0	3.0	0	1.113434590192407	GEM_RT.GGAACCCAGCCGTAAG	0.3031585233243237	1.0	0	1.0	1.0	1	True
	9	1.0	13.0	0	1.113434590192407	GEM_RT.GTACAGTCACGGCACT	0.3031585233243237	1.0	0	1.0	1.0	1	True
	10	1.0	96.0	0	1.113434590192407	GEM_RT.ACCTGAATCGTCAAAC	0.3031585233243237	1.0	0	1.0	1.0	1	True
	11	1.0	2.0	0	1.113434590192407	GEM_RT.CGTCAAACATGCTGCG	0.3031585233243237	1.0	0	1.0	1.0	1	True
	12	1.0	29.0	0	1.113434590192407	GEM_RT.GAGAAATGTATCACCA	0.3031585233243237	1.0	0	1.0	1.0	1	True
	13	1.0	99.0	0	1.113434590192407	GEM_RT.AAACGAATCTCACTCG	0.3031585233243237	1.0	0	1.0	1.0	1	True
	14	1.0	5.0	0	1.113434590192407	GEM_RT.CAACGGCAGTTCATGC	0.3031585233243237	1.0	0	1.0	1.0	1	True
	15	1.0	91.0	0	1.113434590192407	GEM_RT.TCTGGCTTCTCAATCT	0.3031585233243237	1.0	0	1.0	1.0	1	True
	16	1.0	16.0	0	1.113434590192407	GEM_RT.CATACCCTCGCCTCTA	0.3031585233243237	1.0	0	1.0	1.0	1	True
	17	1.0	9.0	0	1.113434590192407	GEM_RT.GATCACACACGAGAAC	0.3031585233243237	1.0	0	1.0	1.0	1	True
	18	1.0	104.0	0	1.113434590192407	GEM_RT.CATTTCAGTTGCTTGA	0.3031585233243237	1.0	0	1.0	1.0	1	True
	19	1.0	78.0	0	1.113434590192407	GEM_RT.CTCCTCCAGGGCAGAG	0.3031585233243237	1.0	0	1.0	1.0	1	True
	20	1.0	81.0	0	1.113434590192407	GEM_RT.TGCTCCAGTAATTGGA	0.3031585233243237	1.0	0	1.0	1.0	1	True
	21	1.0	58.0	0	1.113434590192407	GEM_RT.CCTTTGGAGTTATGGA	0.3031585233243237	1.0	0	1.0	1.0	1	True
	22	1.0	55.0	0	1.113434590192407	GEM_RT.TCAGGTAAGCTCGGCT	0.3031585233243237	1.0	0	1.0	1.0	1	True
	23	1.0	72.0	0	1.113434590192407	GEM_RT.CCCGGAACAGTTCTAG	0.3031585233243237	1.0	0	1.0	1.0	1	True
	24	1.0	76.0	0	1.113434590192407	GEM_RT.CGTGCTTAGCCTATCA	0.3031585233243237	1.0	0	1.0	1.0	1	True
	25	1.0	59.0	0	1.113434590192407	GEM_RT.ATTCAGGAGTAGCAAT	0.3031585233243237	1.0	0	1.0	1.0	1	True
	26	1.0	47.0	0	1.113434590192407	GEM_RT.CCTTCAGAGGTATAGT	0.3031585233243237	1.0	0	1.0	1.0	1	True
	27	1.0	54.0	0	1.113434590192407	GEM_RT.GCAACATGTACGGGAT	0.3031585233243237	1.0	0	1.0	1.0	1	True
	28	1.0	41.0	0	1.113434590192407	GEM_RT.AATTTCCTCTCGAGTA	0.3031585233243237	1.0	0	1.0	1.0	1	True
	29	1.0	24.0	0	1.113434590192407	GEM_RT.CATACAGAGATGACAT	0.3031585233243237	1.0	0	1.0	1.0	1	True
	30	1.0	68.0	0	1.113434590192407	GEM_RT.TCATTGTGTACGACTT	0.3031585233243237	1.0	0	1.0	1.0	1	True
	31	1.0	102.0	0	1.113434590192407	GEM_RT.ACTGCAAAGGTTAGTA	0.3031585233243237	1.0	0	1.0	1.0	1	True
	32	1.0	20.0	0	1.113434590192407	GEM_RT.GGGAAGTGTATGCGGA	0.3031585233243237	1.0	0	1.0	1.0	1	True
	33	1.0	6.0	0	1.113434590192407	GEM_RT.AGACCATGTGTCTTGA	0.3031585233243237	1.0	0	1.0	1.0	1	True
	34	1.0	23.0	0	1.113434590192407	GEM_RT.CCTTGTGAGTGGGAAA	0.3031585233243237	1.0	0	1.0	1.0	1	True
	35	1.0	28.0	0	1.113434590192407	GEM_RT.TGAGTCAAGAGCACTG	0.3031585233243237	1.0	0	1.0	1.0	1	True
	36	1.0	44.0	0	1.113434590192407	GEM_RT.ATGGATCAGCTCGACC	0.3031585233243237	1.0	0	1.0	1.0	1	True
	37	1.0	75.0	0	1.113434590192407	GEM_RT.TGTTGGACAAAGGGCT	0.3031585233243237	1.0	0	1.0	1.0	1	True
	38	1.0	93.0	0	1.113434590192407	GEM_RT.TCGCAGGGTTTACGAC	0.3031585233243237	1.0	0	1.0	1.0	1	True
	39	1.0	65.0	0	1.113434590192407	GEM_RT.GAGGCCTTCCTCTAAT	0.3031585233243237	1.0	0	1.0	1.0	1	True
	40	1.0	84.0	0	1.113434590192407	GEM_RT.TACCTGCAGAGGCTGT	0.3031585233243237	1.0	0	1.0	1.0	1	True
	41	1.0	100.0	0	1.113434590192407	GEM_RT.CGTAGTAGTTAAGAAC	0.3031585233243237	1.0	0	1.0	1.0	1	True
	42	1.0	94.0	0	1.113434590192407	GEM_RT.CTCTCAGGTTGGTACT	0.3031585233243237	1.0	0	1.0	1.0	1	True
	43	1.0	31.0	0	1.113434590192407	GEM_RT.GTTACGACATTGAAGA	0.3031585233243237	1.0	0	1.0	1.0	1	True
	44	1.0	14.0	0	1.113434590192407	GEM_RT.CAACGATAGATAGCAT	0.3031585233243237	1.0	0	1.0	1.0	1	True
	45	1.0	49.0	0	1.113434590192407	GEM_RT.TGGGAAGAGGGCAGTT	0.3031585233243237	1.0	0	1.0	1.0	1	True
	46	1.0	25.0	0	1.113434590192407	GEM_RT.AGTCATGTCTGGGCCA	0.3031585233243237	1.0	0	1.0	1.0	1	True
	47	1.0	98.0	0	1.113434590192407	GEM_RT.AAGCGTTTCTGCCTGT	0.3031585233243237	1.0	0	1.0	1.0	1	True
	48	1.0	45.0	0	1.113434590192407	GEM_RT.ATGAAAGAGCGTGTTT	0.3031585233243237	1.0	0	1.0	1.0	1	True
	49	1.0	18.0	0	1.113434590192407	GEM_RT.AATTCCTCATGGGATG	0.3031585233243237	1.0	0	1.0	1.0	1	True
	50	1.0	63.0	0	1.113434590192407	GEM_RT.CTTAGGATCGTGACTA	0.3031585233243237	1.0	0	1.0	1.0	1	True
	51	1.0	35.0	0	1.113434590192407	GEM_RT.CTTGATTCACAAGCTT	0.3031585233243237	1.0	0	1.0	1.0	1	True
	52	1.0	97.0	0	1.113434590192407	GEM_RT.GCTGAATCAACATCGT	0.3031585233243237	1.0	0	1.0	1.0	1	True
	53	1.0	26.0	0	1.113434590192407	GEM_RT.CTCCTTTTCGACGAGA	0.3031585233243237	1.0	0	1.0	1.0	1	True
	54	1.0	60.0	0	1.113434590192407	GEM_RT.ACCTACCTCTGCGATA	0.3031585233243237	1.0	0	1.0	1.0	1	True
	55	1.0	74.0	0	1.113434590192407	GEM_RT.AAACCCAGTACACGTT	0.3031585233243237	1.0	0	1.0	1.0	1	True
	56	1.0	70.0	0	1.113434590192407	GEM_RT.CCGATCTAGGACTGGT	0.3031585233243237	1.0	0	1.0	1.0	1	True
	57	1.0	50.0	0	1.113434590192407	GEM_RT.ATGGAGGCATATACCG	0.3031585233243237	1.0	0	1.0	1.0	1	True
	58	1.0	79.0	0	1.113434590192407	GEM_RT.TCCGAAAAGCGATGCA	0.3031585233243237	1.0	0	1.0	1.0	1	True
	59	1.0	38.0	0	1.113434590192407	GEM_RT.GATGGAGCATACTGAC	0.3031585233243237	1.0	0	1.0	1.0	1	True
	60	1.0	22.0	0	1.113434590192407	GEM_RT.GTTCCGTCACATTCGA	0.3031585233243237	1.0	0	1.0	1.0	1	True
	61	1.0	1.0	0	1.113434590192407	GEM_RT.AGTAGTCTCCTATTTG	0.3031585233243237	1.0	0	1.0	1.0	1	True
	62	1.0	61.0	0	1.113434590192407	GEM_RT.AGGTTGTCAGTTTGGT	0.3031585233243237	1.0	0	1.0	1.0	1	True
	63	1.0	82.0	0	1.113434590192407	GEM_RT.GTCAAGTTCGTAGTCA	0.3031585233243237	1.0	0	1.0	1.0	1	True
	64	1.0	8.0	0	1.113434590192407	GEM_RT.TCGGATACACTGCGAC	0.3031585233243237	1.0	0	1.0	1.0	1	True
	65	1.0	53.0	0	1.113434590192407	GEM_RT.TAGATCGCAAAGCACG	0.3031585233243237	1.0	0	1.0	1.0	1	True
	66	1.0	67.0	0	1.113434590192407	GEM_RT.TACTTGTAGAAGTGTT	0.3031585233243237	1.0	0	1.0	1.0	1	True
	67	1.0	15.0	0	1.113434590192407	GEM_RT.AGGAATATCAGCCCAG	0.3031585233243237	1.0	0	1.0	1.0	1	True
	68	1.0	90.0	0	1.113434590192407	GEM_RT.AGTCACAGTGGCGCTT	0.3031585233243237	1.0	0	1.0	1.0	1	True
	69	1.0	34.0	0	1.113434590192407	GEM_RT.TCAGCCTGTTGTACGT	0.3031585233243237	1.0	0	1.0	1.0	1	True
	70	1.0	85.0	0	1.113434590192407	GEM_RT.TTCGATTAGCGCCTTG	0.3031585233243237	1.0	0	1.0	1.0	1	True
	71	1.0	62.0	0	1.113434590192407	GEM_RT.GCGGAAACAGGACAGT	0.3031585233243237	1.0	0	1.0	1.0	1	True
	72	1.0	92.0	0	1.113434590192407	GEM_RT.GTCATTTGTCTGTAAC	0.3031585233243237	1.0	0	1.0	1.0	1	True
	73	1.0	21.0	0	1.113434590192407	GEM_RT.AAGAACACAATAACCC	0.3031585233243237	1.0	0	1.0	1.0	1	True
	74	1.0	87.0	0	1.113434590192407	GEM_RT.TACGTCCTCATATGGC	0.3031585233243237	1.0	0	1.0	1.0	1	True
	75	1.0	40.0	0	1.113434590192407	GEM_RT.GTGGGAACAAAGGCTG	0.3031585233243237	1.0	0	1.0	1.0	1	True
	76	1.0	66.0	0	1.113434590192407	GEM_RT.CCTCTAGCATTCAGCA	0.3031585233243237	1.0	0	1.0	1.0	1	True
	77	1.0	56.0	0	1.113434590192407	GEM_RT.TACTGCCGTGATCGTT	0.3031585233243237	1.0	0	1.0	1.0	1	True
	78	1.0	43.0	0	1.113434590192407	GEM_RT.TGACGCGGTCACTCGG	0.3031585233243237	1.0	0	1.0	1.0	1	True
	79	1.0	10.0	0	1.113434590192407	GEM_RT.TTCTTCCAGGCATGGT	0.3031585233243237	1.0	0	1.0	1.0	1	True
	80	1.0	46.0	0	1.113434590192407	GEM_RT.AATGGAACATGATGCT	0.3031585233243237	1.0	0	1.0	1.0	1	True
	81	1.0	52.0	0	1.113434590192407	GEM_RT.TATTGCTCAATGGCAG	0.3031585233243237	1.0	0	1.0	1.0	1	True
	82	1.0	101.0	0	1.113434590192407	GEM_RT.TGAGGGAAGCACTGGA	0.3031585233243237	1.0	0	1.0	1.0	1	True
	83	1.0	30.0	0	1.113434590192407	GEM_RT.GAGGCCTGTTGCTCGG	0.3031585233243237	1.0	0	1.0	1.0	1	True
	84	1.0	71.0	0	1.113434590192407	GEM_RT.TACCGGGAGTTCCAGT	0.3031585233243237	1.0	0	1.0	1.0	1	True
	85	1.0	19.0	0	1.113434590192407	GEM_RT.GTCATTTAGGAACATT	0.3031585233243237	1.0	0	1.0	1.0	1	True
	86	1.0	17.0	0	1.113434590192407	GEM_RT.GACAGCCCATTGCTGA	0.3031585233243237	1.0	0	1.0	1.0	1	True
	87	1.0	103.0	0	1.113434590192407	GEM_RT.GTTTACTCAATCTCGA	0.3031585233243237	1.0	0	1.0	1.0	1	True
	88	1.0	27.0	0	1.113434590192407	GEM_RT.ACGTACAAGGAATGTT	0.3031585233243237	1.0	0	1.0	1.0	1	True
	89	1.0	73.0	0	1.113434590192407	GEM_RT.GTGCACGCACCCTGAG	0.3031585233243237	1.0	0	1.0	1.0	1	True
	90	1.0	42.0	0	1.113434590192407	GEM_RT.CAATGACAGGTCACCC	0.3031585233243237	1.0	0	1.0	1.0	1	True
	91	1.0	69.0	0	1.113434590192407	GEM_RT.ACCAACAAGTACTGTC	0.3031585233243237	1.0	0	1.0	1.0	1	True
	92	1.0	36.0	0	1.113434590192407	GEM_RT.ACTTTGTGTCAGTTTG	0.3031585233243237	1.0	0	1.0	1.0	1	True
	93	1.0	80.0	0	1.113434590192407	GEM_RT.CGTGCTTTCCATAAGC	0.3031585233243237	1.0	0	1.0	1.0	1	True
	94	1.0	7.0	0	1.113434590192407	GEM_RT.CAGGCCACAGAGTTGG	0.3031585233243237	1.0	0	1.0	1.0	1	True
	95	1.0	77.0	0	1.113434590192407	GEM_RT.TATTTCGCAGTCGGTC	0.3031585233243237	1.0	0	1.0	1.0	1	True
	96	1.0	57.0	0	1.113434590192407	GEM_RT.TCACATTGTCCTATAG	0.3031585233243237	1.0	0	1.0	1.0	1	True
	97	1.0	51.0	0	1.113434590192407	GEM_RT.CTGCTCAAGACATAAC	0.3031585233243237	1.0	0	1.0	1.0	1	True
	98	1.0	86.0	0	1.113434590192407	GEM_RT.AGTGTTGGTTCCGCGA	0.3031585233243237	1.0	0	1.0	1.0	1	True
	99	1.0	33.0	0	1.113434590192407	GEM_RT.TAAGCCAAGGGATCGT	0.3031585233243237	1.0	0	1.0	1.0	1	True
	100	1.0	95.0	0	1.113434590192407	GEM_RT.TCAGCAATCTGATTCT	0.3031585233243237	1.0	0	1.0	1.0	1	True
	101	1.0	11.0	0	1.113434590192407	GEM_RT.CGTGCTTTCTGTCCCA	0.3031585233243237	1.0	0	1.0	1.0	1	True
	102	1.0	48.0	0	1.113434590192407	GEM_RT.TCGACGGAGGAATGTT	0.3031585233243237	1.0	0	1.0	1.0	1	True
	103	1.0	88.0	0	1.113434590192407	GEM_RT.CGGAACCAGCCGCTTG	0.3031585233243237	1.0	0	1.0	1.0	1	True
	104	1.0	39.0	0	1.113434590192407	GEM_RT.CTCATTAAGCACCAGA	0.3031585233243237	1.0	0	1.0	1.0	1	True
