name_tree	id_node	dist	rank	num_descendants	expansion_score	var_fitness	name	mean_fitness	support	num_children	depth_normalized	depth	num_leaf_descendants	is_leaf
	0	0.0		128					1.0	6	0.0	0.0	118	False
	1	1.0	89.0	0		1.0928769132675094	GEM_RT.CTCCTTTCAGACGATG	0.37675395671152734	1.0	0	0.3333333333333333	1.0	1	True
	2	1.0	88.0	0		1.0928769132675094	GEM_RT.ACCCTTGGTGCATCTA	0.37675395671152734	1.0	0	0.3333333333333333	1.0	1	True
	3	1.0	91.0	0		1.0928769132675094	GEM_RT.TACAGGTGTCGTACTA	0.37675395671152734	1.0	0	0.3333333333333333	1.0	1	True
	4	1.0	90.0	0		1.0928769132675094	GEM_RT.CATGCCTGTTTGACAC	0.37675395671152734	1.0	0	0.3333333333333333	1.0	1	True
	5	1.0	5.0	4	-0.010248821033391522	0.06907661572196933	_4	2.3486122989388933	1.0	4	0.3333333333333333	1.0	4	False
	6	1.0	1.0	118	0.0019857263335180627	7.723246758040148e-05	_5	2.7497637579180285	1.0	95	0.3333333333333333	1.0	110	False
	7	1.0	104.0	0		1.1081333397224586	GEM_RT.GGGACAAGTGACAGGT	0.30278854113961534	1.0	0	0.6666666666666666	2.0	1	True
	8	1.0	103.0	0		1.1081333397224586	GEM_RT.CAGATTGCAAGACGGT	0.30278854113961534	1.0	0	0.6666666666666666	2.0	1	True
	9	1.0	102.0	0		1.1081333397224586	GEM_RT.GTAACACTCCACGTAA	0.30278854113961534	1.0	0	0.6666666666666666	2.0	1	True
	10	1.0	105.0	0		1.1081333397224586	GEM_RT.CGTAAGTCAATAACGA	0.30278854113961534	1.0	0	0.6666666666666666	2.0	1	True
	11	1.0	58.0	0		1.0802869663147567	GEM_RT.TTGTGGACACCTGATA	0.42317417370765625	1.0	0	0.6666666666666666	2.0	1	True
	12	1.0	47.0	0		1.0802869663147567	GEM_RT.TACCTCGTCGCATTAG	0.42317417370765625	1.0	0	0.6666666666666666	2.0	1	True
	13	1.0	14.0	0		1.0802869663147567	GEM_RT.AACCTGATCCAACTGA	0.42317417370765625	1.0	0	0.6666666666666666	2.0	1	True
	14	1.0	61.0	0		1.0802869663147567	GEM_RT.GAGTTTGTCAACCGAT	0.42317417370765625	1.0	0	0.6666666666666666	2.0	1	True
	15	1.0	79.0	0		1.0802869663147567	GEM_RT.TTAGGGTGTTCGGTTA	0.42317417370765625	1.0	0	0.6666666666666666	2.0	1	True
	16	1.0	42.0	0		1.0802869663147567	GEM_RT.GTGAGCCCAAGAAATC	0.42317417370765625	1.0	0	0.6666666666666666	2.0	1	True
	17	1.0	26.0	0		1.0802869663147567	GEM_RT.TGAGGGAAGGAAGTCC	0.42317417370765625	1.0	0	0.6666666666666666	2.0	1	True
	18	1.0	27.0	0		1.0802869663147567	GEM_RT.GCCATTCCAACAGTGG	0.42317417370765625	1.0	0	0.6666666666666666	2.0	1	True
	19	1.0	4.0	0		1.0802869663147567	GEM_RT.TGCGGGTAGAACAGGA	0.42317417370765625	1.0	0	0.6666666666666666	2.0	1	True
	20	1.0	86.0	0		1.0802869663147567	GEM_RT.ATTTCTGAGAGTCAAT	0.42317417370765625	1.0	0	0.6666666666666666	2.0	1	True
	21	1.0	37.0	0		1.0802869663147567	GEM_RT.ATTACCTAGTTGCTCA	0.42317417370765625	1.0	0	0.6666666666666666	2.0	1	True
	22	1.0	72.0	0		1.0802869663147567	GEM_RT.TGGAACTGTATGATCC	0.42317417370765625	1.0	0	0.6666666666666666	2.0	1	True
	23	1.0	78.0	0		1.0802869663147567	GEM_RT.TTTCATGAGACGCCCT	0.42317417370765625	1.0	0	0.6666666666666666	2.0	1	True
	24	1.0	19.0	0		1.0802869663147567	GEM_RT.GTCACTCAGATCCGAG	0.42317417370765625	1.0	0	0.6666666666666666	2.0	1	True
	25	1.0	45.0	0		1.0802869663147567	GEM_RT.CTTGAGAGTTTGGCTA	0.42317417370765625	1.0	0	0.6666666666666666	2.0	1	True
	26	1.0	32.0	0		1.0802869663147567	GEM_RT.CCAATGATCAAGAGTA	0.42317417370765625	1.0	0	0.6666666666666666	2.0	1	True
	27	1.0	55.0	0		1.0802869663147567	GEM_RT.GCTGCAGGTTCGATTG	0.42317417370765625	1.0	0	0.6666666666666666	2.0	1	True
	28	1.0	12.0	0		1.0802869663147567	GEM_RT.TTCACGCAGCACAAAT	0.42317417370765625	1.0	0	0.6666666666666666	2.0	1	True
	29	1.0	21.0	0		1.0802869663147567	GEM_RT.TCGACGGGTTATGTCG	0.42317417370765625	1.0	0	0.6666666666666666	2.0	1	True
	30	1.0	16.0	0		1.0802869663147567	GEM_RT.ATTTACCCAATTTCGG	0.42317417370765625	1.0	0	0.6666666666666666	2.0	1	True
	31	1.0	50.0	0		1.0802869663147567	GEM_RT.CGCATGGAGGAATTAC	0.42317417370765625	1.0	0	0.6666666666666666	2.0	1	True
	32	1.0	40.0	0		1.0802869663147567	GEM_RT.CTTCGGTTCAGTCTTT	0.42317417370765625	1.0	0	0.6666666666666666	2.0	1	True
	33	1.0	24.0	0		1.0802869663147567	GEM_RT.TACGGGCTCAACACGT	0.42317417370765625	1.0	0	0.6666666666666666	2.0	1	True
	34	1.0	25.0	0		1.0802869663147567	GEM_RT.GTTTACTTCCGCGATG	0.42317417370765625	1.0	0	0.6666666666666666	2.0	1	True
	35	1.0	3.0	0		1.0802869663147567	GEM_RT.GTAATGCAGACTGTTC	0.42317417370765625	1.0	0	0.6666666666666666	2.0	1	True
	36	1.0	6.0	0		1.0802869663147567	GEM_RT.CTGGTCTGTAACTGCT	0.42317417370765625	1.0	0	0.6666666666666666	2.0	1	True
	37	1.0	66.0	0		1.0802869663147567	GEM_RT.TACTTGTAGATACATG	0.42317417370765625	1.0	0	0.6666666666666666	2.0	1	True
	38	1.0	64.0	0		1.0802869663147567	GEM_RT.AGTACCAGTGCATGAG	0.42317417370765625	1.0	0	0.6666666666666666	2.0	1	True
	39	1.0	29.0	0		1.0802869663147567	GEM_RT.ATCGTGAAGCATCGAG	0.42317417370765625	1.0	0	0.6666666666666666	2.0	1	True
	40	1.0	68.0	0		1.0802869663147567	GEM_RT.ATTTACCCAGACAAAT	0.42317417370765625	1.0	0	0.6666666666666666	2.0	1	True
	41	1.0	73.0	0		1.0802869663147567	GEM_RT.TGTGCGGCATAGAGGC	0.42317417370765625	1.0	0	0.6666666666666666	2.0	1	True
	42	1.0	44.0	0		1.0802869663147567	GEM_RT.TGTTACTCACCAGTTA	0.42317417370765625	1.0	0	0.6666666666666666	2.0	1	True
	43	1.0	81.0	0		1.0802869663147567	GEM_RT.ACTTCCGTCGGTCTAA	0.42317417370765625	1.0	0	0.6666666666666666	2.0	1	True
	44	1.0	10.0	0		1.0802869663147567	GEM_RT.GGTAGAGAGGAACATT	0.42317417370765625	1.0	0	0.6666666666666666	2.0	1	True
	45	1.0	20.0	0		1.0802869663147567	GEM_RT.CGGGTCAAGGCACGAT	0.42317417370765625	1.0	0	0.6666666666666666	2.0	1	True
	46	1.0	36.0	0		1.0802869663147567	GEM_RT.TATTGCTCATGTCAGT	0.42317417370765625	1.0	0	0.6666666666666666	2.0	1	True
	47	1.0	22.0	0		1.0802869663147567	GEM_RT.TTGTTCAAGGATCACG	0.42317417370765625	1.0	0	0.6666666666666666	2.0	1	True
	48	1.0	2.0	0		1.0802869663147567	GEM_RT.CCTTGTGCAAACCACT	0.42317417370765625	1.0	0	0.6666666666666666	2.0	1	True
	49	1.0	74.0	0		1.0802869663147567	GEM_RT.TCTTCCTTCAAGATAG	0.42317417370765625	1.0	0	0.6666666666666666	2.0	1	True
	50	1.0	49.0	0		1.0802869663147567	GEM_RT.CTTCTAAGTAGGCAAC	0.42317417370765625	1.0	0	0.6666666666666666	2.0	1	True
	51	1.0	69.0	0		1.0802869663147567	GEM_RT.GCGGATCGTAGGCAAC	0.42317417370765625	1.0	0	0.6666666666666666	2.0	1	True
	52	1.0	7.0	0		1.0802869663147567	GEM_RT.TCATACTGTCCTCCAT	0.42317417370765625	1.0	0	0.6666666666666666	2.0	1	True
	53	1.0	11.0	0		1.0802869663147567	GEM_RT.CGGAACCAGAAACCAT	0.42317417370765625	1.0	0	0.6666666666666666	2.0	1	True
	54	1.0	70.0	0		1.0802869663147567	GEM_RT.TCCGATCCACTTGAAC	0.42317417370765625	1.0	0	0.6666666666666666	2.0	1	True
	55	1.0	28.0	0		1.0802869663147567	GEM_RT.GGCAGTCCATGACTGT	0.42317417370765625	1.0	0	0.6666666666666666	2.0	1	True
	56	1.0	18.0	0		1.0802869663147567	GEM_RT.TATCTGTAGGACTAAT	0.42317417370765625	1.0	0	0.6666666666666666	2.0	1	True
	57	1.0	8.0	0		1.0802869663147567	GEM_RT.TCAGTTTCAGGTGTTT	0.42317417370765625	1.0	0	0.6666666666666666	2.0	1	True
	58	1.0	9.0	0		1.0802869663147567	GEM_RT.GTAAGTCAGGGAGAAT	0.42317417370765625	1.0	0	0.6666666666666666	2.0	1	True
	59	1.0	76.0	0		1.0802869663147567	GEM_RT.GCAACCGGTTAGAAGT	0.42317417370765625	1.0	0	0.6666666666666666	2.0	1	True
	60	1.0	80.0	0		1.0802869663147567	GEM_RT.TCTACCGGTTGTGTAC	0.42317417370765625	1.0	0	0.6666666666666666	2.0	1	True
	61	1.0	84.0	0		1.0802869663147567	GEM_RT.GAGGCAAAGGAGAGTA	0.42317417370765625	1.0	0	0.6666666666666666	2.0	1	True
	62	1.0	52.0	0		1.0802869663147567	GEM_RT.GGTGGCTTCTCCTGTG	0.42317417370765625	1.0	0	0.6666666666666666	2.0	1	True
	63	1.0	1.0	0		1.0802869663147567	GEM_RT.CAACCAACATTGTCGA	0.42317417370765625	1.0	0	0.6666666666666666	2.0	1	True
	64	1.0	53.0	0		1.0802869663147567	GEM_RT.CCTCTCCCAAGGTCGA	0.42317417370765625	1.0	0	0.6666666666666666	2.0	1	True
	65	1.0	13.0	0		1.0802869663147567	GEM_RT.GAACACTTCCACACCT	0.42317417370765625	1.0	0	0.6666666666666666	2.0	1	True
	66	1.0	63.0	0		1.0802869663147567	GEM_RT.ATTTCTGCAGCTGCCA	0.42317417370765625	1.0	0	0.6666666666666666	2.0	1	True
	67	1.0	62.0	0		1.0802869663147567	GEM_RT.CCCTAACCACCATATG	0.42317417370765625	1.0	0	0.6666666666666666	2.0	1	True
	68	1.0	5.0	0		1.0802869663147567	GEM_RT.GGAGGATCAAGAATGT	0.42317417370765625	1.0	0	0.6666666666666666	2.0	1	True
	69	1.0	54.0	0		1.0802869663147567	GEM_RT.GCGAGAAAGACGCTCC	0.42317417370765625	1.0	0	0.6666666666666666	2.0	1	True
	70	1.0	15.0	0		1.0802869663147567	GEM_RT.TCACACCAGCGTCAAG	0.42317417370765625	1.0	0	0.6666666666666666	2.0	1	True
	71	1.0	83.0	0		1.0802869663147567	GEM_RT.AGTCACAAGGGCAGTT	0.42317417370765625	1.0	0	0.6666666666666666	2.0	1	True
	72	1.0	71.0	0		1.0802869663147567	GEM_RT.TTGAGTGAGAGGCGTT	0.42317417370765625	1.0	0	0.6666666666666666	2.0	1	True
	73	1.0	77.0	0		1.0802869663147567	GEM_RT.ACTGCAAAGCCACAAG	0.42317417370765625	1.0	0	0.6666666666666666	2.0	1	True
	74	1.0	48.0	0		1.0802869663147567	GEM_RT.AGTAACCAGGAGTATT	0.42317417370765625	1.0	0	0.6666666666666666	2.0	1	True
	75	1.0	43.0	0		1.0802869663147567	GEM_RT.TGTTCTATCTTAGTTC	0.42317417370765625	1.0	0	0.6666666666666666	2.0	1	True
	76	1.0	75.0	0		1.0802869663147567	GEM_RT.TAGGTTGGTTCAGTAC	0.42317417370765625	1.0	0	0.6666666666666666	2.0	1	True
	77	1.0	46.0	0		1.0802869663147567	GEM_RT.TACGGGCCACCTTCGT	0.42317417370765625	1.0	0	0.6666666666666666	2.0	1	True
	78	1.0	85.0	0		1.0802869663147567	GEM_RT.ATGCCTCAGGGTTTCT	0.42317417370765625	1.0	0	0.6666666666666666	2.0	1	True
	79	1.0	33.0	0		1.0802869663147567	GEM_RT.CAATCGATCAAAGAAC	0.42317417370765625	1.0	0	0.6666666666666666	2.0	1	True
	80	1.0	57.0	0		1.0802869663147567	GEM_RT.GGGAGTAAGTGTAGAT	0.42317417370765625	1.0	0	0.6666666666666666	2.0	1	True
	81	1.0	82.0	0		1.0802869663147567	GEM_RT.ACAGGGACAGTCGAGA	0.42317417370765625	1.0	0	0.6666666666666666	2.0	1	True
	82	1.0	60.0	0		1.0802869663147567	GEM_RT.GCTACCTAGCTACGTT	0.42317417370765625	1.0	0	0.6666666666666666	2.0	1	True
	83	1.0	31.0	0		1.0802869663147567	GEM_RT.CAGATCAAGCTGTCCG	0.42317417370765625	1.0	0	0.6666666666666666	2.0	1	True
	84	1.0	17.0	0		1.0802869663147567	GEM_RT.ACAGAAACACTCCGAG	0.42317417370765625	1.0	0	0.6666666666666666	2.0	1	True
	85	1.0	51.0	0		1.0802869663147567	GEM_RT.TTTACGTGTGGCTCTG	0.42317417370765625	1.0	0	0.6666666666666666	2.0	1	True
	86	1.0	87.0	0		1.0802869663147567	GEM_RT.TCGATTTCACTAACGT	0.42317417370765625	1.0	0	0.6666666666666666	2.0	1	True
	87	1.0	59.0	0		1.0802869663147567	GEM_RT.TTTCCTCGTCGAATGG	0.42317417370765625	1.0	0	0.6666666666666666	2.0	1	True
	88	1.0	30.0	0		1.0802869663147567	GEM_RT.AGCTTCCGTGCGCTCA	0.42317417370765625	1.0	0	0.6666666666666666	2.0	1	True
	89	1.0	39.0	0		1.0802869663147567	GEM_RT.TAGGGTTTCACTAGCA	0.42317417370765625	1.0	0	0.6666666666666666	2.0	1	True
	90	1.0	35.0	0		1.0802869663147567	GEM_RT.GATTCTTCAAAGGTTA	0.42317417370765625	1.0	0	0.6666666666666666	2.0	1	True
	91	1.0	56.0	0		1.0802869663147567	GEM_RT.TCACATTCATGCCGGT	0.42317417370765625	1.0	0	0.6666666666666666	2.0	1	True
	92	1.0	34.0	0		1.0802869663147567	GEM_RT.TTCCTAATCAAGCCCG	0.42317417370765625	1.0	0	0.6666666666666666	2.0	1	True
	93	1.0	23.0	0		1.0802869663147567	GEM_RT.TCATCATTCCTAAACG	0.42317417370765625	1.0	0	0.6666666666666666	2.0	1	True
	94	1.0	67.0	0		1.0802869663147567	GEM_RT.GTCTTTATCATATGGC	0.42317417370765625	1.0	0	0.6666666666666666	2.0	1	True
	95	1.0	38.0	0		1.0802869663147567	GEM_RT.ACATGCACACACCAGC	0.42317417370765625	1.0	0	0.6666666666666666	2.0	1	True
	96	1.0	41.0	0		1.0802869663147567	GEM_RT.TTACGCCCACCGGCTA	0.42317417370765625	1.0	0	0.6666666666666666	2.0	1	True
	97	1.0	65.0	0		1.0802869663147567	GEM_RT.CTCAAGAGTGAAGCGT	0.42317417370765625	1.0	0	0.6666666666666666	2.0	1	True
	98	1.0	8.0	2	-0.013342435059192147	0.12318833728615353	_97	2.071658264513583	1.0	2	0.6666666666666666	2.0	2	False
	99	1.0	9.0	2	-0.013342435059192147	0.12318833728615353	_98	2.071658264513583	1.0	2	0.6666666666666666	2.0	2	False
	100	1.0	11.0	2	-0.013342435059192147	0.12318833728615353	_99	2.071658264513583	1.0	2	0.6666666666666666	2.0	2	False
	101	1.0	10.0	2	-0.013342435059192147	0.12318833728615353	_100	2.071658264513583	1.0	2	0.6666666666666666	2.0	2	False
	102	1.0	7.0	2	-0.013342435059192147	0.12318833728615353	_101	2.071658264513583	1.0	2	0.6666666666666666	2.0	2	False
	103	1.0	6.0	3	-0.013342435059192147	0.08752080487190383	_102	2.247819160960814	1.0	3	0.6666666666666666	2.0	3	False
	104	1.0	4.0	4	-0.013342435059192147	0.06905450409371561	_103	2.3496511614748843	1.0	4	0.6666666666666666	2.0	4	False
	105	1.0	3.0	6	-0.013342435059192147	0.04946036406219623	_104	2.4644938270386545	1.0	6	0.6666666666666666	2.0	6	False
	106	1.0	110.0	0		1.1358113044070073	GEM_RT.AGTACCAGTGACTGAG	0.20318322519723866	1.0	0	1.0	3.0	1	True
	107	1.0	117.0	0		1.1358113044070073	GEM_RT.TATACCTCATTGGATC	0.20318322519723866	1.0	0	1.0	3.0	1	True
	108	1.0	111.0	0		1.1358113044070073	GEM_RT.ACCCAAATCGCTCTAC	0.20318322519723866	1.0	0	1.0	3.0	1	True
	109	1.0	112.0	0		1.1358113044070073	GEM_RT.ACCAAACTCATGCCCT	0.20318322519723866	1.0	0	1.0	3.0	1	True
	110	1.0	116.0	0		1.1358113044070073	GEM_RT.TGTAAGCAGTGGTGGT	0.20318322519723866	1.0	0	1.0	3.0	1	True
	111	1.0	114.0	0		1.1358113044070073	GEM_RT.CAGGCCAAGGCACAAC	0.20318322519723866	1.0	0	1.0	3.0	1	True
	112	1.0	113.0	0		1.1358113044070073	GEM_RT.CTACCTGTCGGTTCAA	0.20318322519723866	1.0	0	1.0	3.0	1	True
	113	1.0	115.0	0		1.1358113044070073	GEM_RT.TCATCATTCCGTGGCA	0.20318322519723866	1.0	0	1.0	3.0	1	True
	114	1.0	118.0	0		1.1358113044070073	GEM_RT.AGGAAATTCGGTTGTA	0.20318322519723866	1.0	0	1.0	3.0	1	True
	115	1.0	109.0	0		1.1358113044070073	GEM_RT.CTGTCGTCACCGTGGT	0.20318322519723866	1.0	0	1.0	3.0	1	True
	116	1.0	107.0	0		1.1171687237143175	GEM_RT.GTTACCCGTCGAGATG	0.2683662986572791	1.0	0	1.0	3.0	1	True
	117	1.0	108.0	0		1.1171687237143175	GEM_RT.TTCTGTATCCTTGGAA	0.2683662986572791	1.0	0	1.0	3.0	1	True
	118	1.0	106.0	0		1.1171687237143175	GEM_RT.AGGTCTACATTAGGAA	0.2683662986572791	1.0	0	1.0	3.0	1	True
	119	1.0	98.0	0		1.1080653238885392	GEM_RT.AATGGAACATATGAAG	0.303121219630281	1.0	0	1.0	3.0	1	True
	120	1.0	100.0	0		1.1080653238885392	GEM_RT.GGGCCATCAGCACGAA	0.303121219630281	1.0	0	1.0	3.0	1	True
	121	1.0	99.0	0		1.1080653238885392	GEM_RT.CGAGGAATCGTCAAAC	0.303121219630281	1.0	0	1.0	3.0	1	True
	122	1.0	101.0	0		1.1080653238885392	GEM_RT.AGGTTGTCAAATGAGT	0.303121219630281	1.0	0	1.0	3.0	1	True
	123	1.0	95.0	0		1.0989914795216305	GEM_RT.TCGGGTGCAGAGGCTA	0.3400365475741214	1.0	0	1.0	3.0	1	True
	124	1.0	94.0	0		1.0989914795216305	GEM_RT.CGTTCTGCATGGTGGA	0.3400365475741214	1.0	0	1.0	3.0	1	True
	125	1.0	93.0	0		1.0989914795216305	GEM_RT.GTAACCAAGCATATGA	0.3400365475741214	1.0	0	1.0	3.0	1	True
	126	1.0	92.0	0		1.0989914795216305	GEM_RT.TAAGCGTTCGACGACC	0.3400365475741214	1.0	0	1.0	3.0	1	True
	127	1.0	96.0	0		1.0989914795216305	GEM_RT.AGCTCAAGTACGATCT	0.3400365475741214	1.0	0	1.0	3.0	1	True
	128	1.0	97.0	0		1.0989914795216305	GEM_RT.ATCCTATAGACAAGCC	0.3400365475741214	1.0	0	1.0	3.0	1	True
