name_tree	id_node	dist	rank	num_descendants	expansion_score	var_fitness	name	mean_fitness	support	num_children	depth_normalized	depth	num_leaf_descendants	is_leaf
	0	0.0		44					1.0	30	0.0	0.0	43	False
	1	1.0	28.0	0		1.115977951532635	GEM_RT.GTCCCATTCCATCTCG	0.2928650867689971	1.0	0	0.5	1.0	1	True
	2	1.0	2.0	0		1.115977951532635	GEM_RT.AATGCCATCCTGTAAG	0.2928650867689971	1.0	0	0.5	1.0	1	True
	3	1.0	10.0	0		1.115977951532635	GEM_RT.ATCCGTCGTTAGGCCC	0.2928650867689971	1.0	0	0.5	1.0	1	True
	4	1.0	29.0	0		1.115977951532635	GEM_RT.GTCTACCAGGCCATAG	0.2928650867689971	1.0	0	0.5	1.0	1	True
	5	1.0	22.0	0		1.115977951532635	GEM_RT.GCAACATCAGTATTCG	0.2928650867689971	1.0	0	0.5	1.0	1	True
	6	1.0	4.0	0		1.115977951532635	GEM_RT.CAGATTGGTCACTTCC	0.2928650867689971	1.0	0	0.5	1.0	1	True
	7	1.0	18.0	0		1.115977951532635	GEM_RT.GTGGAGAAGTATTAGG	0.2928650867689971	1.0	0	0.5	1.0	1	True
	8	1.0	20.0	0		1.115977951532635	GEM_RT.TGGAGGAGTTCGCGTG	0.2928650867689971	1.0	0	0.5	1.0	1	True
	9	1.0	21.0	0		1.115977951532635	GEM_RT.ACACGCGCAGGGCTTC	0.2928650867689971	1.0	0	0.5	1.0	1	True
	10	1.0	13.0	0		1.115977951532635	GEM_RT.CATTCATGTTCAGTAC	0.2928650867689971	1.0	0	0.5	1.0	1	True
	11	1.0	7.0	0		1.115977951532635	GEM_RT.CATTGAGCACCAGCCA	0.2928650867689971	1.0	0	0.5	1.0	1	True
	12	1.0	17.0	0		1.115977951532635	GEM_RT.TAACTTCAGCACTCAT	0.2928650867689971	1.0	0	0.5	1.0	1	True
	13	1.0	8.0	0		1.115977951532635	GEM_RT.TAATCTCTCCCAGGCA	0.2928650867689971	1.0	0	0.5	1.0	1	True
	14	1.0	24.0	0		1.115977951532635	GEM_RT.ACTACGATCGGATTAC	0.2928650867689971	1.0	0	0.5	1.0	1	True
	15	1.0	11.0	0		1.115977951532635	GEM_RT.TCTATACGTTGTGTTG	0.2928650867689971	1.0	0	0.5	1.0	1	True
	16	1.0	5.0	0		1.115977951532635	GEM_RT.GATGTTGCAATACGCT	0.2928650867689971	1.0	0	0.5	1.0	1	True
	17	1.0	26.0	0		1.115977951532635	GEM_RT.GGGTTTACACTCCCTA	0.2928650867689971	1.0	0	0.5	1.0	1	True
	18	1.0	14.0	0		1.115977951532635	GEM_RT.AGGACGACAGAGAATT	0.2928650867689971	1.0	0	0.5	1.0	1	True
	19	1.0	23.0	0		1.115977951532635	GEM_RT.GGTAGAGGTTTCCAAG	0.2928650867689971	1.0	0	0.5	1.0	1	True
	20	1.0	16.0	0		1.115977951532635	GEM_RT.GTGGAAGCAATACGCT	0.2928650867689971	1.0	0	0.5	1.0	1	True
	21	1.0	1.0	0		1.115977951532635	GEM_RT.GTTGTAGCAGGCACAA	0.2928650867689971	1.0	0	0.5	1.0	1	True
	22	1.0	19.0	0		1.115977951532635	GEM_RT.AGGATCTAGCTCGGCT	0.2928650867689971	1.0	0	0.5	1.0	1	True
	23	1.0	6.0	0		1.115977951532635	GEM_RT.AGTAACCCAAGCCATT	0.2928650867689971	1.0	0	0.5	1.0	1	True
	24	1.0	15.0	0		1.115977951532635	GEM_RT.ATGGAGGTCTCACCCA	0.2928650867689971	1.0	0	0.5	1.0	1	True
	25	1.0	9.0	0		1.115977951532635	GEM_RT.TAACTTCGTCAGACTT	0.2928650867689971	1.0	0	0.5	1.0	1	True
	26	1.0	27.0	0		1.115977951532635	GEM_RT.TTCCGGTCACAATGCT	0.2928650867689971	1.0	0	0.5	1.0	1	True
	27	1.0	3.0	0		1.115977951532635	GEM_RT.TTGAACGAGCTAGCCC	0.2928650867689971	1.0	0	0.5	1.0	1	True
	28	1.0	12.0	0		1.115977951532635	GEM_RT.TGCTGAAGTAACATCC	0.2928650867689971	1.0	0	0.5	1.0	1	True
	29	1.0	25.0	0		1.115977951532635	GEM_RT.TTGTGTTTCTCTGAGA	0.2928650867689971	1.0	0	0.5	1.0	1	True
	30	1.0	2.0	14	-0.0014412951971293712	0.02317941561060355	_29	2.5790194237169586	1.0	14	0.5	1.0	14	False
	31	1.0	42.0	0		1.1212133662635118	GEM_RT.GGTAACTAGCCAGAGT	0.2691138751129981	1.0	0	1.0	2.0	1	True
	32	1.0	38.0	0		1.1212133662635118	GEM_RT.TCCTTCTAGATAGCAT	0.2691138751129981	1.0	0	1.0	2.0	1	True
	33	1.0	35.0	0		1.1212133662635118	GEM_RT.ATCCCTGCATAGCTGT	0.2691138751129981	1.0	0	1.0	2.0	1	True
	34	1.0	36.0	0		1.1212133662635118	GEM_RT.GGGACAAGTACAAACA	0.2691138751129981	1.0	0	1.0	2.0	1	True
	35	1.0	33.0	0		1.1212133662635118	GEM_RT.GAAGGACGTATTGACC	0.2691138751129981	1.0	0	1.0	2.0	1	True
	36	1.0	34.0	0		1.1212133662635118	GEM_RT.TTGTTCACAGACCCGT	0.2691138751129981	1.0	0	1.0	2.0	1	True
	37	1.0	37.0	0		1.1212133662635118	GEM_RT.CAGCGTGTCTGATTCT	0.2691138751129981	1.0	0	1.0	2.0	1	True
	38	1.0	30.0	0		1.1212133662635118	GEM_RT.CTCAGGGGTAATTGGA	0.2691138751129981	1.0	0	1.0	2.0	1	True
	39	1.0	41.0	0		1.1212133662635118	GEM_RT.ACAAAGAAGTACCCTA	0.2691138751129981	1.0	0	1.0	2.0	1	True
	40	1.0	31.0	0		1.1212133662635118	GEM_RT.CTTAGGAGTGTGACCC	0.2691138751129981	1.0	0	1.0	2.0	1	True
	41	1.0	40.0	0		1.1212133662635118	GEM_RT.TCATTTGAGGGTCACA	0.2691138751129981	1.0	0	1.0	2.0	1	True
	42	1.0	39.0	0		1.1212133662635118	GEM_RT.TCCTCCCTCTCATTAC	0.2691138751129981	1.0	0	1.0	2.0	1	True
	43	1.0	32.0	0		1.1212133662635118	GEM_RT.CTACCTGGTGGATGAC	0.2691138751129981	1.0	0	1.0	2.0	1	True
	44	1.0	43.0	0		1.1212133662635118	GEM_RT.GGTAGAGCACCTTCCA	0.2691138751129981	1.0	0	1.0	2.0	1	True
