name_tree	id_node	dist	rank	num_descendants	var_fitness	name	mean_fitness	support	num_children	depth_normalized	depth	num_leaf_descendants	is_leaf
	0	0.0		106				1.0	106	0.0	0.0	106	False
	1	1.0	65.0	0	1.113430584229638	GEM_RT.TACATTCTCGGTTAGT	0.30317456295631795	1.0	0	1.0	1.0	1	True
	2	1.0	102.0	0	1.113430584229638	GEM_RT.CTGCATCAGATACAGT	0.30317456295631795	1.0	0	1.0	1.0	1	True
	3	1.0	32.0	0	1.113430584229638	GEM_RT.GAACTGTTCATGGCCG	0.30317456295631795	1.0	0	1.0	1.0	1	True
	4	1.0	6.0	0	1.113430584229638	GEM_RT.AGAGAGCCACAATTCG	0.30317456295631795	1.0	0	1.0	1.0	1	True
	5	1.0	26.0	0	1.113430584229638	GEM_RT.GCTGCAGCATTGCCGG	0.30317456295631795	1.0	0	1.0	1.0	1	True
	6	1.0	67.0	0	1.113430584229638	GEM_RT.GAGACTTTCTTTGCGC	0.30317456295631795	1.0	0	1.0	1.0	1	True
	7	1.0	106.0	0	1.113430584229638	GEM_RT.AGATGCTAGTGGTTGG	0.30317456295631795	1.0	0	1.0	1.0	1	True
	8	1.0	78.0	0	1.113430584229638	GEM_RT.AAACCCAAGCAGATAT	0.30317456295631795	1.0	0	1.0	1.0	1	True
	9	1.0	57.0	0	1.113430584229638	GEM_RT.AGAAGCGGTGGATCAG	0.30317456295631795	1.0	0	1.0	1.0	1	True
	10	1.0	70.0	0	1.113430584229638	GEM_RT.GTTCTATCAGGTCAGA	0.30317456295631795	1.0	0	1.0	1.0	1	True
	11	1.0	36.0	0	1.113430584229638	GEM_RT.CAATTTCTCTAGCCTC	0.30317456295631795	1.0	0	1.0	1.0	1	True
	12	1.0	89.0	0	1.113430584229638	GEM_RT.GGCGTCACATTGGATC	0.30317456295631795	1.0	0	1.0	1.0	1	True
	13	1.0	51.0	0	1.113430584229638	GEM_RT.GCCCGAATCACGACTA	0.30317456295631795	1.0	0	1.0	1.0	1	True
	14	1.0	103.0	0	1.113430584229638	GEM_RT.AGGTGTTGTAAGACCG	0.30317456295631795	1.0	0	1.0	1.0	1	True
	15	1.0	60.0	0	1.113430584229638	GEM_RT.TTTCGATCAGGACTTT	0.30317456295631795	1.0	0	1.0	1.0	1	True
	16	1.0	44.0	0	1.113430584229638	GEM_RT.TCAATCTCAACAAGTA	0.30317456295631795	1.0	0	1.0	1.0	1	True
	17	1.0	13.0	0	1.113430584229638	GEM_RT.TATATCCTCTTGTGCC	0.30317456295631795	1.0	0	1.0	1.0	1	True
	18	1.0	23.0	0	1.113430584229638	GEM_RT.GAGCCTGAGCCTCATA	0.30317456295631795	1.0	0	1.0	1.0	1	True
	19	1.0	87.0	0	1.113430584229638	GEM_RT.CATACCCTCTCCAAGA	0.30317456295631795	1.0	0	1.0	1.0	1	True
	20	1.0	53.0	0	1.113430584229638	GEM_RT.TTTGATCTCCGAACGC	0.30317456295631795	1.0	0	1.0	1.0	1	True
	21	1.0	80.0	0	1.113430584229638	GEM_RT.ACACCAATCCTGTAGA	0.30317456295631795	1.0	0	1.0	1.0	1	True
	22	1.0	43.0	0	1.113430584229638	GEM_RT.ATGAGTCCATATCGGT	0.30317456295631795	1.0	0	1.0	1.0	1	True
	23	1.0	76.0	0	1.113430584229638	GEM_RT.TAAGCACGTACTTCCC	0.30317456295631795	1.0	0	1.0	1.0	1	True
	24	1.0	50.0	0	1.113430584229638	GEM_RT.GTGTGATTCCCTCAAC	0.30317456295631795	1.0	0	1.0	1.0	1	True
	25	1.0	95.0	0	1.113430584229638	GEM_RT.CTGTGAATCTAAGGAA	0.30317456295631795	1.0	0	1.0	1.0	1	True
	26	1.0	101.0	0	1.113430584229638	GEM_RT.TATCCTAAGCACGATG	0.30317456295631795	1.0	0	1.0	1.0	1	True
	27	1.0	59.0	0	1.113430584229638	GEM_RT.GTGTTAGAGTCCCAGC	0.30317456295631795	1.0	0	1.0	1.0	1	True
	28	1.0	46.0	0	1.113430584229638	GEM_RT.CGTTAGATCAACCGAT	0.30317456295631795	1.0	0	1.0	1.0	1	True
	29	1.0	16.0	0	1.113430584229638	GEM_RT.GTCAAACAGTACCCTA	0.30317456295631795	1.0	0	1.0	1.0	1	True
	30	1.0	42.0	0	1.113430584229638	GEM_RT.TTGTTGTAGGCAGCTA	0.30317456295631795	1.0	0	1.0	1.0	1	True
	31	1.0	31.0	0	1.113430584229638	GEM_RT.TGAGCATCAATTGTGC	0.30317456295631795	1.0	0	1.0	1.0	1	True
	32	1.0	34.0	0	1.113430584229638	GEM_RT.CATCCCAGTAGGAGGG	0.30317456295631795	1.0	0	1.0	1.0	1	True
	33	1.0	86.0	0	1.113430584229638	GEM_RT.GACTGATAGACTGAGC	0.30317456295631795	1.0	0	1.0	1.0	1	True
	34	1.0	3.0	0	1.113430584229638	GEM_RT.TCCGAAACAATACCTG	0.30317456295631795	1.0	0	1.0	1.0	1	True
	35	1.0	48.0	0	1.113430584229638	GEM_RT.CGAGAAGAGGCACTCC	0.30317456295631795	1.0	0	1.0	1.0	1	True
	36	1.0	10.0	0	1.113430584229638	GEM_RT.CTTCCGATCGTCAGAT	0.30317456295631795	1.0	0	1.0	1.0	1	True
	37	1.0	7.0	0	1.113430584229638	GEM_RT.TGCAGGCGTCGTGATT	0.30317456295631795	1.0	0	1.0	1.0	1	True
	38	1.0	84.0	0	1.113430584229638	GEM_RT.ACATCCCTCAAGAGTA	0.30317456295631795	1.0	0	1.0	1.0	1	True
	39	1.0	66.0	0	1.113430584229638	GEM_RT.AGAACCTTCAGACCTA	0.30317456295631795	1.0	0	1.0	1.0	1	True
	40	1.0	85.0	0	1.113430584229638	GEM_RT.CACTGGGGTTTGCAGT	0.30317456295631795	1.0	0	1.0	1.0	1	True
	41	1.0	55.0	0	1.113430584229638	GEM_RT.TATGTTCGTGTCCATA	0.30317456295631795	1.0	0	1.0	1.0	1	True
	42	1.0	71.0	0	1.113430584229638	GEM_RT.AGAGAGCCATCCGCGA	0.30317456295631795	1.0	0	1.0	1.0	1	True
	43	1.0	24.0	0	1.113430584229638	GEM_RT.ATGGTTGAGGCTCCCA	0.30317456295631795	1.0	0	1.0	1.0	1	True
	44	1.0	81.0	0	1.113430584229638	GEM_RT.TGTCAGATCCGTTGAA	0.30317456295631795	1.0	0	1.0	1.0	1	True
	45	1.0	77.0	0	1.113430584229638	GEM_RT.GGGACTCTCAAGAGTA	0.30317456295631795	1.0	0	1.0	1.0	1	True
	46	1.0	29.0	0	1.113430584229638	GEM_RT.TGAGGGAAGGATGCGT	0.30317456295631795	1.0	0	1.0	1.0	1	True
	47	1.0	73.0	0	1.113430584229638	GEM_RT.CTTCTCTAGCGTATAA	0.30317456295631795	1.0	0	1.0	1.0	1	True
	48	1.0	17.0	0	1.113430584229638	GEM_RT.TACTTGTAGCGACAGT	0.30317456295631795	1.0	0	1.0	1.0	1	True
	49	1.0	52.0	0	1.113430584229638	GEM_RT.ATGTCTTCAGGCTTGC	0.30317456295631795	1.0	0	1.0	1.0	1	True
	50	1.0	54.0	0	1.113430584229638	GEM_RT.TACGGTAAGTCAGGGT	0.30317456295631795	1.0	0	1.0	1.0	1	True
	51	1.0	92.0	0	1.113430584229638	GEM_RT.GTGAGTTTCTAGAACC	0.30317456295631795	1.0	0	1.0	1.0	1	True
	52	1.0	19.0	0	1.113430584229638	GEM_RT.TTTCACAGTGATCGTT	0.30317456295631795	1.0	0	1.0	1.0	1	True
	53	1.0	25.0	0	1.113430584229638	GEM_RT.CAGATACGTGCCCAGT	0.30317456295631795	1.0	0	1.0	1.0	1	True
	54	1.0	97.0	0	1.113430584229638	GEM_RT.AGATCCAGTGGACTAG	0.30317456295631795	1.0	0	1.0	1.0	1	True
	55	1.0	69.0	0	1.113430584229638	GEM_RT.GTCGCGATCTGGTGCG	0.30317456295631795	1.0	0	1.0	1.0	1	True
	56	1.0	63.0	0	1.113430584229638	GEM_RT.TCAATTCGTAGCTAAA	0.30317456295631795	1.0	0	1.0	1.0	1	True
	57	1.0	5.0	0	1.113430584229638	GEM_RT.GTACAGTGTAGCGTTT	0.30317456295631795	1.0	0	1.0	1.0	1	True
	58	1.0	61.0	0	1.113430584229638	GEM_RT.GCTTCACGTGTTAGCT	0.30317456295631795	1.0	0	1.0	1.0	1	True
	59	1.0	79.0	0	1.113430584229638	GEM_RT.GGCAGTCGTATGTGTC	0.30317456295631795	1.0	0	1.0	1.0	1	True
	60	1.0	1.0	0	1.113430584229638	GEM_RT.TTCCTCTTCTCGTGGG	0.30317456295631795	1.0	0	1.0	1.0	1	True
	61	1.0	2.0	0	1.113430584229638	GEM_RT.CGCATAATCAAACTGC	0.30317456295631795	1.0	0	1.0	1.0	1	True
	62	1.0	39.0	0	1.113430584229638	GEM_RT.AAGATAGAGTTGTAGA	0.30317456295631795	1.0	0	1.0	1.0	1	True
	63	1.0	47.0	0	1.113430584229638	GEM_RT.AGAAGTAGTGCATCTA	0.30317456295631795	1.0	0	1.0	1.0	1	True
	64	1.0	15.0	0	1.113430584229638	GEM_RT.GAATCGTAGGGACAGG	0.30317456295631795	1.0	0	1.0	1.0	1	True
	65	1.0	18.0	0	1.113430584229638	GEM_RT.CACAACACACTTACAG	0.30317456295631795	1.0	0	1.0	1.0	1	True
	66	1.0	82.0	0	1.113430584229638	GEM_RT.ACGCACGTCCTTATAC	0.30317456295631795	1.0	0	1.0	1.0	1	True
	67	1.0	100.0	0	1.113430584229638	GEM_RT.TACCGGGTCCGAAGGA	0.30317456295631795	1.0	0	1.0	1.0	1	True
	68	1.0	11.0	0	1.113430584229638	GEM_RT.GTGTCCTCAAGAGAGA	0.30317456295631795	1.0	0	1.0	1.0	1	True
	69	1.0	40.0	0	1.113430584229638	GEM_RT.TTGTGTTCACAACCGC	0.30317456295631795	1.0	0	1.0	1.0	1	True
	70	1.0	27.0	0	1.113430584229638	GEM_RT.GTTACAGCATGGATCT	0.30317456295631795	1.0	0	1.0	1.0	1	True
	71	1.0	94.0	0	1.113430584229638	GEM_RT.AGGCCACCAGCATGCC	0.30317456295631795	1.0	0	1.0	1.0	1	True
	72	1.0	45.0	0	1.113430584229638	GEM_RT.TTAATCCAGGTTCTTG	0.30317456295631795	1.0	0	1.0	1.0	1	True
	73	1.0	91.0	0	1.113430584229638	GEM_RT.CTTTCAACACTTCAGA	0.30317456295631795	1.0	0	1.0	1.0	1	True
	74	1.0	28.0	0	1.113430584229638	GEM_RT.CGGGACTGTTAGAAAC	0.30317456295631795	1.0	0	1.0	1.0	1	True
	75	1.0	64.0	0	1.113430584229638	GEM_RT.GCAGTTACATCAGCGC	0.30317456295631795	1.0	0	1.0	1.0	1	True
	76	1.0	20.0	0	1.113430584229638	GEM_RT.GATGCTACACGTCGGT	0.30317456295631795	1.0	0	1.0	1.0	1	True
	77	1.0	12.0	0	1.113430584229638	GEM_RT.CCGATGGCACGAGAAC	0.30317456295631795	1.0	0	1.0	1.0	1	True
	78	1.0	88.0	0	1.113430584229638	GEM_RT.GAAGCCCGTGCCCTTT	0.30317456295631795	1.0	0	1.0	1.0	1	True
	79	1.0	4.0	0	1.113430584229638	GEM_RT.CGGGCATTCCAGCCTT	0.30317456295631795	1.0	0	1.0	1.0	1	True
	80	1.0	90.0	0	1.113430584229638	GEM_RT.GTGTTCCCATAGGTTC	0.30317456295631795	1.0	0	1.0	1.0	1	True
	81	1.0	93.0	0	1.113430584229638	GEM_RT.TGGATGTCACACACTA	0.30317456295631795	1.0	0	1.0	1.0	1	True
	82	1.0	56.0	0	1.113430584229638	GEM_RT.GTCATCCTCCTCAGAA	0.30317456295631795	1.0	0	1.0	1.0	1	True
	83	1.0	30.0	0	1.113430584229638	GEM_RT.ATCGTGAAGAAATGGG	0.30317456295631795	1.0	0	1.0	1.0	1	True
	84	1.0	22.0	0	1.113430584229638	GEM_RT.TGGAACTTCCACTTTA	0.30317456295631795	1.0	0	1.0	1.0	1	True
	85	1.0	14.0	0	1.113430584229638	GEM_RT.GGTGAAGGTGTTGACT	0.30317456295631795	1.0	0	1.0	1.0	1	True
	86	1.0	74.0	0	1.113430584229638	GEM_RT.TTGTGTTGTTGTCAGT	0.30317456295631795	1.0	0	1.0	1.0	1	True
	87	1.0	68.0	0	1.113430584229638	GEM_RT.ACGTCCTGTATCAAGA	0.30317456295631795	1.0	0	1.0	1.0	1	True
	88	1.0	96.0	0	1.113430584229638	GEM_RT.CTCACTGGTAGAGCTG	0.30317456295631795	1.0	0	1.0	1.0	1	True
	89	1.0	72.0	0	1.113430584229638	GEM_RT.ATACCTTCAACAAAGT	0.30317456295631795	1.0	0	1.0	1.0	1	True
	90	1.0	49.0	0	1.113430584229638	GEM_RT.CAAAGAAGTAGACGTG	0.30317456295631795	1.0	0	1.0	1.0	1	True
	91	1.0	98.0	0	1.113430584229638	GEM_RT.TACGCTCGTGATGAAT	0.30317456295631795	1.0	0	1.0	1.0	1	True
	92	1.0	35.0	0	1.113430584229638	GEM_RT.GTAATCGTCACTAGCA	0.30317456295631795	1.0	0	1.0	1.0	1	True
	93	1.0	75.0	0	1.113430584229638	GEM_RT.CCCTCAAAGGGTTGCA	0.30317456295631795	1.0	0	1.0	1.0	1	True
	94	1.0	104.0	0	1.113430584229638	GEM_RT.CATGCAACATCGATGT	0.30317456295631795	1.0	0	1.0	1.0	1	True
	95	1.0	33.0	0	1.113430584229638	GEM_RT.ACAGAAATCATGGAGG	0.30317456295631795	1.0	0	1.0	1.0	1	True
	96	1.0	99.0	0	1.113430584229638	GEM_RT.CATGCAATCCTAAGTG	0.30317456295631795	1.0	0	1.0	1.0	1	True
	97	1.0	62.0	0	1.113430584229638	GEM_RT.GATTTCTTCGCCAGTG	0.30317456295631795	1.0	0	1.0	1.0	1	True
	98	1.0	83.0	0	1.113430584229638	GEM_RT.GGTGATTCAGCCGTCA	0.30317456295631795	1.0	0	1.0	1.0	1	True
	99	1.0	105.0	0	1.113430584229638	GEM_RT.GAAGCGAGTCGGTGAA	0.30317456295631795	1.0	0	1.0	1.0	1	True
	100	1.0	41.0	0	1.113430584229638	GEM_RT.CTATCCGGTAACATCC	0.30317456295631795	1.0	0	1.0	1.0	1	True
	101	1.0	58.0	0	1.113430584229638	GEM_RT.AGGCCACCAATACAGA	0.30317456295631795	1.0	0	1.0	1.0	1	True
	102	1.0	8.0	0	1.113430584229638	GEM_RT.GCCAGGTTCTAGACAC	0.30317456295631795	1.0	0	1.0	1.0	1	True
	103	1.0	9.0	0	1.113430584229638	GEM_RT.CTCCAACAGATTTGCC	0.30317456295631795	1.0	0	1.0	1.0	1	True
	104	1.0	21.0	0	1.113430584229638	GEM_RT.CAGGCCACAGCCGTTG	0.30317456295631795	1.0	0	1.0	1.0	1	True
	105	1.0	37.0	0	1.113430584229638	GEM_RT.GTTGTGATCATGGGAG	0.30317456295631795	1.0	0	1.0	1.0	1	True
	106	1.0	38.0	0	1.113430584229638	GEM_RT.TAGCACAGTCGGTGAA	0.30317456295631795	1.0	0	1.0	1.0	1	True
