name_tree	id_node	dist	rank	num_descendants	expansion_score	var_fitness	name	mean_fitness	support	num_children	depth_normalized	depth	num_leaf_descendants	is_leaf
	0	0.0		38					1.0	3	0.0	0.0	34	False
	1	1.0	25.0	0		1.0780286477220313	GEM_RT.CCCTAACAGTTTCAGC	0.4338270747801798	1.0	0	0.3333333333333333	1.0	1	True
	2	1.0	4.0	6	-0.0014486074983363743	0.06995370886706453	_1	2.355332543858047	1.0	4	0.3333333333333333	1.0	5	False
	3	1.0	3.0	29	-0.0008286967843554086	0.058689039010957345	_2	2.432370231704909	1.0	5	0.3333333333333333	1.0	28	False
	4	1.0	31.0	0		1.0792050511498021	GEM_RT.CGTTGGGAGTGTACAA	0.39378483060344166	1.0	0	0.6666666666666666	2.0	1	True
	5	1.0	32.0	0		1.0792050511498021	GEM_RT.GCCATGGGTAAGAACT	0.39378483060344166	1.0	0	0.6666666666666666	2.0	1	True
	6	1.0	30.0	0		1.0792050511498021	GEM_RT.TGTTGAGCAAGGGCAT	0.39378483060344166	1.0	0	0.6666666666666666	2.0	1	True
	7	1.0	5.0	2	-0.0039223108101560334	0.13159563021580745	_6	2.0826985813860324	1.0	2	0.6666666666666666	2.0	2	False
	8	1.0	29.0	0		1.0719217635251541	GEM_RT.CGAGTGCGTTATTCCT	0.4259383017482801	1.0	0	0.6666666666666666	2.0	1	True
	9	1.0	28.0	0		1.0719217635251541	GEM_RT.TCATGGATCAATCCAG	0.4259383017482801	1.0	0	0.6666666666666666	2.0	1	True
	10	1.0	27.0	0		1.0719217635251541	GEM_RT.CCACGTTCACATGACT	0.4259383017482801	1.0	0	0.6666666666666666	2.0	1	True
	11	1.0	26.0	0		1.0719217635251541	GEM_RT.CTCAACCCAGGAGGAG	0.4259383017482801	1.0	0	0.6666666666666666	2.0	1	True
	12	1.0	1.0	24	-0.0039223108101560334	0.013545603049223587	_11	2.730197041434718	1.0	24	0.6666666666666666	2.0	24	False
	13	1.0	34.0	0		1.1148840071413373	GEM_RT.TGACAGTTCGGCTCTT	0.26755459572985596	1.0	0	1.0	3.0	1	True
	14	1.0	33.0	0		1.1148840071413373	GEM_RT.GACTCTCGTGACAACG	0.26755459572985596	1.0	0	1.0	3.0	1	True
	15	1.0	21.0	0		1.0481272604238066	GEM_RT.GGAGATGTCTTTGCGC	0.5400852114133408	1.0	0	1.0	3.0	1	True
	16	1.0	24.0	0		1.0481272604238066	GEM_RT.GGGTAGACACTACACA	0.5400852114133408	1.0	0	1.0	3.0	1	True
	17	1.0	10.0	0		1.0481272604238066	GEM_RT.CAGAGCCAGCGACTTT	0.5400852114133408	1.0	0	1.0	3.0	1	True
	18	1.0	6.0	0		1.0481272604238066	GEM_RT.GAAGAATTCGGTCGAC	0.5400852114133408	1.0	0	1.0	3.0	1	True
	19	1.0	22.0	0		1.0481272604238066	GEM_RT.CGAGGCTCATTGGGAG	0.5400852114133408	1.0	0	1.0	3.0	1	True
	20	1.0	17.0	0		1.0481272604238066	GEM_RT.GATGTTGCAGCGTTGC	0.5400852114133408	1.0	0	1.0	3.0	1	True
	21	1.0	2.0	0		1.0481272604238066	GEM_RT.AAGACAACAACGATCT	0.5400852114133408	1.0	0	1.0	3.0	1	True
	22	1.0	20.0	0		1.0481272604238066	GEM_RT.GTCGCGACAACCAATC	0.5400852114133408	1.0	0	1.0	3.0	1	True
	23	1.0	7.0	0		1.0481272604238066	GEM_RT.TTGTGGAAGTCTTCCC	0.5400852114133408	1.0	0	1.0	3.0	1	True
	24	1.0	3.0	0		1.0481272604238066	GEM_RT.GTGCTGGTCACGGGAA	0.5400852114133408	1.0	0	1.0	3.0	1	True
	25	1.0	23.0	0		1.0481272604238066	GEM_RT.TCGTGGGGTCTGTCCT	0.5400852114133408	1.0	0	1.0	3.0	1	True
	26	1.0	5.0	0		1.0481272604238066	GEM_RT.CCGGTGAGTTCGTACA	0.5400852114133408	1.0	0	1.0	3.0	1	True
	27	1.0	9.0	0		1.0481272604238066	GEM_RT.TAGACCACAAGCTGTT	0.5400852114133408	1.0	0	1.0	3.0	1	True
	28	1.0	1.0	0		1.0481272604238066	GEM_RT.GTGATGTTCGTGCTCT	0.5400852114133408	1.0	0	1.0	3.0	1	True
	29	1.0	13.0	0		1.0481272604238066	GEM_RT.TCGCACTCACTTCCTG	0.5400852114133408	1.0	0	1.0	3.0	1	True
	30	1.0	15.0	0		1.0481272604238066	GEM_RT.GTCATCCAGCTCCCTT	0.5400852114133408	1.0	0	1.0	3.0	1	True
	31	1.0	4.0	0		1.0481272604238066	GEM_RT.ATCCCTGTCGGCAGTC	0.5400852114133408	1.0	0	1.0	3.0	1	True
	32	1.0	8.0	0		1.0481272604238066	GEM_RT.GAGACTTGTGCCTATA	0.5400852114133408	1.0	0	1.0	3.0	1	True
	33	1.0	14.0	0		1.0481272604238066	GEM_RT.ACCTGTCTCCGGGACT	0.5400852114133408	1.0	0	1.0	3.0	1	True
	34	1.0	19.0	0		1.0481272604238066	GEM_RT.GTTACGACATTAGGAA	0.5400852114133408	1.0	0	1.0	3.0	1	True
	35	1.0	11.0	0		1.0481272604238066	GEM_RT.CGTGCTTTCAACACCA	0.5400852114133408	1.0	0	1.0	3.0	1	True
	36	1.0	12.0	0		1.0481272604238066	GEM_RT.CCGAACGCAACGTATC	0.5400852114133408	1.0	0	1.0	3.0	1	True
	37	1.0	16.0	0		1.0481272604238066	GEM_RT.GATTTCTGTATTGGCT	0.5400852114133408	1.0	0	1.0	3.0	1	True
	38	1.0	18.0	0		1.0481272604238066	GEM_RT.TTACTGTAGTCTGTAC	0.5400852114133408	1.0	0	1.0	3.0	1	True
