name_tree	id_node	dist	rank	num_descendants	expansion_score	var_fitness	name	mean_fitness	support	num_children	depth_normalized	depth	num_leaf_descendants	is_leaf
	0	0.0		98					1.0	5	0.0	0.0	95	False
	1	1.0	95.0	0		0.9555060719627808	GEM_RT.TCGTGCTTCTTCCCAG	0.9068017611836474	1.0	0	0.5	1.0	1	True
	2	1.0	94.0	0		0.9555060719627808	GEM_RT.AATGGAAAGGCTTAAA	0.9068017611836474	1.0	0	0.5	1.0	1	True
	3	1.0	2.0	30	-0.0002529866440761001	0.012650296493996294	_2	2.9957477297534716	1.0	30	0.5	1.0	30	False
	4	1.0	3.0	30	-0.0002529866440761001	0.012650296493996294	_3	2.9957477297534716	1.0	30	0.5	1.0	30	False
	5	1.0	1.0	33	-0.0002529866440761001	0.010708550911250114	_4	3.0025002558106717	1.0	33	0.5	1.0	33	False
	6	1.0	40.0	0		0.9201965560198964	GEM_RT.TAAGTCGGTATCGAAA	1.0700797309199341	1.0	0	1.0	2.0	1	True
	7	1.0	49.0	0		0.9201965560198964	GEM_RT.TCCCACATCCAGTACA	1.0700797309199341	1.0	0	1.0	2.0	1	True
	8	1.0	41.0	0		0.9201965560198964	GEM_RT.CAGATTGAGTCATCGT	1.0700797309199341	1.0	0	1.0	2.0	1	True
	9	1.0	68.0	0		0.9201965560198964	GEM_RT.TCAAGACCAACTGCCG	1.0700797309199341	1.0	0	1.0	2.0	1	True
	10	1.0	55.0	0		0.9201965560198964	GEM_RT.TGAATGCTCCACGTGG	1.0700797309199341	1.0	0	1.0	2.0	1	True
	11	1.0	63.0	0		0.9201965560198964	GEM_RT.CCGTAGGAGCGTCTCG	1.0700797309199341	1.0	0	1.0	2.0	1	True
	12	1.0	42.0	0		0.9201965560198964	GEM_RT.TTGAGTGCATGTTCAG	1.0700797309199341	1.0	0	1.0	2.0	1	True
	13	1.0	34.0	0		0.9201965560198964	GEM_RT.GGAGGATTCCAAGGGA	1.0700797309199341	1.0	0	1.0	2.0	1	True
	14	1.0	78.0	0		0.9201965560198964	GEM_RT.AGTAACCTCAGGACGA	1.0700797309199341	1.0	0	1.0	2.0	1	True
	15	1.0	75.0	0		0.9201965560198964	GEM_RT.GACATCAGTTACCCAA	1.0700797309199341	1.0	0	1.0	2.0	1	True
	16	1.0	50.0	0		0.9201965560198964	GEM_RT.CAATCGACATAGATCC	1.0700797309199341	1.0	0	1.0	2.0	1	True
	17	1.0	80.0	0		0.9201965560198964	GEM_RT.CCACGAGTCGGTTGTA	1.0700797309199341	1.0	0	1.0	2.0	1	True
	18	1.0	69.0	0		0.9201965560198964	GEM_RT.AACGAAAAGTTAGAAC	1.0700797309199341	1.0	0	1.0	2.0	1	True
	19	1.0	61.0	0		0.9201965560198964	GEM_RT.TAGATCGTCATGCCAA	1.0700797309199341	1.0	0	1.0	2.0	1	True
	20	1.0	47.0	0		0.9201965560198964	GEM_RT.GGGAGATAGTAGACAT	1.0700797309199341	1.0	0	1.0	2.0	1	True
	21	1.0	82.0	0		0.9201965560198964	GEM_RT.CGGAATTGTGTCCCTT	1.0700797309199341	1.0	0	1.0	2.0	1	True
	22	1.0	76.0	0		0.9201965560198964	GEM_RT.GTGGGAAAGAATCCCT	1.0700797309199341	1.0	0	1.0	2.0	1	True
	23	1.0	71.0	0		0.9201965560198964	GEM_RT.TGTAACGAGTGGAAAG	1.0700797309199341	1.0	0	1.0	2.0	1	True
	24	1.0	46.0	0		0.9201965560198964	GEM_RT.GAAACCTTCTAACGGT	1.0700797309199341	1.0	0	1.0	2.0	1	True
	25	1.0	38.0	0		0.9201965560198964	GEM_RT.CTGCTCAAGGGCTAAC	1.0700797309199341	1.0	0	1.0	2.0	1	True
	26	1.0	67.0	0		0.9201965560198964	GEM_RT.GGCAGTCGTCGCATTA	1.0700797309199341	1.0	0	1.0	2.0	1	True
	27	1.0	44.0	0		0.9201965560198964	GEM_RT.ACTTCCGCATTCGGGC	1.0700797309199341	1.0	0	1.0	2.0	1	True
	28	1.0	53.0	0		0.9201965560198964	GEM_RT.ATGTCCCGTGAATTGA	1.0700797309199341	1.0	0	1.0	2.0	1	True
	29	1.0	39.0	0		0.9201965560198964	GEM_RT.GTGCTGGAGATTGCGG	1.0700797309199341	1.0	0	1.0	2.0	1	True
	30	1.0	64.0	0		0.9201965560198964	GEM_RT.CCGATCTGTGATTCAC	1.0700797309199341	1.0	0	1.0	2.0	1	True
	31	1.0	65.0	0		0.9201965560198964	GEM_RT.GAGTCATTCAAGTCGT	1.0700797309199341	1.0	0	1.0	2.0	1	True
	32	1.0	45.0	0		0.9201965560198964	GEM_RT.AGTAACCAGCATCAAA	1.0700797309199341	1.0	0	1.0	2.0	1	True
	33	1.0	54.0	0		0.9201965560198964	GEM_RT.GAAGTAACATAACAGA	1.0700797309199341	1.0	0	1.0	2.0	1	True
	34	1.0	35.0	0		0.9201965560198964	GEM_RT.CGTAATGCAAAGGGTC	1.0700797309199341	1.0	0	1.0	2.0	1	True
	35	1.0	58.0	0		0.9201965560198964	GEM_RT.AGCGTCGGTGCTTCAA	1.0700797309199341	1.0	0	1.0	2.0	1	True
	36	1.0	59.0	0		0.9201965560198964	GEM_RT.AACAACCAGTAAACGT	1.0700797309199341	1.0	0	1.0	2.0	1	True
	37	1.0	74.0	0		0.9201965560198964	GEM_RT.CATCGGGCATGTTCAG	1.0700797309199341	1.0	0	1.0	2.0	1	True
	38	1.0	86.0	0		0.9201965560198964	GEM_RT.CAACAGTAGCTGGCTC	1.0700797309199341	1.0	0	1.0	2.0	1	True
	39	1.0	62.0	0		0.9201965560198964	GEM_RT.CATTCCGCACAATGCT	1.0700797309199341	1.0	0	1.0	2.0	1	True
	40	1.0	73.0	0		0.9201965560198964	GEM_RT.GTAGCTACAAGGCCTC	1.0700797309199341	1.0	0	1.0	2.0	1	True
	41	1.0	51.0	0		0.9201965560198964	GEM_RT.TACGTCCGTTGCGGAA	1.0700797309199341	1.0	0	1.0	2.0	1	True
	42	1.0	92.0	0		0.9201965560198964	GEM_RT.CATTCTAGTAAGGAGA	1.0700797309199341	1.0	0	1.0	2.0	1	True
	43	1.0	57.0	0		0.9201965560198964	GEM_RT.AGGGTCCGTGCGACAA	1.0700797309199341	1.0	0	1.0	2.0	1	True
	44	1.0	89.0	0		0.9201965560198964	GEM_RT.AAATGGACAGCTATTG	1.0700797309199341	1.0	0	1.0	2.0	1	True
	45	1.0	88.0	0		0.9201965560198964	GEM_RT.GTGTGGCTCACCTCGT	1.0700797309199341	1.0	0	1.0	2.0	1	True
	46	1.0	81.0	0		0.9201965560198964	GEM_RT.GCAGTTAAGAAATCCA	1.0700797309199341	1.0	0	1.0	2.0	1	True
	47	1.0	93.0	0		0.9201965560198964	GEM_RT.TCTTTGATCGTGGTAT	1.0700797309199341	1.0	0	1.0	2.0	1	True
	48	1.0	48.0	0		0.9201965560198964	GEM_RT.CAGCACGTCGTTCTAT	1.0700797309199341	1.0	0	1.0	2.0	1	True
	49	1.0	87.0	0		0.9201965560198964	GEM_RT.CCTCTAGTCGCAATTG	1.0700797309199341	1.0	0	1.0	2.0	1	True
	50	1.0	77.0	0		0.9201965560198964	GEM_RT.TTCGCTGCAAAGCACG	1.0700797309199341	1.0	0	1.0	2.0	1	True
	51	1.0	84.0	0		0.9201965560198964	GEM_RT.CGCCATTCAGAGGGTT	1.0700797309199341	1.0	0	1.0	2.0	1	True
	52	1.0	66.0	0		0.9201965560198964	GEM_RT.CGAGAAGAGGTCCTGC	1.0700797309199341	1.0	0	1.0	2.0	1	True
	53	1.0	70.0	0		0.9201965560198964	GEM_RT.CTGGCAGTCTGGACCG	1.0700797309199341	1.0	0	1.0	2.0	1	True
	54	1.0	52.0	0		0.9201965560198964	GEM_RT.TGTGATGTCAGCTCTC	1.0700797309199341	1.0	0	1.0	2.0	1	True
	55	1.0	72.0	0		0.9201965560198964	GEM_RT.CTCAGAACAACGGTAG	1.0700797309199341	1.0	0	1.0	2.0	1	True
	56	1.0	43.0	0		0.9201965560198964	GEM_RT.CTCCCTCTCGTTCCTG	1.0700797309199341	1.0	0	1.0	2.0	1	True
	57	1.0	56.0	0		0.9201965560198964	GEM_RT.TTTCACATCTCTGCCA	1.0700797309199341	1.0	0	1.0	2.0	1	True
	58	1.0	37.0	0		0.9201965560198964	GEM_RT.GGGACTCAGCATTTCG	1.0700797309199341	1.0	0	1.0	2.0	1	True
	59	1.0	91.0	0		0.9201965560198964	GEM_RT.ATAGGCTCAACAGCCC	1.0700797309199341	1.0	0	1.0	2.0	1	True
	60	1.0	90.0	0		0.9201965560198964	GEM_RT.GTAACACCAAGCTGCC	1.0700797309199341	1.0	0	1.0	2.0	1	True
	61	1.0	79.0	0		0.9201965560198964	GEM_RT.CAACCTCTCGTTCTGC	1.0700797309199341	1.0	0	1.0	2.0	1	True
	62	1.0	60.0	0		0.9201965560198964	GEM_RT.CTATAGGTCAGGAGAC	1.0700797309199341	1.0	0	1.0	2.0	1	True
	63	1.0	83.0	0		0.9201965560198964	GEM_RT.TGATTTCAGTCGAAGC	1.0700797309199341	1.0	0	1.0	2.0	1	True
	64	1.0	85.0	0		0.9201965560198964	GEM_RT.CCTCCAACAGGATGAC	1.0700797309199341	1.0	0	1.0	2.0	1	True
	65	1.0	36.0	0		0.9201965560198964	GEM_RT.GCAGCCAAGATTGACA	1.0700797309199341	1.0	0	1.0	2.0	1	True
	66	1.0	15.0	0		0.9192851099958472	GEM_RT.TCCTCTTAGCGGGTAT	1.0740653053704377	1.0	0	1.0	2.0	1	True
	67	1.0	28.0	0		0.9192851099958472	GEM_RT.ACTATCTAGCCATTCA	1.0740653053704377	1.0	0	1.0	2.0	1	True
	68	1.0	23.0	0		0.9192851099958472	GEM_RT.TATTGCTAGACTTCAC	1.0740653053704377	1.0	0	1.0	2.0	1	True
	69	1.0	7.0	0		0.9192851099958472	GEM_RT.CGGACACTCTGAGCAT	1.0740653053704377	1.0	0	1.0	2.0	1	True
	70	1.0	33.0	0		0.9192851099958472	GEM_RT.ATGGGAGTCTGGGATT	1.0740653053704377	1.0	0	1.0	2.0	1	True
	71	1.0	11.0	0		0.9192851099958472	GEM_RT.ATAGACCGTGAGCGAT	1.0740653053704377	1.0	0	1.0	2.0	1	True
	72	1.0	12.0	0		0.9192851099958472	GEM_RT.AGAACCTTCGATGCAT	1.0740653053704377	1.0	0	1.0	2.0	1	True
	73	1.0	21.0	0		0.9192851099958472	GEM_RT.TCCTTTCCACGTTCGG	1.0740653053704377	1.0	0	1.0	2.0	1	True
	74	1.0	13.0	0		0.9192851099958472	GEM_RT.CGAGGAAAGTCCTGTA	1.0740653053704377	1.0	0	1.0	2.0	1	True
	75	1.0	20.0	0		0.9192851099958472	GEM_RT.TCAGCAATCGCAATGT	1.0740653053704377	1.0	0	1.0	2.0	1	True
	76	1.0	6.0	0		0.9192851099958472	GEM_RT.ATTCACTAGAGCATCG	1.0740653053704377	1.0	0	1.0	2.0	1	True
	77	1.0	29.0	0		0.9192851099958472	GEM_RT.CTCAATTTCTCTCTTC	1.0740653053704377	1.0	0	1.0	2.0	1	True
	78	1.0	1.0	0		0.9192851099958472	GEM_RT.ACAGAAAGTCGTATGT	1.0740653053704377	1.0	0	1.0	2.0	1	True
	79	1.0	32.0	0		0.9192851099958472	GEM_RT.CGAGGAAAGGGACCAT	1.0740653053704377	1.0	0	1.0	2.0	1	True
	80	1.0	8.0	0		0.9192851099958472	GEM_RT.ACGGGTCCACGCTGAC	1.0740653053704377	1.0	0	1.0	2.0	1	True
	81	1.0	30.0	0		0.9192851099958472	GEM_RT.CCCTGATTCGACGCTG	1.0740653053704377	1.0	0	1.0	2.0	1	True
	82	1.0	16.0	0		0.9192851099958472	GEM_RT.AAGACTCAGTGGTTGG	1.0740653053704377	1.0	0	1.0	2.0	1	True
	83	1.0	5.0	0		0.9192851099958472	GEM_RT.GATGACTTCGATGCTA	1.0740653053704377	1.0	0	1.0	2.0	1	True
	84	1.0	9.0	0		0.9192851099958472	GEM_RT.CCGGGTAGTGAAGCGT	1.0740653053704377	1.0	0	1.0	2.0	1	True
	85	1.0	3.0	0		0.9192851099958472	GEM_RT.AGTTAGCAGGGAGTGG	1.0740653053704377	1.0	0	1.0	2.0	1	True
	86	1.0	27.0	0		0.9192851099958472	GEM_RT.TTGTTCAGTCTGCCTT	1.0740653053704377	1.0	0	1.0	2.0	1	True
	87	1.0	4.0	0		0.9192851099958472	GEM_RT.GGACGTCGTACATTGC	1.0740653053704377	1.0	0	1.0	2.0	1	True
	88	1.0	10.0	0		0.9192851099958472	GEM_RT.CCTCCAAGTGTTAACC	1.0740653053704377	1.0	0	1.0	2.0	1	True
	89	1.0	19.0	0		0.9192851099958472	GEM_RT.AGGCTGCAGTGATAGT	1.0740653053704377	1.0	0	1.0	2.0	1	True
	90	1.0	18.0	0		0.9192851099958472	GEM_RT.CGGGACTAGTGCGACA	1.0740653053704377	1.0	0	1.0	2.0	1	True
	91	1.0	22.0	0		0.9192851099958472	GEM_RT.TTTCCTCAGACGCAGT	1.0740653053704377	1.0	0	1.0	2.0	1	True
	92	1.0	31.0	0		0.9192851099958472	GEM_RT.ACTGCAAGTGATAGTA	1.0740653053704377	1.0	0	1.0	2.0	1	True
	93	1.0	26.0	0		0.9192851099958472	GEM_RT.GTTTACTCAGCTATAC	1.0740653053704377	1.0	0	1.0	2.0	1	True
	94	1.0	17.0	0		0.9192851099958472	GEM_RT.GAGCCTGGTGCCGTTG	1.0740653053704377	1.0	0	1.0	2.0	1	True
	95	1.0	24.0	0		0.9192851099958472	GEM_RT.ATCTCTAGTTTACTTC	1.0740653053704377	1.0	0	1.0	2.0	1	True
	96	1.0	25.0	0		0.9192851099958472	GEM_RT.TGTAGACGTCACCCTT	1.0740653053704377	1.0	0	1.0	2.0	1	True
	97	1.0	2.0	0		0.9192851099958472	GEM_RT.GCCTGTTCATGCCGCA	1.0740653053704377	1.0	0	1.0	2.0	1	True
	98	1.0	14.0	0		0.9192851099958472	GEM_RT.GGGCTACCACACGCCA	1.0740653053704377	1.0	0	1.0	2.0	1	True
