name_tree	id_node	dist	rank	num_descendants	expansion_score	var_fitness	name	mean_fitness	support	num_children	depth_normalized	depth	num_leaf_descendants	is_leaf
	0	0.0		56					1.0	4	0.0	0.0	53	False
	1	1.0	49.0	0		1.0952527915657133	GEM_RT.TCCCAGTCATGATAGA	0.36630523354103206	1.0	0	0.5	1.0	1	True
	2	1.0	4.0	2	-0.0001370838772886876	0.12466801867466248	_1	2.071088902907289	1.0	2	0.5	1.0	2	False
	3	1.0	3.0	2	-0.0001370838772886876	0.12466801867466248	_2	2.071088902907289	1.0	2	0.5	1.0	2	False
	4	1.0	1.0	48	-0.0001370838772886876	0.0027794733449297837	_3	2.742909271439796	1.0	48	0.5	1.0	48	False
	5	1.0	51.0	0		1.1326236180979816	GEM_RT.TCGGGACCACTACCGG	0.2127132637558342	1.0	0	1.0	2.0	1	True
	6	1.0	52.0	0		1.1326236180979816	GEM_RT.ACTGTCCTCTCCGATC	0.2127132637558342	1.0	0	1.0	2.0	1	True
	7	1.0	50.0	0		1.1326236180979816	GEM_RT.GGTGATTCAATCAGCT	0.2127132637558342	1.0	0	1.0	2.0	1	True
	8	1.0	53.0	0		1.1326236180979816	GEM_RT.ATTCAGGCACTCACTC	0.2127132637558342	1.0	0	1.0	2.0	1	True
	9	1.0	18.0	0		1.0751219366710294	GEM_RT.TCCACGTTCGGCAGTC	0.44176291887946983	1.0	0	1.0	2.0	1	True
	10	1.0	30.0	0		1.0751219366710294	GEM_RT.ACGTAACGTGGCACTC	0.44176291887946983	1.0	0	1.0	2.0	1	True
	11	1.0	20.0	0		1.0751219366710294	GEM_RT.AAGATAGTCGGTGAAG	0.44176291887946983	1.0	0	1.0	2.0	1	True
	12	1.0	9.0	0		1.0751219366710294	GEM_RT.CCACCATGTACGGCAA	0.44176291887946983	1.0	0	1.0	2.0	1	True
	13	1.0	38.0	0		1.0751219366710294	GEM_RT.GTAACACGTACGAGCA	0.44176291887946983	1.0	0	1.0	2.0	1	True
	14	1.0	25.0	0		1.0751219366710294	GEM_RT.AAAGGATAGTAGCATA	0.44176291887946983	1.0	0	1.0	2.0	1	True
	15	1.0	43.0	0		1.0751219366710294	GEM_RT.TTGAGTGGTCAGTCTA	0.44176291887946983	1.0	0	1.0	2.0	1	True
	16	1.0	11.0	0		1.0751219366710294	GEM_RT.CTGGTCTCAGAGGACT	0.44176291887946983	1.0	0	1.0	2.0	1	True
	17	1.0	31.0	0		1.0751219366710294	GEM_RT.GGAATGGGTGACAGCA	0.44176291887946983	1.0	0	1.0	2.0	1	True
	18	1.0	44.0	0		1.0751219366710294	GEM_RT.TACCCGTTCCATAAGC	0.44176291887946983	1.0	0	1.0	2.0	1	True
	19	1.0	35.0	0		1.0751219366710294	GEM_RT.ATCCCTGCAAATGAGT	0.44176291887946983	1.0	0	1.0	2.0	1	True
	20	1.0	41.0	0		1.0751219366710294	GEM_RT.CGTTCTGAGTCACACT	0.44176291887946983	1.0	0	1.0	2.0	1	True
	21	1.0	33.0	0		1.0751219366710294	GEM_RT.AATGGAACATGCCGCA	0.44176291887946983	1.0	0	1.0	2.0	1	True
	22	1.0	40.0	0		1.0751219366710294	GEM_RT.CTGTCGTTCGTGGCGT	0.44176291887946983	1.0	0	1.0	2.0	1	True
	23	1.0	2.0	0		1.0751219366710294	GEM_RT.CAACGATAGGGACCAT	0.44176291887946983	1.0	0	1.0	2.0	1	True
	24	1.0	48.0	0		1.0751219366710294	GEM_RT.TCGTAGACACAGTCCG	0.44176291887946983	1.0	0	1.0	2.0	1	True
	25	1.0	39.0	0		1.0751219366710294	GEM_RT.GGATGTTGTGAATAAC	0.44176291887946983	1.0	0	1.0	2.0	1	True
	26	1.0	14.0	0		1.0751219366710294	GEM_RT.TCCTTCTGTAGAGATT	0.44176291887946983	1.0	0	1.0	2.0	1	True
	27	1.0	24.0	0		1.0751219366710294	GEM_RT.ATTCGTTAGCCTCCAG	0.44176291887946983	1.0	0	1.0	2.0	1	True
	28	1.0	21.0	0		1.0751219366710294	GEM_RT.GGGTATTAGGAGTCTG	0.44176291887946983	1.0	0	1.0	2.0	1	True
	29	1.0	13.0	0		1.0751219366710294	GEM_RT.CTCAGTCTCTATACTC	0.44176291887946983	1.0	0	1.0	2.0	1	True
	30	1.0	29.0	0		1.0751219366710294	GEM_RT.TTTGATCAGGGAGATA	0.44176291887946983	1.0	0	1.0	2.0	1	True
	31	1.0	10.0	0		1.0751219366710294	GEM_RT.TGCGATAGTGAATTGA	0.44176291887946983	1.0	0	1.0	2.0	1	True
	32	1.0	23.0	0		1.0751219366710294	GEM_RT.ATCTCTAAGACTTAAG	0.44176291887946983	1.0	0	1.0	2.0	1	True
	33	1.0	36.0	0		1.0751219366710294	GEM_RT.TTTGACTAGCTTAAGA	0.44176291887946983	1.0	0	1.0	2.0	1	True
	34	1.0	1.0	0		1.0751219366710294	GEM_RT.TGCACGGAGCCTCATA	0.44176291887946983	1.0	0	1.0	2.0	1	True
	35	1.0	34.0	0		1.0751219366710294	GEM_RT.GGGCTACAGGGTTGCA	0.44176291887946983	1.0	0	1.0	2.0	1	True
	36	1.0	12.0	0		1.0751219366710294	GEM_RT.AGAAATGGTCAGTCTA	0.44176291887946983	1.0	0	1.0	2.0	1	True
	37	1.0	19.0	0		1.0751219366710294	GEM_RT.TCGAAGTAGCCAACCC	0.44176291887946983	1.0	0	1.0	2.0	1	True
	38	1.0	15.0	0		1.0751219366710294	GEM_RT.CGGGCATAGAGTTCGG	0.44176291887946983	1.0	0	1.0	2.0	1	True
	39	1.0	6.0	0		1.0751219366710294	GEM_RT.TCAATCTGTCGTTTCC	0.44176291887946983	1.0	0	1.0	2.0	1	True
	40	1.0	22.0	0		1.0751219366710294	GEM_RT.TCACATTTCGCAACAT	0.44176291887946983	1.0	0	1.0	2.0	1	True
	41	1.0	42.0	0		1.0751219366710294	GEM_RT.TACAGGTGTAAGCAAT	0.44176291887946983	1.0	0	1.0	2.0	1	True
	42	1.0	17.0	0		1.0751219366710294	GEM_RT.AATGACCCAGAGTTCT	0.44176291887946983	1.0	0	1.0	2.0	1	True
	43	1.0	37.0	0		1.0751219366710294	GEM_RT.CATTCCGCACACCAGC	0.44176291887946983	1.0	0	1.0	2.0	1	True
	44	1.0	7.0	0		1.0751219366710294	GEM_RT.GTGTAACAGGTGATAT	0.44176291887946983	1.0	0	1.0	2.0	1	True
	45	1.0	46.0	0		1.0751219366710294	GEM_RT.GTAGCTAGTCGGAACA	0.44176291887946983	1.0	0	1.0	2.0	1	True
	46	1.0	5.0	0		1.0751219366710294	GEM_RT.TCCGAAACAGTGGTGA	0.44176291887946983	1.0	0	1.0	2.0	1	True
	47	1.0	27.0	0		1.0751219366710294	GEM_RT.TTTGACTAGTGCACAG	0.44176291887946983	1.0	0	1.0	2.0	1	True
	48	1.0	8.0	0		1.0751219366710294	GEM_RT.GCCCAGACAGCACCCA	0.44176291887946983	1.0	0	1.0	2.0	1	True
	49	1.0	32.0	0		1.0751219366710294	GEM_RT.CGTTCTGTCATTACTC	0.44176291887946983	1.0	0	1.0	2.0	1	True
	50	1.0	28.0	0		1.0751219366710294	GEM_RT.TGAGGAGGTCCAATCA	0.44176291887946983	1.0	0	1.0	2.0	1	True
	51	1.0	4.0	0		1.0751219366710294	GEM_RT.GTGAGCCCAAGCGGAT	0.44176291887946983	1.0	0	1.0	2.0	1	True
	52	1.0	16.0	0		1.0751219366710294	GEM_RT.TTACTGTAGAGTGGCT	0.44176291887946983	1.0	0	1.0	2.0	1	True
	53	1.0	26.0	0		1.0751219366710294	GEM_RT.TCAATCTAGATAACGT	0.44176291887946983	1.0	0	1.0	2.0	1	True
	54	1.0	47.0	0		1.0751219366710294	GEM_RT.GTGTCCTTCGGATACT	0.44176291887946983	1.0	0	1.0	2.0	1	True
	55	1.0	3.0	0		1.0751219366710294	GEM_RT.CGGAGAATCGAACGGA	0.44176291887946983	1.0	0	1.0	2.0	1	True
	56	1.0	45.0	0		1.0751219366710294	GEM_RT.GCAGGCTAGCCAAGGT	0.44176291887946983	1.0	0	1.0	2.0	1	True
