name_tree	id_node	dist	rank	num_descendants	expansion_score	var_fitness	name	mean_fitness	support	num_children	depth_normalized	depth	num_leaf_descendants	is_leaf
	0	0.0		436					1.0	26	0.0	0.0	373	False
	1	1.0	135.0	0		0.9721300535688128	Met_MGH.CTAGACACATGGACAG	0.8510099440322887	1.0	0	0.2	1.0	1	True
	2	1.0	133.0	0		0.9721300535688128	Met_MGH.GATTTCTCAGCAGACA	0.8510099440322887	1.0	0	0.2	1.0	1	True
	3	1.0	138.0	0		0.9721300535688128	Met_MGH.ACTTCGCGTCACTTCC	0.8510099440322887	1.0	0	0.2	1.0	1	True
	4	1.0	134.0	0		0.9721300535688128	Met_MGH.TAACTTCCACCCAAGC	0.8510099440322887	1.0	0	0.2	1.0	1	True
	5	1.0	123.0	0		0.9721300535688128	Met_MGH.AACCACATCTGTGTGA	0.8510099440322887	1.0	0	0.2	1.0	1	True
	6	1.0	142.0	0		0.9721300535688128	Met_MGH.CTAGGTACAACGAGGT	0.8510099440322887	1.0	0	0.2	1.0	1	True
	7	1.0	130.0	0		0.9721300535688128	Met_MGH.CAGTTAGGTAGACAGC	0.8510099440322887	1.0	0	0.2	1.0	1	True
	8	1.0	139.0	0		0.9721300535688128	Met_MGH.AGACAGGCACTCGATA	0.8510099440322887	1.0	0	0.2	1.0	1	True
	9	1.0	124.0	0		0.9721300535688128	Met_MGH.TCAGTGAGTATCCCTC	0.8510099440322887	1.0	0	0.2	1.0	1	True
	10	1.0	127.0	0		0.9721300535688128	Met_MGH.TGATCAGGTCCTACAA	0.8510099440322887	1.0	0	0.2	1.0	1	True
	11	1.0	140.0	0		0.9721300535688128	Met_MGH.CCGATGGAGTGCCTCG	0.8510099440322887	1.0	0	0.2	1.0	1	True
	12	1.0	136.0	0		0.9721300535688128	Met_MGH.GCGGATCCATGCCATA	0.8510099440322887	1.0	0	0.2	1.0	1	True
	13	1.0	129.0	0		0.9721300535688128	Met_MGH.GTTACAGGTAAGTTAG	0.8510099440322887	1.0	0	0.2	1.0	1	True
	14	1.0	137.0	0		0.9721300535688128	Met_MGH.TTACCATGTACACTCA	0.8510099440322887	1.0	0	0.2	1.0	1	True
	15	1.0	132.0	0		0.9721300535688128	Met_MGH.TAAGCCATCGAGAAGC	0.8510099440322887	1.0	0	0.2	1.0	1	True
	16	1.0	141.0	0		0.9721300535688128	Met_MGH.CATGCGGAGCTCACTA	0.8510099440322887	1.0	0	0.2	1.0	1	True
	17	1.0	122.0	0		0.9721300535688128	Met_MGH.CTACCTGTCGAATGCT	0.8510099440322887	1.0	0	0.2	1.0	1	True
	18	1.0	121.0	0		0.9721300535688128	Met_MGH.GTTTACTTCCGTTGGG	0.8510099440322887	1.0	0	0.2	1.0	1	True
	19	1.0	126.0	0		0.9721300535688128	Met_MGH.CTGATCCAGGTTTACC	0.8510099440322887	1.0	0	0.2	1.0	1	True
	20	1.0	125.0	0		0.9721300535688128	Met_MGH.AGTCATGAGCACCAGA	0.8510099440322887	1.0	0	0.2	1.0	1	True
	21	1.0	128.0	0		0.9721300535688128	Met_MGH.TTAGTCTAGTAATCCC	0.8510099440322887	1.0	0	0.2	1.0	1	True
	22	1.0	131.0	0		0.9721300535688128	Met_MGH.TGTCCACCAGCACGAA	0.8510099440322887	1.0	0	0.2	1.0	1	True
	23	1.0	20.0	3	-0.024490044535423746	0.10507825429986006	_22	2.3514475914142734	1.0	3	0.2	1.0	3	False
	24	1.0	22.0	3	-0.024490044535423746	0.10507825429986006	_23	2.3514475914142734	1.0	3	0.2	1.0	3	False
	25	1.0	21.0	3	-0.024490044535423746	0.10507825429986006	_24	2.3514475914142734	1.0	3	0.2	1.0	3	False
	26	1.0	4.0	401	0.014248859148230143	0.004706587456805522	_25	2.770507719544507	1.0	98	0.2	1.0	342	False
	27	1.0	282.0	0		1.0316478762522228	Met_MGH.CCCATTGTCCACACAA	0.5576586747490002	1.0	0	0.4	2.0	1	True
	28	1.0	283.0	0		1.0316478762522228	Met_MGH.CCTAACCGTGGCTGCT	0.5576586747490002	1.0	0	0.4	2.0	1	True
	29	1.0	284.0	0		1.0316478762522228	Met_MGH.CAATACGTCTGGCTGG	0.5576586747490002	1.0	0	0.4	2.0	1	True
	30	1.0	281.0	0		1.0316478762522228	Met_MGH.GCAGGCTTCATAGAGA	0.5576586747490002	1.0	0	0.4	2.0	1	True
	31	1.0	287.0	0		1.0316478762522228	Met_MGH.CCTACGTGTGCGAGTA	0.5576586747490002	1.0	0	0.4	2.0	1	True
	32	1.0	280.0	0		1.0316478762522228	Met_MGH.TACCTCGTCGTGGGTC	0.5576586747490002	1.0	0	0.4	2.0	1	True
	33	1.0	286.0	0		1.0316478762522228	Met_MGH.TCATCATCATGTTCGA	0.5576586747490002	1.0	0	0.4	2.0	1	True
	34	1.0	285.0	0		1.0316478762522228	Met_MGH.CTGGCAGAGGCCTTCG	0.5576586747490002	1.0	0	0.4	2.0	1	True
	35	1.0	279.0	0		1.0316478762522228	Met_MGH.TGCAGTATCGCGTAGC	0.5576586747490002	1.0	0	0.4	2.0	1	True
	36	1.0	189.0	0		0.9734162702968543	Met_MGH.GCCTGTTCATTGCTTT	0.7964397468969002	1.0	0	0.4	2.0	1	True
	37	1.0	194.0	0		0.9734162702968543	Met_MGH.CCTAAGATCACCGACG	0.7964397468969002	1.0	0	0.4	2.0	1	True
	38	1.0	145.0	0		0.9734162702968543	Met_MGH.GTGATGTCAAGAGTTA	0.7964397468969002	1.0	0	0.4	2.0	1	True
	39	1.0	143.0	0		0.9734162702968543	Met_MGH.CTCACTGTCAAGAGGC	0.7964397468969002	1.0	0	0.4	2.0	1	True
	40	1.0	166.0	0		0.9734162702968543	Met_MGH.TCCGATCTCGGCTTCT	0.7964397468969002	1.0	0	0.4	2.0	1	True
	41	1.0	192.0	0		0.9734162702968543	Met_MGH.TGAACGTAGGTAGACC	0.7964397468969002	1.0	0	0.4	2.0	1	True
	42	1.0	165.0	0		0.9734162702968543	Met_MGH.ACAAGCTTCATGACAC	0.7964397468969002	1.0	0	0.4	2.0	1	True
	43	1.0	191.0	0		0.9734162702968543	Met_MGH.TTCTCTCAGGTTCTTG	0.7964397468969002	1.0	0	0.4	2.0	1	True
	44	1.0	179.0	0		0.9734162702968543	Met_MGH.TCTATACGTCGTGGTC	0.7964397468969002	1.0	0	0.4	2.0	1	True
	45	1.0	157.0	0		0.9734162702968543	Met_MGH.CACGTTCTCGTAGTGT	0.7964397468969002	1.0	0	0.4	2.0	1	True
	46	1.0	186.0	0		0.9734162702968543	Met_MGH.CCTCAACAGTCTGGTT	0.7964397468969002	1.0	0	0.4	2.0	1	True
	47	1.0	190.0	0		0.9734162702968543	Met_MGH.ACACCAATCACAAGAA	0.7964397468969002	1.0	0	0.4	2.0	1	True
	48	1.0	200.0	0		0.9734162702968543	Met_MGH.GCGGAAAAGTCGAAAT	0.7964397468969002	1.0	0	0.4	2.0	1	True
	49	1.0	163.0	0		0.9734162702968543	Met_MGH.AGGCATTGTGGTCTAT	0.7964397468969002	1.0	0	0.4	2.0	1	True
	50	1.0	160.0	0		0.9734162702968543	Met_MGH.CTTACCGGTCTACTGA	0.7964397468969002	1.0	0	0.4	2.0	1	True
	51	1.0	169.0	0		0.9734162702968543	Met_MGH.AGGCTGCAGTCACTAC	0.7964397468969002	1.0	0	0.4	2.0	1	True
	52	1.0	185.0	0		0.9734162702968543	Met_MGH.AGCGCTGCACACTTAG	0.7964397468969002	1.0	0	0.4	2.0	1	True
	53	1.0	177.0	0		0.9734162702968543	Met_MGH.TTCGCTGGTTCAAGTC	0.7964397468969002	1.0	0	0.4	2.0	1	True
	54	1.0	167.0	0		0.9734162702968543	Met_MGH.CACGTGGAGTCAGCGA	0.7964397468969002	1.0	0	0.4	2.0	1	True
	55	1.0	176.0	0		0.9734162702968543	Met_MGH.CCTCACACACTCTGCT	0.7964397468969002	1.0	0	0.4	2.0	1	True
	56	1.0	161.0	0		0.9734162702968543	Met_MGH.AGTAACCTCCATTGTT	0.7964397468969002	1.0	0	0.4	2.0	1	True
	57	1.0	181.0	0		0.9734162702968543	Met_MGH.CTACCTGCAAAGTGTA	0.7964397468969002	1.0	0	0.4	2.0	1	True
	58	1.0	151.0	0		0.9734162702968543	Met_MGH.ACAGGGAAGGGAGGCA	0.7964397468969002	1.0	0	0.4	2.0	1	True
	59	1.0	164.0	0		0.9734162702968543	Met_MGH.GCTTCACTCGTAACCA	0.7964397468969002	1.0	0	0.4	2.0	1	True
	60	1.0	148.0	0		0.9734162702968543	Met_MGH.CTACCTGAGCCTCGTG	0.7964397468969002	1.0	0	0.4	2.0	1	True
	61	1.0	178.0	0		0.9734162702968543	Met_MGH.TGACTCCTCCACAGGC	0.7964397468969002	1.0	0	0.4	2.0	1	True
	62	1.0	172.0	0		0.9734162702968543	Met_MGH.ATCCATTTCCAGTTCC	0.7964397468969002	1.0	0	0.4	2.0	1	True
	63	1.0	196.0	0		0.9734162702968543	Met_MGH.ATAGACCTCGCGAAGA	0.7964397468969002	1.0	0	0.4	2.0	1	True
	64	1.0	150.0	0		0.9734162702968543	Met_MGH.GTTCCGTAGTGGTTCT	0.7964397468969002	1.0	0	0.4	2.0	1	True
	65	1.0	173.0	0		0.9734162702968543	Met_MGH.TGGAGGATCCGCACTT	0.7964397468969002	1.0	0	0.4	2.0	1	True
	66	1.0	193.0	0		0.9734162702968543	Met_MGH.ACGTTCCTCACTACGA	0.7964397468969002	1.0	0	0.4	2.0	1	True
	67	1.0	152.0	0		0.9734162702968543	Met_MGH.CTTCCTTGTAAGAACT	0.7964397468969002	1.0	0	0.4	2.0	1	True
	68	1.0	183.0	0		0.9734162702968543	Met_MGH.CCTAAGACACAGAGCA	0.7964397468969002	1.0	0	0.4	2.0	1	True
	69	1.0	171.0	0		0.9734162702968543	Met_MGH.CACTGGGAGGTATAGT	0.7964397468969002	1.0	0	0.4	2.0	1	True
	70	1.0	149.0	0		0.9734162702968543	Met_MGH.GTTGTGACAGCTCGGT	0.7964397468969002	1.0	0	0.4	2.0	1	True
	71	1.0	146.0	0		0.9734162702968543	Met_MGH.TCATATCAGGAAGAAC	0.7964397468969002	1.0	0	0.4	2.0	1	True
	72	1.0	153.0	0		0.9734162702968543	Met_MGH.GCGATCGTCCCTTGTG	0.7964397468969002	1.0	0	0.4	2.0	1	True
	73	1.0	199.0	0		0.9734162702968543	Met_MGH.CATACTTTCAGTGATC	0.7964397468969002	1.0	0	0.4	2.0	1	True
	74	1.0	182.0	0		0.9734162702968543	Met_MGH.CAACAGTCAGAAATTG	0.7964397468969002	1.0	0	0.4	2.0	1	True
	75	1.0	156.0	0		0.9734162702968543	Met_MGH.CTCAGGGAGTTAGTAG	0.7964397468969002	1.0	0	0.4	2.0	1	True
	76	1.0	154.0	0		0.9734162702968543	Met_MGH.CTCATCGCATCGAACT	0.7964397468969002	1.0	0	0.4	2.0	1	True
	77	1.0	184.0	0		0.9734162702968543	Met_MGH.GGAGGATCAAACTCGT	0.7964397468969002	1.0	0	0.4	2.0	1	True
	78	1.0	187.0	0		0.9734162702968543	Met_MGH.GAGACCCTCTAGTGTG	0.7964397468969002	1.0	0	0.4	2.0	1	True
	79	1.0	188.0	0		0.9734162702968543	Met_MGH.GTCCTCAAGACATAAC	0.7964397468969002	1.0	0	0.4	2.0	1	True
	80	1.0	174.0	0		0.9734162702968543	Met_MGH.GTTGCGGCATGGGTCC	0.7964397468969002	1.0	0	0.4	2.0	1	True
	81	1.0	147.0	0		0.9734162702968543	Met_MGH.TATCTGTAGCTTCGTA	0.7964397468969002	1.0	0	0.4	2.0	1	True
	82	1.0	155.0	0		0.9734162702968543	Met_MGH.ATTCATCCAGTCAGTT	0.7964397468969002	1.0	0	0.4	2.0	1	True
	83	1.0	175.0	0		0.9734162702968543	Met_MGH.AAAGAACAGAGGACTC	0.7964397468969002	1.0	0	0.4	2.0	1	True
	84	1.0	144.0	0		0.9734162702968543	Met_MGH.AGAAATGGTGATCATC	0.7964397468969002	1.0	0	0.4	2.0	1	True
	85	1.0	198.0	0		0.9734162702968543	Met_MGH.GGCAGTCTCGACACTA	0.7964397468969002	1.0	0	0.4	2.0	1	True
	86	1.0	197.0	0		0.9734162702968543	Met_MGH.CCTTTGGAGAGGGTGG	0.7964397468969002	1.0	0	0.4	2.0	1	True
	87	1.0	158.0	0		0.9734162702968543	Met_MGH.TCCTCTTTCCAAGGGA	0.7964397468969002	1.0	0	0.4	2.0	1	True
	88	1.0	180.0	0		0.9734162702968543	Met_MGH.CAGTTAGCAGGTCAAG	0.7964397468969002	1.0	0	0.4	2.0	1	True
	89	1.0	162.0	0		0.9734162702968543	Met_MGH.GTGGCGTCACATGGTT	0.7964397468969002	1.0	0	0.4	2.0	1	True
	90	1.0	168.0	0		0.9734162702968543	Met_MGH.AAATGGAGTGATGTAA	0.7964397468969002	1.0	0	0.4	2.0	1	True
	91	1.0	170.0	0		0.9734162702968543	Met_MGH.CGTCAAATCTATCGTT	0.7964397468969002	1.0	0	0.4	2.0	1	True
	92	1.0	159.0	0		0.9734162702968543	Met_MGH.GTCACGGCATGGCACC	0.7964397468969002	1.0	0	0.4	2.0	1	True
	93	1.0	195.0	0		0.9734162702968543	Met_MGH.CGAGTTATCAATCTTC	0.7964397468969002	1.0	0	0.4	2.0	1	True
	94	1.0	40.0	2	-0.022164952752834817	0.15075342078400578	_93	2.1383018848868924	1.0	2	0.4	2.0	2	False
	95	1.0	35.0	2	-0.022164952752834817	0.15075342078400578	_94	2.1383018848868924	1.0	2	0.4	2.0	2	False
	96	1.0	31.0	2	-0.022164952752834817	0.15075342078400578	_95	2.1383018848868924	1.0	2	0.4	2.0	2	False
	97	1.0	43.0	2	-0.022164952752834817	0.15075342078400578	_96	2.1383018848868924	1.0	2	0.4	2.0	2	False
	98	1.0	47.0	2	-0.022164952752834817	0.15075342078400578	_97	2.1383018848868924	1.0	2	0.4	2.0	2	False
	99	1.0	38.0	2	-0.022164952752834817	0.15075342078400578	_98	2.1383018848868924	1.0	2	0.4	2.0	2	False
	100	1.0	37.0	2	-0.022164952752834817	0.15075342078400578	_99	2.1383018848868924	1.0	2	0.4	2.0	2	False
	101	1.0	36.0	2	-0.022164952752834817	0.15075342078400578	_100	2.1383018848868924	1.0	2	0.4	2.0	2	False
	102	1.0	32.0	2	-0.022164952752834817	0.15075342078400578	_101	2.1383018848868924	1.0	2	0.4	2.0	2	False
	103	1.0	41.0	2	-0.022164952752834817	0.15075342078400578	_102	2.1383018848868924	1.0	2	0.4	2.0	2	False
	104	1.0	39.0	2	-0.022164952752834817	0.15075342078400578	_103	2.1383018848868924	1.0	2	0.4	2.0	2	False
	105	1.0	48.0	2	-0.022164952752834817	0.15075342078400578	_104	2.1383018848868924	1.0	2	0.4	2.0	2	False
	106	1.0	34.0	2	-0.022164952752834817	0.15075342078400578	_105	2.1383018848868924	1.0	2	0.4	2.0	2	False
	107	1.0	46.0	2	-0.022164952752834817	0.15075342078400578	_106	2.1383018848868924	1.0	2	0.4	2.0	2	False
	108	1.0	33.0	2	-0.022164952752834817	0.15075342078400578	_107	2.1383018848868924	1.0	2	0.4	2.0	2	False
	109	1.0	42.0	2	-0.022164952752834817	0.15075342078400578	_108	2.1383018848868924	1.0	2	0.4	2.0	2	False
	110	1.0	45.0	2	-0.022164952752834817	0.15075342078400578	_109	2.1383018848868924	1.0	2	0.4	2.0	2	False
	111	1.0	44.0	2	-0.022164952752834817	0.15075342078400578	_110	2.1383018848868924	1.0	2	0.4	2.0	2	False
	112	1.0	25.0	3	-0.02166295503620127	0.10519920427637075	_111	2.3484806339834474	1.0	3	0.4	2.0	3	False
	113	1.0	23.0	3	-0.02166295503620127	0.10519920427637075	_112	2.3484806339834474	1.0	3	0.4	2.0	3	False
	114	1.0	27.0	3	-0.02166295503620127	0.10519920427637075	_113	2.3484806339834474	1.0	3	0.4	2.0	3	False
	115	1.0	63.0	4	-0.019455640213782578	0.12398370215926313	_114	2.1066160230605897	1.0	2	0.4	2.0	3	False
	116	1.0	64.0	4	-0.019455640213782578	0.12398370215926313	_115	2.1066160230605897	1.0	2	0.4	2.0	3	False
	117	1.0	24.0	3	-0.02166295503620127	0.10519920427637075	_116	2.3484806339834474	1.0	3	0.4	2.0	3	False
	118	1.0	26.0	3	-0.02166295503620127	0.10519920427637075	_117	2.3484806339834474	1.0	3	0.4	2.0	3	False
	119	1.0	18.0	4	-0.021220161669072007	0.0820372133505769	_118	2.470860713533732	1.0	4	0.4	2.0	4	False
	120	1.0	13.0	5	-0.020824069504944847	0.06781753386166312	_119	2.5516249917229543	1.0	5	0.4	2.0	5	False
	121	1.0	11.0	5	-0.020824069504944847	0.06781753386166312	_120	2.5516249917229543	1.0	5	0.4	2.0	5	False
	122	1.0	12.0	5	-0.020824069504944847	0.06781753386166312	_121	2.5516249917229543	1.0	5	0.4	2.0	5	False
	123	1.0	8.0	6	-0.020465760558312042	0.0580772725935752	_122	2.6091997550871295	1.0	6	0.4	2.0	6	False
	124	1.0	17.0	7	-0.017931335296082703	0.06495879683005512	_123	2.5061201358203915	1.0	5	0.4	2.0	6	False
	125	1.0	16.0	8	-0.0166261412328355	0.06494922563509142	_124	2.5080426262062865	1.0	5	0.4	2.0	7	False
	126	1.0	57.0	8	-0.015037740508023369	0.12256859446990909	_125	2.1226255843235164	1.0	2	0.4	2.0	7	False
	127	1.0	6.0	7	-0.020138650118501404	0.05092697090846787	_126	2.652445321954231	1.0	7	0.4	2.0	7	False
	128	1.0	60.0	11	-0.018150446150535363	0.12273449972147699	_127	2.1111233518342605	1.0	2	0.4	2.0	8	False
	129	1.0	5.0	11	-0.019057138567930797	0.03440612237302165	_128	2.75411339879705	1.0	11	0.4	2.0	11	False
	130	1.0	15.0	19	-0.009701240291022697	0.045160198812164154	_129	2.5448526565145335	1.0	7	0.4	2.0	15	False
	131	1.0	10.0	21	-0.012662948446815845	0.04112862637568515	_130	2.5775599405086007	1.0	8	0.4	2.0	15	False
	132	1.0	2.0	55	-0.014088131650704034	0.010082834486292214	_131	2.950706588459419	1.0	55	0.4	2.0	55	False
	133	1.0	7.0	72	0.005329536648453642	0.04993388550892153	_132	2.6206724187307002	1.0	7	0.4	2.0	71	False
	134	1.0	336.0	0		1.0686382073077094	Met_MGH.TAGCACAAGTAAACGT	0.4217850386345206	1.0	0	0.6	3.0	1	True
	135	1.0	333.0	0		1.0686382073077094	Met_MGH.CATCCACTCAAGGTGG	0.4217850386345206	1.0	0	0.6	3.0	1	True
	136	1.0	320.0	0		1.0686382073077094	Met_MGH.ATCCTATAGTGGCGAT	0.4217850386345206	1.0	0	0.6	3.0	1	True
	137	1.0	326.0	0		1.0686382073077094	Met_MGH.AGCGCCACAGTGGCTC	0.4217850386345206	1.0	0	0.6	3.0	1	True
	138	1.0	313.0	0		1.0686382073077094	Met_MGH.ACTTAGGAGAACGTGC	0.4217850386345206	1.0	0	0.6	3.0	1	True
	139	1.0	328.0	0		1.0686382073077094	Met_MGH.AGGACGACAGTCGTTA	0.4217850386345206	1.0	0	0.6	3.0	1	True
	140	1.0	345.0	0		1.0686382073077094	Met_MGH.CTTCCTTGTGTTACTG	0.4217850386345206	1.0	0	0.6	3.0	1	True
	141	1.0	331.0	0		1.0686382073077094	Met_MGH.CAACAACGTAAGATCA	0.4217850386345206	1.0	0	0.6	3.0	1	True
	142	1.0	322.0	0		1.0686382073077094	Met_MGH.CAGTTAGAGGCTTTCA	0.4217850386345206	1.0	0	0.6	3.0	1	True
	143	1.0	344.0	0		1.0686382073077094	Met_MGH.ATTACTCTCACAAGAA	0.4217850386345206	1.0	0	0.6	3.0	1	True
	144	1.0	310.0	0		1.0686382073077094	Met_MGH.AGGATCTTCTAACACG	0.4217850386345206	1.0	0	0.6	3.0	1	True
	145	1.0	337.0	0		1.0686382073077094	Met_MGH.AAAGGTAGTCATCACA	0.4217850386345206	1.0	0	0.6	3.0	1	True
	146	1.0	314.0	0		1.0686382073077094	Met_MGH.GTGGAAGCAGCTGCCA	0.4217850386345206	1.0	0	0.6	3.0	1	True
	147	1.0	317.0	0		1.0686382073077094	Met_MGH.CCGTAGGGTTGGACCC	0.4217850386345206	1.0	0	0.6	3.0	1	True
	148	1.0	332.0	0		1.0686382073077094	Met_MGH.CTCCACAGTACCCACG	0.4217850386345206	1.0	0	0.6	3.0	1	True
	149	1.0	335.0	0		1.0686382073077094	Met_MGH.GGCACGTTCAAAGGAT	0.4217850386345206	1.0	0	0.6	3.0	1	True
	150	1.0	319.0	0		1.0686382073077094	Met_MGH.AGTGACTTCAAACGTC	0.4217850386345206	1.0	0	0.6	3.0	1	True
	151	1.0	321.0	0		1.0686382073077094	Met_MGH.AATCGACAGCCTGTGC	0.4217850386345206	1.0	0	0.6	3.0	1	True
	152	1.0	318.0	0		1.0686382073077094	Met_MGH.GGTCACGAGATTGAGT	0.4217850386345206	1.0	0	0.6	3.0	1	True
	153	1.0	343.0	0		1.0686382073077094	Met_MGH.TGGGTTAAGTCATGGG	0.4217850386345206	1.0	0	0.6	3.0	1	True
	154	1.0	325.0	0		1.0686382073077094	Met_MGH.CAACCTCGTCCCGTGA	0.4217850386345206	1.0	0	0.6	3.0	1	True
	155	1.0	340.0	0		1.0686382073077094	Met_MGH.TGGAGAGCACTACAGT	0.4217850386345206	1.0	0	0.6	3.0	1	True
	156	1.0	324.0	0		1.0686382073077094	Met_MGH.GCACGTGTCTGGACCG	0.4217850386345206	1.0	0	0.6	3.0	1	True
	157	1.0	329.0	0		1.0686382073077094	Met_MGH.AATCACGGTATGAAGT	0.4217850386345206	1.0	0	0.6	3.0	1	True
	158	1.0	323.0	0		1.0686382073077094	Met_MGH.GCTACCTTCCTAAACG	0.4217850386345206	1.0	0	0.6	3.0	1	True
	159	1.0	338.0	0		1.0686382073077094	Met_MGH.CTGCCTATCCAACACA	0.4217850386345206	1.0	0	0.6	3.0	1	True
	160	1.0	311.0	0		1.0686382073077094	Met_MGH.AATGGCTTCTCCATAT	0.4217850386345206	1.0	0	0.6	3.0	1	True
	161	1.0	334.0	0		1.0686382073077094	Met_MGH.GACCCTTTCTCTCCGA	0.4217850386345206	1.0	0	0.6	3.0	1	True
	162	1.0	312.0	0		1.0686382073077094	Met_MGH.TGATCAGGTTGCTCCT	0.4217850386345206	1.0	0	0.6	3.0	1	True
	163	1.0	330.0	0		1.0686382073077094	Met_MGH.TCTGGCTCAGTTGGTT	0.4217850386345206	1.0	0	0.6	3.0	1	True
	164	1.0	327.0	0		1.0686382073077094	Met_MGH.CGATGCGAGTGGAAAG	0.4217850386345206	1.0	0	0.6	3.0	1	True
	165	1.0	341.0	0		1.0686382073077094	Met_MGH.TCATTTGTCCGAGGCT	0.4217850386345206	1.0	0	0.6	3.0	1	True
	166	1.0	315.0	0		1.0686382073077094	Met_MGH.GAGCTGCGTAGGCTGA	0.4217850386345206	1.0	0	0.6	3.0	1	True
	167	1.0	316.0	0		1.0686382073077094	Met_MGH.AGTAGTCGTTCAGCTA	0.4217850386345206	1.0	0	0.6	3.0	1	True
	168	1.0	339.0	0		1.0686382073077094	Met_MGH.ATCTTCAGTAGGATAT	0.4217850386345206	1.0	0	0.6	3.0	1	True
	169	1.0	342.0	0		1.0686382073077094	Met_MGH.CTGGTCTCATGAGTAA	0.4217850386345206	1.0	0	0.6	3.0	1	True
	170	1.0	300.0	0		1.0319335239341891	Met_MGH.CTCCACAGTTCGTACA	0.5558901742341951	1.0	0	0.6	3.0	1	True
	171	1.0	298.0	0		1.0319335239341891	Met_MGH.GCGATCGTCCACGAAT	0.5558901742341951	1.0	0	0.6	3.0	1	True
	172	1.0	293.0	0		1.0319335239341891	Met_MGH.GTTTACTTCGACTCCT	0.5558901742341951	1.0	0	0.6	3.0	1	True
	173	1.0	289.0	0		1.0319335239341891	Met_MGH.AGACACTCACTAGAGG	0.5558901742341951	1.0	0	0.6	3.0	1	True
	174	1.0	299.0	0		1.0319335239341891	Met_MGH.GAATCGTGTCGTCAGC	0.5558901742341951	1.0	0	0.6	3.0	1	True
	175	1.0	297.0	0		1.0319335239341891	Met_MGH.CGGAACCCATATCTCT	0.5558901742341951	1.0	0	0.6	3.0	1	True
	176	1.0	291.0	0		1.0319335239341891	Met_MGH.GGAGAACTCTCGGCTT	0.5558901742341951	1.0	0	0.6	3.0	1	True
	177	1.0	290.0	0		1.0319335239341891	Met_MGH.AGGTCATGTCAACCTA	0.5558901742341951	1.0	0	0.6	3.0	1	True
	178	1.0	292.0	0		1.0319335239341891	Met_MGH.GGGTGAAAGTGCACAG	0.5558901742341951	1.0	0	0.6	3.0	1	True
	179	1.0	368.0	0		1.0595673281251619	Met_MGH.CGGGACTCACCTTCGT	0.4043820003066626	1.0	0	0.6	3.0	1	True
	180	1.0	62.0	2	-0.020141059600226018	0.15465856820410995	_179	2.109233169736754	1.0	2	0.6	3.0	2	False
	181	1.0	369.0	0		1.0595673281251619	Met_MGH.AGCGCCAGTGCAGGAT	0.4043820003066626	1.0	0	0.6	3.0	1	True
	182	1.0	61.0	2	-0.020141059600226018	0.15465856820410995	_181	2.109233169736754	1.0	2	0.6	3.0	2	False
	183	1.0	294.0	0		1.0319335239341894	Met_MGH.ATTTCTGCAGCATACT	0.5558901742341951	1.0	0	0.6	3.0	1	True
	184	1.0	296.0	0		1.0319335239341894	Met_MGH.TGGATCAAGTCGAAGC	0.5558901742341951	1.0	0	0.6	3.0	1	True
	185	1.0	301.0	0		1.0319335239341894	Met_MGH.AAAGTGATCTAGCATG	0.5558901742341951	1.0	0	0.6	3.0	1	True
	186	1.0	302.0	0		1.0319335239341894	Met_MGH.GGTAATCGTTGCCATA	0.5558901742341951	1.0	0	0.6	3.0	1	True
	187	1.0	295.0	0		1.0319335239341894	Met_MGH.GTCAGCGCAAGAGAGA	0.5558901742341951	1.0	0	0.6	3.0	1	True
	188	1.0	288.0	0		1.0319335239341894	Met_MGH.TGCAGTACATGCGGTC	0.5558901742341951	1.0	0	0.6	3.0	1	True
	189	1.0	274.0	0		1.014364471197339	Met_MGH.CCAATTTGTTCAATCG	0.6291136855989083	1.0	0	0.6	3.0	1	True
	190	1.0	273.0	0		1.014364471197339	Met_MGH.GCATCTCTCGGTGAAG	0.6291136855989083	1.0	0	0.6	3.0	1	True
	191	1.0	275.0	0		1.014364471197339	Met_MGH.CGTTCTGTCAAGGAGC	0.6291136855989083	1.0	0	0.6	3.0	1	True
	192	1.0	272.0	0		1.014364471197339	Met_MGH.TGGGATTGTAGGTGCA	0.6291136855989083	1.0	0	0.6	3.0	1	True
	193	1.0	250.0	0		1.004143422069246	Met_MGH.AGATCCAGTGCGCTCA	0.6755287837315775	1.0	0	0.6	3.0	1	True
	194	1.0	249.0	0		1.004143422069246	Met_MGH.GAGAAATCAGAGTAAT	0.6755287837315775	1.0	0	0.6	3.0	1	True
	195	1.0	246.0	0		1.004143422069246	Met_MGH.TATCGCCAGTACAGAT	0.6755287837315775	1.0	0	0.6	3.0	1	True
	196	1.0	245.0	0		1.004143422069246	Met_MGH.CGTGCTTTCTGGGCGT	0.6755287837315775	1.0	0	0.6	3.0	1	True
	197	1.0	251.0	0		1.004143422069246	Met_MGH.ACTTTGTGTTACGCCG	0.6755287837315775	1.0	0	0.6	3.0	1	True
	198	1.0	247.0	0		1.004143422069246	Met_MGH.CTGCAGGTCACCCATC	0.6755287837315775	1.0	0	0.6	3.0	1	True
	199	1.0	243.0	0		1.004143422069246	Met_MGH.CTCAACCCACCAGTTA	0.6755287837315775	1.0	0	0.6	3.0	1	True
	200	1.0	241.0	0		1.004143422069246	Met_MGH.TCAGTCCAGCCGGAAT	0.6755287837315775	1.0	0	0.6	3.0	1	True
	201	1.0	255.0	0		1.004143422069246	Met_MGH.CTGTACCAGTAGACCG	0.6755287837315775	1.0	0	0.6	3.0	1	True
	202	1.0	252.0	0		1.004143422069246	Met_MGH.TCCTGCACACTTCAAG	0.6755287837315775	1.0	0	0.6	3.0	1	True
	203	1.0	248.0	0		1.004143422069246	Met_MGH.TCCTGCAAGATGTTAG	0.6755287837315775	1.0	0	0.6	3.0	1	True
	204	1.0	244.0	0		1.004143422069246	Met_MGH.TTCCGGTTCAATCTCT	0.6755287837315775	1.0	0	0.6	3.0	1	True
	205	1.0	253.0	0		1.004143422069246	Met_MGH.TGATGGTAGAGCCATG	0.6755287837315775	1.0	0	0.6	3.0	1	True
	206	1.0	254.0	0		1.004143422069246	Met_MGH.TGTTGGACACGAGGTA	0.6755287837315775	1.0	0	0.6	3.0	1	True
	207	1.0	242.0	0		1.004143422069246	Met_MGH.ATTTACCCACAACGAG	0.6755287837315775	1.0	0	0.6	3.0	1	True
	208	1.0	230.0	0		0.9974497028846114	Met_MGH.TCCGATCAGCCATATC	0.7077273681427798	1.0	0	0.6	3.0	1	True
	209	1.0	226.0	0		0.9974497028846114	Met_MGH.GATAGAAGTTCGGGTC	0.7077273681427798	1.0	0	0.6	3.0	1	True
	210	1.0	225.0	0		0.9974497028846114	Met_MGH.CGAAGTTCACTTTAGG	0.7077273681427798	1.0	0	0.6	3.0	1	True
	211	1.0	229.0	0		0.9974497028846114	Met_MGH.ATTACTCTCATCCTAT	0.7077273681427798	1.0	0	0.6	3.0	1	True
	212	1.0	227.0	0		0.9974497028846114	Met_MGH.ACTTTGTCAGCGTTGC	0.7077273681427798	1.0	0	0.6	3.0	1	True
	213	1.0	228.0	0		0.9974497028846114	Met_MGH.CCGCAAGTCCAGTGTA	0.7077273681427798	1.0	0	0.6	3.0	1	True
	214	1.0	268.0	0		1.0061218256248754	Met_MGH.ACGTACACAGGCGAAT	0.6506347218824402	1.0	0	0.6	3.0	1	True
	215	1.0	269.0	0		1.0061218256248754	Met_MGH.ATTGTTCGTTATTCTC	0.6506347218824402	1.0	0	0.6	3.0	1	True
	216	1.0	270.0	0		1.0061218256248754	Met_MGH.ATTACCTCAATTTCGG	0.6506347218824402	1.0	0	0.6	3.0	1	True
	217	1.0	271.0	0		1.0061218256248754	Met_MGH.CGCATAACAGAAATCA	0.6506347218824402	1.0	0	0.6	3.0	1	True
	218	1.0	54.0	2	-0.020141059600226018	0.15211825471206541	_217	2.1273840279772087	1.0	2	0.6	3.0	2	False
	219	1.0	264.0	0		1.0059879892044492	Met_MGH.TGCACGGTCCTGGGTG	0.6517084840833647	1.0	0	0.6	3.0	1	True
	220	1.0	266.0	0		1.0059879892044492	Met_MGH.AATGAAGTCCAAGAGG	0.6517084840833647	1.0	0	0.6	3.0	1	True
	221	1.0	267.0	0		1.0059879892044492	Met_MGH.ATCAGGTAGGTTACAA	0.6517084840833647	1.0	0	0.6	3.0	1	True
	222	1.0	265.0	0		1.0059879892044492	Met_MGH.GTGCGTGAGTCATCCA	0.6517084840833647	1.0	0	0.6	3.0	1	True
	223	1.0	29.0	3	-0.01883586553697881	0.10564686761563014	_222	2.341298923165399	1.0	3	0.6	3.0	3	False
	224	1.0	356.0	0		1.0575250081573464	Met_MGH.CATTTCATCCTAGCTC	0.41482969676770287	1.0	0	0.6	3.0	1	True
	225	1.0	9.0	6	-0.015723159894466817	0.058187185085291304	_224	2.5996632997224256	1.0	6	0.6	3.0	6	False
	226	1.0	214.0	0		0.9927156033506735	Met_MGH.AGGAAATTCACCGACG	0.7314435351472499	1.0	0	0.6	3.0	1	True
	227	1.0	218.0	0		0.9927156033506735	Met_MGH.CTTCTCTCACTGCACG	0.7314435351472499	1.0	0	0.6	3.0	1	True
	228	1.0	212.0	0		0.9927156033506735	Met_MGH.TACGTCCAGGAACGAA	0.7314435351472499	1.0	0	0.6	3.0	1	True
	229	1.0	215.0	0		0.9927156033506735	Met_MGH.CGAGGCTGTATGTCAC	0.7314435351472499	1.0	0	0.6	3.0	1	True
	230	1.0	216.0	0		0.9927156033506735	Met_MGH.CTGCAGGTCCCATTCG	0.7314435351472499	1.0	0	0.6	3.0	1	True
	231	1.0	217.0	0		0.9927156033506735	Met_MGH.TTCAGGACAGTTTGGT	0.7314435351472499	1.0	0	0.6	3.0	1	True
	232	1.0	213.0	0		0.9927156033506735	Met_MGH.GACTGATGTTTCAGAC	0.7314435351472499	1.0	0	0.6	3.0	1	True
	233	1.0	367.0	0		1.0586075992584432	Met_MGH.CTCCCAATCTAGCCTC	0.40742304486204534	1.0	0	0.6	3.0	1	True
	234	1.0	19.0	9	-0.01883586553697881	0.061878300387761875	_233	2.464153397616403	1.0	5	0.6	3.0	7	False
	235	1.0	204.0	0		0.9824437139123757	Met_MGH.CACACAATCGATACTG	0.7856991910721266	1.0	0	0.6	3.0	1	True
	236	1.0	205.0	0		0.9824437139123757	Met_MGH.GGTAATCTCGGAGCAA	0.7856991910721266	1.0	0	0.6	3.0	1	True
	237	1.0	203.0	0		0.9824437139123757	Met_MGH.TGCTGAACAAGGCGTA	0.7856991910721266	1.0	0	0.6	3.0	1	True
	238	1.0	208.0	0		0.9824437139123757	Met_MGH.TTAGTCTTCGAGAGCA	0.7856991910721266	1.0	0	0.6	3.0	1	True
	239	1.0	201.0	0		0.9824437139123757	Met_MGH.CCGGTGATCCGCATAA	0.7856991910721266	1.0	0	0.6	3.0	1	True
	240	1.0	202.0	0		0.9824437139123757	Met_MGH.TTTCCTCAGTATGGAT	0.7856991910721266	1.0	0	0.6	3.0	1	True
	241	1.0	207.0	0		0.9824437139123757	Met_MGH.CCTCACAAGTTGCCCG	0.7856991910721266	1.0	0	0.6	3.0	1	True
	242	1.0	209.0	0		0.9824437139123757	Met_MGH.TGTGATGAGCGATGGT	0.7856991910721266	1.0	0	0.6	3.0	1	True
	243	1.0	211.0	0		0.9824437139123757	Met_MGH.CATCCACGTCTCAGGC	0.7856991910721266	1.0	0	0.6	3.0	1	True
	244	1.0	206.0	0		0.9824437139123757	Met_MGH.CCAATTTCAATTCACG	0.7856991910721266	1.0	0	0.6	3.0	1	True
	245	1.0	210.0	0		0.9824437139123757	Met_MGH.CCACCATTCAAGAGGC	0.7856991910721266	1.0	0	0.6	3.0	1	True
	246	1.0	257.0	0		0.9972162703293574	Met_MGH.CCACGTTTCTGGTGCG	0.674005974072706	1.0	0	0.6	3.0	1	True
	247	1.0	258.0	0		0.9972162703293574	Met_MGH.TTGGATGCAGAACTCT	0.674005974072706	1.0	0	0.6	3.0	1	True
	248	1.0	256.0	0		0.9972162703293574	Met_MGH.TCATATCTCAGTCACA	0.674005974072706	1.0	0	0.6	3.0	1	True
	249	1.0	52.0	2	-0.020141059600226018	0.15186494605546752	_248	2.12908603255448	1.0	2	0.6	3.0	2	False
	250	1.0	53.0	2	-0.020141059600226018	0.15186494605546752	_249	2.12908603255448	1.0	2	0.6	3.0	2	False
	251	1.0	28.0	3	-0.01883586553697881	0.10556316883831407	_250	2.342352999770406	1.0	3	0.6	3.0	3	False
	252	1.0	14.0	5	-0.016654763155712096	0.06787854117197512	_251	2.5478280110385736	1.0	5	0.6	3.0	5	False
	253	1.0	238.0	0		0.9940154445846054	Met_MGH.AGGCCACTCGTTATCT	0.6922328787400472	1.0	0	0.6	3.0	1	True
	254	1.0	240.0	0		0.9940154445846054	Met_MGH.TTCTTCCTCCTTGAAG	0.6922328787400472	1.0	0	0.6	3.0	1	True
	255	1.0	237.0	0		0.9940154445846054	Met_MGH.ACGATGTAGGATACGC	0.6922328787400472	1.0	0	0.6	3.0	1	True
	256	1.0	239.0	0		0.9940154445846054	Met_MGH.ATGTCCCGTGATATAG	0.6922328787400472	1.0	0	0.6	3.0	1	True
	257	1.0	49.0	2	-0.020141059600226018	0.15169842757989205	_256	2.130447776000001	1.0	2	0.6	3.0	2	False
	258	1.0	51.0	2	-0.020141059600226018	0.15169842757989205	_257	2.130447776000001	1.0	2	0.6	3.0	2	False
	259	1.0	50.0	2	-0.020141059600226018	0.15169842757989205	_258	2.130447776000001	1.0	2	0.6	3.0	2	False
	260	1.0	30.0	7	-0.02164779556846237	0.0858387879747271	_259	2.2695814013414806	1.0	3	0.6	3.0	5	False
	261	1.0	93.0	0		0.9672789264354513	Met_MGH.GTCACTCCATGCGGTC	0.884683081400989	1.0	0	0.6	3.0	1	True
	262	1.0	96.0	0		0.9672789264354513	Met_MGH.TACGGGCAGTAATTGG	0.884683081400989	1.0	0	0.6	3.0	1	True
	263	1.0	105.0	0		0.9672789264354513	Met_MGH.TCTTGCGCAGCGAGTA	0.884683081400989	1.0	0	0.6	3.0	1	True
	264	1.0	115.0	0		0.9672789264354513	Met_MGH.CTAAGTGGTAGGCTGA	0.884683081400989	1.0	0	0.6	3.0	1	True
	265	1.0	82.0	0		0.9672789264354513	Met_MGH.CTACGGGTCCGGCTTT	0.884683081400989	1.0	0	0.6	3.0	1	True
	266	1.0	102.0	0		0.9672789264354513	Met_MGH.CCTCTAGGTACGACAG	0.884683081400989	1.0	0	0.6	3.0	1	True
	267	1.0	112.0	0		0.9672789264354513	Met_MGH.GACCCAGCATGTCGTA	0.884683081400989	1.0	0	0.6	3.0	1	True
	268	1.0	77.0	0		0.9672789264354513	Met_MGH.TCATCATGTGCCGTTG	0.884683081400989	1.0	0	0.6	3.0	1	True
	269	1.0	117.0	0		0.9672789264354513	Met_MGH.TCTGTCGGTGGCCTCA	0.884683081400989	1.0	0	0.6	3.0	1	True
	270	1.0	114.0	0		0.9672789264354513	Met_MGH.AGACCATGTTGGTGTT	0.884683081400989	1.0	0	0.6	3.0	1	True
	271	1.0	71.0	0		0.9672789264354513	Met_MGH.GGGCCATTCGAATGCT	0.884683081400989	1.0	0	0.6	3.0	1	True
	272	1.0	111.0	0		0.9672789264354513	Met_MGH.GCTACCTTCGATGGAG	0.884683081400989	1.0	0	0.6	3.0	1	True
	273	1.0	109.0	0		0.9672789264354513	Met_MGH.CTCCAACCATGACTGT	0.884683081400989	1.0	0	0.6	3.0	1	True
	274	1.0	79.0	0		0.9672789264354513	Met_MGH.CTTTCGGTCCGATAGT	0.884683081400989	1.0	0	0.6	3.0	1	True
	275	1.0	97.0	0		0.9672789264354513	Met_MGH.TCCAGAACATCATTTC	0.884683081400989	1.0	0	0.6	3.0	1	True
	276	1.0	106.0	0		0.9672789264354513	Met_MGH.CTCCTCCAGGTCGTAG	0.884683081400989	1.0	0	0.6	3.0	1	True
	277	1.0	120.0	0		0.9672789264354513	Met_MGH.TGAATGCGTTAAAGTG	0.884683081400989	1.0	0	0.6	3.0	1	True
	278	1.0	103.0	0		0.9672789264354513	Met_MGH.TCCGAAAGTGTGGTCC	0.884683081400989	1.0	0	0.6	3.0	1	True
	279	1.0	101.0	0		0.9672789264354513	Met_MGH.AGGTTGTCATTCCTCG	0.884683081400989	1.0	0	0.6	3.0	1	True
	280	1.0	84.0	0		0.9672789264354513	Met_MGH.TCTGGCTGTTCGGTAT	0.884683081400989	1.0	0	0.6	3.0	1	True
	281	1.0	72.0	0		0.9672789264354513	Met_MGH.TATATCCGTACTAGCT	0.884683081400989	1.0	0	0.6	3.0	1	True
	282	1.0	104.0	0		0.9672789264354513	Met_MGH.TGCAGATTCATTTACC	0.884683081400989	1.0	0	0.6	3.0	1	True
	283	1.0	113.0	0		0.9672789264354513	Met_MGH.CTGTGAAGTACGAGTG	0.884683081400989	1.0	0	0.6	3.0	1	True
	284	1.0	69.0	0		0.9672789264354513	Met_MGH.TTCCAATAGGGTCAAC	0.884683081400989	1.0	0	0.6	3.0	1	True
	285	1.0	66.0	0		0.9672789264354513	Met_MGH.AGTACCAAGGGTGAAA	0.884683081400989	1.0	0	0.6	3.0	1	True
	286	1.0	89.0	0		0.9672789264354513	Met_MGH.GGGATGAAGCGTGTTT	0.884683081400989	1.0	0	0.6	3.0	1	True
	287	1.0	99.0	0		0.9672789264354513	Met_MGH.GATTCGATCTGCGATA	0.884683081400989	1.0	0	0.6	3.0	1	True
	288	1.0	81.0	0		0.9672789264354513	Met_MGH.TGTTCTATCTCTATAC	0.884683081400989	1.0	0	0.6	3.0	1	True
	289	1.0	110.0	0		0.9672789264354513	Met_MGH.CGCGTGAGTTTGAACC	0.884683081400989	1.0	0	0.6	3.0	1	True
	290	1.0	75.0	0		0.9672789264354513	Met_MGH.TTGGTTTAGAAGCTCG	0.884683081400989	1.0	0	0.6	3.0	1	True
	291	1.0	92.0	0		0.9672789264354513	Met_MGH.GTTCTATCAACACAAA	0.884683081400989	1.0	0	0.6	3.0	1	True
	292	1.0	119.0	0		0.9672789264354513	Met_MGH.GGGCGTTGTGGGTATG	0.884683081400989	1.0	0	0.6	3.0	1	True
	293	1.0	74.0	0		0.9672789264354513	Met_MGH.GTTCGCTGTCACCGCA	0.884683081400989	1.0	0	0.6	3.0	1	True
	294	1.0	68.0	0		0.9672789264354513	Met_MGH.CAAGAGGTCCTAGCTC	0.884683081400989	1.0	0	0.6	3.0	1	True
	295	1.0	86.0	0		0.9672789264354513	Met_MGH.ACAAGCTTCCGGTAAT	0.884683081400989	1.0	0	0.6	3.0	1	True
	296	1.0	95.0	0		0.9672789264354513	Met_MGH.CTCCCTCCAAGTATCC	0.884683081400989	1.0	0	0.6	3.0	1	True
	297	1.0	85.0	0		0.9672789264354513	Met_MGH.GTTGTCCCACATACGT	0.884683081400989	1.0	0	0.6	3.0	1	True
	298	1.0	100.0	0		0.9672789264354513	Met_MGH.ATGCGATTCTTCTGTA	0.884683081400989	1.0	0	0.6	3.0	1	True
	299	1.0	88.0	0		0.9672789264354513	Met_MGH.ATCAGGTTCTCCGAGG	0.884683081400989	1.0	0	0.6	3.0	1	True
	300	1.0	87.0	0		0.9672789264354513	Met_MGH.GAAGCCCCACCTATCC	0.884683081400989	1.0	0	0.6	3.0	1	True
	301	1.0	94.0	0		0.9672789264354513	Met_MGH.TGAGGGACAATAGGGC	0.884683081400989	1.0	0	0.6	3.0	1	True
	302	1.0	73.0	0		0.9672789264354513	Met_MGH.ATCCCTGCAGCTGAGA	0.884683081400989	1.0	0	0.6	3.0	1	True
	303	1.0	116.0	0		0.9672789264354513	Met_MGH.TGGATGTAGAACAAGG	0.884683081400989	1.0	0	0.6	3.0	1	True
	304	1.0	108.0	0		0.9672789264354513	Met_MGH.TTCCTTCTCCCAGGAC	0.884683081400989	1.0	0	0.6	3.0	1	True
	305	1.0	67.0	0		0.9672789264354513	Met_MGH.CGAGTTATCTTTACAC	0.884683081400989	1.0	0	0.6	3.0	1	True
	306	1.0	76.0	0		0.9672789264354513	Met_MGH.GTCATGAGTCGCTTAA	0.884683081400989	1.0	0	0.6	3.0	1	True
	307	1.0	70.0	0		0.9672789264354513	Met_MGH.TTGAGTGGTACGAGCA	0.884683081400989	1.0	0	0.6	3.0	1	True
	308	1.0	90.0	0		0.9672789264354513	Met_MGH.CTGCATCAGAGCCGAT	0.884683081400989	1.0	0	0.6	3.0	1	True
	309	1.0	80.0	0		0.9672789264354513	Met_MGH.GAGTGAGAGTAGAGTT	0.884683081400989	1.0	0	0.6	3.0	1	True
	310	1.0	83.0	0		0.9672789264354513	Met_MGH.GAGTTGTAGGCACCAA	0.884683081400989	1.0	0	0.6	3.0	1	True
	311	1.0	78.0	0		0.9672789264354513	Met_MGH.TATTCCATCAAAGCCT	0.884683081400989	1.0	0	0.6	3.0	1	True
	312	1.0	107.0	0		0.9672789264354513	Met_MGH.CATTCATCACTCACTC	0.884683081400989	1.0	0	0.6	3.0	1	True
	313	1.0	118.0	0		0.9672789264354513	Met_MGH.TCGTGGGCACAGAGAC	0.884683081400989	1.0	0	0.6	3.0	1	True
	314	1.0	91.0	0		0.9672789264354513	Met_MGH.TCAAGTGAGCTAGTTC	0.884683081400989	1.0	0	0.6	3.0	1	True
	315	1.0	98.0	0		0.9672789264354513	Met_MGH.TCAAGTGGTGCATACT	0.884683081400989	1.0	0	0.6	3.0	1	True
	316	1.0	219.0	0		0.9942306207465081	Met_MGH.CGCATGGTCGTGTCAA	0.7146324140842506	1.0	0	0.6	3.0	1	True
	317	1.0	222.0	0		0.9942306207465081	Met_MGH.CTACAGAAGAATCGTA	0.7146324140842506	1.0	0	0.6	3.0	1	True
	318	1.0	224.0	0		0.9942306207465081	Met_MGH.GGGTATTAGGGTATAT	0.7146324140842506	1.0	0	0.6	3.0	1	True
	319	1.0	223.0	0		0.9942306207465081	Met_MGH.TCCCAGTGTCATGGCC	0.7146324140842506	1.0	0	0.6	3.0	1	True
	320	1.0	220.0	0		0.9942306207465081	Met_MGH.CCTTTGGGTAACGATA	0.7146324140842506	1.0	0	0.6	3.0	1	True
	321	1.0	221.0	0		0.9942306207465081	Met_MGH.TTCGCTGCAATTGAAG	0.7146324140842506	1.0	0	0.6	3.0	1	True
	322	1.0	1.0	65	0.0023654112335503748	0.007089464323785322	_321	2.967859685993181	1.0	65	0.6	3.0	65	False
	323	1.0	372.0	0		1.0731194855829986	Met_MGH.TGCAGATGTCACCGCA	0.40274032995892656	1.0	0	0.8	4.0	1	True
	324	1.0	370.0	0		1.0731194855829986	Met_MGH.GAGGGTACAAGACGAC	0.40274032995892656	1.0	0	0.8	4.0	1	True
	325	1.0	373.0	0		1.0731194855829986	Met_MGH.GCAGTTATCCTTGGAA	0.40274032995892656	1.0	0	0.8	4.0	1	True
	326	1.0	371.0	0		1.0731194855829986	Met_MGH.CTAGACAAGTATAGGT	0.40274032995892656	1.0	0	0.8	4.0	1	True
	327	1.0	358.0	0		1.070269680043978	Met_MGH.AAGCGAGTCGGAATGG	0.41466388727432213	1.0	0	0.8	4.0	1	True
	328	1.0	357.0	0		1.070269680043978	Met_MGH.ATGCATGGTACAAACA	0.41466388727432213	1.0	0	0.8	4.0	1	True
	329	1.0	308.0	0		1.0326859426531392	Met_MGH.TCAAGTGCACGGCTAC	0.5515853185023654	1.0	0	0.8	4.0	1	True
	330	1.0	307.0	0		1.0326859426531392	Met_MGH.AAGACTCTCCATCACC	0.5515853185023654	1.0	0	0.8	4.0	1	True
	331	1.0	306.0	0		1.0326859426531392	Met_MGH.CACGTGGAGCAACTTC	0.5515853185023654	1.0	0	0.8	4.0	1	True
	332	1.0	236.0	0		0.9980670996593052	Met_MGH.GCACGTGCAACTGATC	0.7025802722436925	1.0	0	0.8	4.0	1	True
	333	1.0	233.0	0		0.9980670996593052	Met_MGH.TACGCTCGTATCTCGA	0.7025802722436925	1.0	0	0.8	4.0	1	True
	334	1.0	234.0	0		0.9980670996593052	Met_MGH.AGAGCCCGTTACCCTC	0.7025802722436925	1.0	0	0.8	4.0	1	True
	335	1.0	231.0	0		0.9980670996593052	Met_MGH.CTGCCATTCCTGTACC	0.7025802722436925	1.0	0	0.8	4.0	1	True
	336	1.0	235.0	0		0.9980670996593052	Met_MGH.GTTGCTCTCGGATTAC	0.7025802722436925	1.0	0	0.8	4.0	1	True
	337	1.0	232.0	0		0.9980670996593052	Met_MGH.TTCCACGGTACGCTTA	0.7025802722436925	1.0	0	0.8	4.0	1	True
	338	1.0	278.0	0		1.0078377495850768	Met_MGH.TTTAGTCGTAGTCTGT	0.6273701796321107	1.0	0	0.8	4.0	1	True
	339	1.0	276.0	0		1.0078377495850768	Met_MGH.GGGTGTCGTCCGGTCA	0.6273701796321107	1.0	0	0.8	4.0	1	True
	340	1.0	277.0	0		1.0078377495850768	Met_MGH.TTGCTGCTCAGTGGGA	0.6273701796321107	1.0	0	0.8	4.0	1	True
	341	1.0	55.0	2	-0.023429885973215315	0.15231684470358253	_340	2.1256367427382448	1.0	2	0.8	4.0	2	False
	342	1.0	56.0	2	-0.023429885973215315	0.15231684470358253	_341	2.1256367427382448	1.0	2	0.8	4.0	2	False
	343	1.0	353.0	0		1.0699967899469123	Met_MGH.TCTTTGAAGGGCCTCT	0.41577999500798957	1.0	0	0.8	4.0	1	True
	344	1.0	355.0	0		1.0699967899469123	Met_MGH.AAACCCACAGCATGCC	0.41577999500798957	1.0	0	0.8	4.0	1	True
	345	1.0	354.0	0		1.0699967899469123	Met_MGH.TCCACCACAATGGGTG	0.41577999500798957	1.0	0	0.8	4.0	1	True
	346	1.0	352.0	0		1.0699967899469123	Met_MGH.CACAACAGTAAGCGGT	0.41577999500798957	1.0	0	0.8	4.0	1	True
	347	1.0	305.0	0		1.0325683893859428	Met_MGH.CTTTCAAGTGTGACCC	0.5522197488113816	1.0	0	0.8	4.0	1	True
	348	1.0	304.0	0		1.0325683893859428	Met_MGH.CTGGTCTCAACACAGG	0.5522197488113816	1.0	0	0.8	4.0	1	True
	349	1.0	303.0	0		1.0325683893859428	Met_MGH.GGGATCCGTCTGTCAA	0.5522197488113816	1.0	0	0.8	4.0	1	True
	350	1.0	261.0	0		1.0044113905905894	Met_MGH.GCCAGGTTCGAAGCAG	0.673436007796906	1.0	0	0.8	4.0	1	True
	351	1.0	262.0	0		1.0044113905905894	Met_MGH.CCCTGATGTCGTCGGT	0.673436007796906	1.0	0	0.8	4.0	1	True
	352	1.0	260.0	0		1.0044113905905894	Met_MGH.AGTACCACAGTGTACT	0.673436007796906	1.0	0	0.8	4.0	1	True
	353	1.0	259.0	0		1.0044113905905894	Met_MGH.AAGACTCGTATCCCAA	0.673436007796906	1.0	0	0.8	4.0	1	True
	354	1.0	263.0	0		1.0044113905905894	Met_MGH.TCATTCATCTGCGTCT	0.673436007796906	1.0	0	0.8	4.0	1	True
	355	1.0	348.0	0		1.0697947486201635	Met_MGH.CACGTGGTCGAGATGG	0.41666868559623704	1.0	0	0.8	4.0	1	True
	356	1.0	351.0	0		1.0697947486201635	Met_MGH.TGATCTTGTGTCCGTG	0.41666868559623704	1.0	0	0.8	4.0	1	True
	357	1.0	346.0	0		1.0697947486201635	Met_MGH.CTCAACCCACTGGAAG	0.41666868559623704	1.0	0	0.8	4.0	1	True
	358	1.0	347.0	0		1.0697947486201635	Met_MGH.AATCGTGGTATTCTCT	0.41666868559623704	1.0	0	0.8	4.0	1	True
	359	1.0	350.0	0		1.0697947486201635	Met_MGH.CCCTCTCTCAGTCACA	0.41666868559623704	1.0	0	0.8	4.0	1	True
	360	1.0	349.0	0		1.0697947486201635	Met_MGH.CTCCATGGTAGGTAGC	0.41666868559623704	1.0	0	0.8	4.0	1	True
	361	1.0	309.0	0		1.0304740805538386	Met_MGH.GAGTGAGCACGCGCAT	0.510663961076849	1.0	0	0.8	4.0	1	True
	362	1.0	59.0	2	-0.023429885973215315	0.15346594805803537	_361	2.1170388304178296	1.0	2	0.8	4.0	2	False
	363	1.0	58.0	2	-0.023429885973215315	0.15346594805803537	_362	2.1170388304178296	1.0	2	0.8	4.0	2	False
	364	1.0	63.0	0		0.9658541529753277	Met_MGH.CTCAAGATCACGATCA	0.893090028842989	1.0	0	0.8	4.0	1	True
	365	1.0	37.0	0		0.9658541529753277	Met_MGH.AGGCATTTCTGCTAGA	0.893090028842989	1.0	0	0.8	4.0	1	True
	366	1.0	18.0	0		0.9658541529753277	Met_MGH.GCAGCCAGTCATCTAG	0.893090028842989	1.0	0	0.8	4.0	1	True
	367	1.0	28.0	0		0.9658541529753277	Met_MGH.TCCACGTAGCTTCTAG	0.893090028842989	1.0	0	0.8	4.0	1	True
	368	1.0	15.0	0		0.9658541529753277	Met_MGH.GAGTTTGCACTTCAAG	0.893090028842989	1.0	0	0.8	4.0	1	True
	369	1.0	3.0	0		0.9658541529753277	Met_MGH.CTCCGATAGTATCTGC	0.893090028842989	1.0	0	0.8	4.0	1	True
	370	1.0	40.0	0		0.9658541529753277	Met_MGH.ATCACAGCAGCCGTTG	0.893090028842989	1.0	0	0.8	4.0	1	True
	371	1.0	16.0	0		0.9658541529753277	Met_MGH.CGTGAATTCCATCTGC	0.893090028842989	1.0	0	0.8	4.0	1	True
	372	1.0	31.0	0		0.9658541529753277	Met_MGH.ATTACTCAGTGATCGG	0.893090028842989	1.0	0	0.8	4.0	1	True
	373	1.0	12.0	0		0.9658541529753277	Met_MGH.AAGACAAAGTGGCAGT	0.893090028842989	1.0	0	0.8	4.0	1	True
	374	1.0	27.0	0		0.9658541529753277	Met_MGH.ATTCACTCACATCCCT	0.893090028842989	1.0	0	0.8	4.0	1	True
	375	1.0	4.0	0		0.9658541529753277	Met_MGH.TGAGCGCAGGCTGGAT	0.893090028842989	1.0	0	0.8	4.0	1	True
	376	1.0	61.0	0		0.9658541529753277	Met_MGH.AGGTCTAGTTTGAACC	0.893090028842989	1.0	0	0.8	4.0	1	True
	377	1.0	42.0	0		0.9658541529753277	Met_MGH.GGGTTATCACAGCCAC	0.893090028842989	1.0	0	0.8	4.0	1	True
	378	1.0	41.0	0		0.9658541529753277	Met_MGH.GCTACAACATACCAGT	0.893090028842989	1.0	0	0.8	4.0	1	True
	379	1.0	30.0	0		0.9658541529753277	Met_MGH.TAGGGTTGTCGAGTGA	0.893090028842989	1.0	0	0.8	4.0	1	True
	380	1.0	34.0	0		0.9658541529753277	Met_MGH.GCTCAAAGTCCAGTTA	0.893090028842989	1.0	0	0.8	4.0	1	True
	381	1.0	20.0	0		0.9658541529753277	Met_MGH.AGTACCATCGACACTA	0.893090028842989	1.0	0	0.8	4.0	1	True
	382	1.0	21.0	0		0.9658541529753277	Met_MGH.AGGATCTCAAGAGATT	0.893090028842989	1.0	0	0.8	4.0	1	True
	383	1.0	44.0	0		0.9658541529753277	Met_MGH.GTGCTTCTCCGTATAG	0.893090028842989	1.0	0	0.8	4.0	1	True
	384	1.0	39.0	0		0.9658541529753277	Met_MGH.TCCATGCCAAACCATC	0.893090028842989	1.0	0	0.8	4.0	1	True
	385	1.0	49.0	0		0.9658541529753277	Met_MGH.TGCGGCAGTTACAGCT	0.893090028842989	1.0	0	0.8	4.0	1	True
	386	1.0	19.0	0		0.9658541529753277	Met_MGH.ATGTCTTGTAAGATAC	0.893090028842989	1.0	0	0.8	4.0	1	True
	387	1.0	1.0	0		0.9658541529753277	Met_MGH.TAAGCCAGTAGTATAG	0.893090028842989	1.0	0	0.8	4.0	1	True
	388	1.0	2.0	0		0.9658541529753277	Met_MGH.AAAGGATTCCCAAGCG	0.893090028842989	1.0	0	0.8	4.0	1	True
	389	1.0	60.0	0		0.9658541529753277	Met_MGH.CTGCCATCAGCGACAA	0.893090028842989	1.0	0	0.8	4.0	1	True
	390	1.0	57.0	0		0.9658541529753277	Met_MGH.TCGTAGACACGGTGCT	0.893090028842989	1.0	0	0.8	4.0	1	True
	391	1.0	25.0	0		0.9658541529753277	Met_MGH.GGATGTTAGCATCCCG	0.893090028842989	1.0	0	0.8	4.0	1	True
	392	1.0	13.0	0		0.9658541529753277	Met_MGH.AATCACGTCCCACAGG	0.893090028842989	1.0	0	0.8	4.0	1	True
	393	1.0	51.0	0		0.9658541529753277	Met_MGH.CCGGTAGCATTACTCT	0.893090028842989	1.0	0	0.8	4.0	1	True
	394	1.0	7.0	0		0.9658541529753277	Met_MGH.GGGCTCAAGACATGCG	0.893090028842989	1.0	0	0.8	4.0	1	True
	395	1.0	65.0	0		0.9658541529753277	Met_MGH.CCGTGAGCACAGCGCT	0.893090028842989	1.0	0	0.8	4.0	1	True
	396	1.0	64.0	0		0.9658541529753277	Met_MGH.GCGTTTCCAATTGCCA	0.893090028842989	1.0	0	0.8	4.0	1	True
	397	1.0	33.0	0		0.9658541529753277	Met_MGH.TCTTCCTCAGCAGACA	0.893090028842989	1.0	0	0.8	4.0	1	True
	398	1.0	10.0	0		0.9658541529753277	Met_MGH.ACTGCAACATCGATAC	0.893090028842989	1.0	0	0.8	4.0	1	True
	399	1.0	32.0	0		0.9658541529753277	Met_MGH.CTGTGGGTCTGAATCG	0.893090028842989	1.0	0	0.8	4.0	1	True
	400	1.0	53.0	0		0.9658541529753277	Met_MGH.TTGTGGATCCGTTGAA	0.893090028842989	1.0	0	0.8	4.0	1	True
	401	1.0	62.0	0		0.9658541529753277	Met_MGH.TAGGTACAGAGGTATT	0.893090028842989	1.0	0	0.8	4.0	1	True
	402	1.0	56.0	0		0.9658541529753277	Met_MGH.GTAACCAAGCGCGTTC	0.893090028842989	1.0	0	0.8	4.0	1	True
	403	1.0	11.0	0		0.9658541529753277	Met_MGH.CTCCATGCATATTCGG	0.893090028842989	1.0	0	0.8	4.0	1	True
	404	1.0	54.0	0		0.9658541529753277	Met_MGH.ACAGAAAAGACCAAAT	0.893090028842989	1.0	0	0.8	4.0	1	True
	405	1.0	55.0	0		0.9658541529753277	Met_MGH.ATCCCTGAGCATTGTC	0.893090028842989	1.0	0	0.8	4.0	1	True
	406	1.0	9.0	0		0.9658541529753277	Met_MGH.CGGGTGTCACAATTCG	0.893090028842989	1.0	0	0.8	4.0	1	True
	407	1.0	58.0	0		0.9658541529753277	Met_MGH.AGCATCATCCTCAGAA	0.893090028842989	1.0	0	0.8	4.0	1	True
	408	1.0	14.0	0		0.9658541529753277	Met_MGH.GCCGTGAGTAGCTTAC	0.893090028842989	1.0	0	0.8	4.0	1	True
	409	1.0	48.0	0		0.9658541529753277	Met_MGH.TACAACGCAATGTTGC	0.893090028842989	1.0	0	0.8	4.0	1	True
	410	1.0	22.0	0		0.9658541529753277	Met_MGH.TGCCGAGGTTGAAGTA	0.893090028842989	1.0	0	0.8	4.0	1	True
	411	1.0	50.0	0		0.9658541529753277	Met_MGH.GTCAAGTCAAAGCTAA	0.893090028842989	1.0	0	0.8	4.0	1	True
	412	1.0	47.0	0		0.9658541529753277	Met_MGH.GTTGAACCATAGACTC	0.893090028842989	1.0	0	0.8	4.0	1	True
	413	1.0	52.0	0		0.9658541529753277	Met_MGH.CTCAACCTCTCGCTCA	0.893090028842989	1.0	0	0.8	4.0	1	True
	414	1.0	38.0	0		0.9658541529753277	Met_MGH.CTGTACCGTATACAGA	0.893090028842989	1.0	0	0.8	4.0	1	True
	415	1.0	8.0	0		0.9658541529753277	Met_MGH.CAGGTATGTCATTCCC	0.893090028842989	1.0	0	0.8	4.0	1	True
	416	1.0	59.0	0		0.9658541529753277	Met_MGH.TGGTACATCACTAGCA	0.893090028842989	1.0	0	0.8	4.0	1	True
	417	1.0	23.0	0		0.9658541529753277	Met_MGH.ATCAGGTCAGCGTTTA	0.893090028842989	1.0	0	0.8	4.0	1	True
	418	1.0	26.0	0		0.9658541529753277	Met_MGH.CATACAGAGTTTGCTG	0.893090028842989	1.0	0	0.8	4.0	1	True
	419	1.0	36.0	0		0.9658541529753277	Met_MGH.GATCGTACAGCCTATA	0.893090028842989	1.0	0	0.8	4.0	1	True
	420	1.0	45.0	0		0.9658541529753277	Met_MGH.CTGCTCAAGAATTGCA	0.893090028842989	1.0	0	0.8	4.0	1	True
	421	1.0	6.0	0		0.9658541529753277	Met_MGH.CATCCACTCTGTCTCG	0.893090028842989	1.0	0	0.8	4.0	1	True
	422	1.0	29.0	0		0.9658541529753277	Met_MGH.TTGCTGCGTAGGCTGA	0.893090028842989	1.0	0	0.8	4.0	1	True
	423	1.0	17.0	0		0.9658541529753277	Met_MGH.ATTATCCGTAGCGTCC	0.893090028842989	1.0	0	0.8	4.0	1	True
	424	1.0	5.0	0		0.9658541529753277	Met_MGH.CATGAGTCAACCCTAA	0.893090028842989	1.0	0	0.8	4.0	1	True
	425	1.0	35.0	0		0.9658541529753277	Met_MGH.CATGGATTCCGCGGAT	0.893090028842989	1.0	0	0.8	4.0	1	True
	426	1.0	46.0	0		0.9658541529753277	Met_MGH.CATGGTATCCGCATAA	0.893090028842989	1.0	0	0.8	4.0	1	True
	427	1.0	43.0	0		0.9658541529753277	Met_MGH.TGTCCTGGTCTGCATA	0.893090028842989	1.0	0	0.8	4.0	1	True
	428	1.0	24.0	0		0.9658541529753277	Met_MGH.CATTCCGAGAACGTGC	0.893090028842989	1.0	0	0.8	4.0	1	True
	429	1.0	360.0	0		1.0705224914257527	Met_MGH.CTCCCTCCAGAACTTC	0.4135239825481098	1.0	0	1.0	5.0	1	True
	430	1.0	362.0	0		1.0705224914257527	Met_MGH.ATCCCTGTCTATACTC	0.4135239825481098	1.0	0	1.0	5.0	1	True
	431	1.0	359.0	0		1.0705224914257527	Met_MGH.GTTCCGTGTCTGTAAC	0.4135239825481098	1.0	0	1.0	5.0	1	True
	432	1.0	361.0	0		1.0705224914257527	Met_MGH.GCAGCCAAGAGTGGCT	0.4135239825481098	1.0	0	1.0	5.0	1	True
	433	1.0	363.0	0		1.0718460373111702	Met_MGH.AGGACTTAGGCTAAAT	0.4078871246437561	1.0	0	1.0	5.0	1	True
	434	1.0	365.0	0		1.0718460373111702	Met_MGH.GACTGATGTGTTGAGG	0.4078871246437561	1.0	0	1.0	5.0	1	True
	435	1.0	364.0	0		1.0718460373111702	Met_MGH.GCTCAAACAGCTGAAG	0.4078871246437561	1.0	0	1.0	5.0	1	True
	436	1.0	366.0	0		1.0718460373111702	Met_MGH.AACAGGGAGTTGGAAT	0.4078871246437561	1.0	0	1.0	5.0	1	True
