name_tree	id_node	dist	rank	num_descendants	expansion_score	var_fitness	name	mean_fitness	support	num_children	depth_normalized	depth	num_leaf_descendants	is_leaf
	0	0.0		38					1.0	2	0.0	0.0	24	False
	1	1.0	10.0	5	-0.01202427876586437	0.14311051445938894	_0	2.225760869976641	1.0	2	0.16666666666666666	1.0	4	False
	2	1.0	12.0	31	0.00041724273686544416	0.10529942664201286	_1	2.191357371100537	1.0	2	0.16666666666666666	1.0	20	False
	3	1.0	18.0	0		0.9109979598698182	Met_MGH.TAAGCGTCAGTTAAAG	0.780442033116475	1.0	0	0.3333333333333333	2.0	1	True
	4	1.0	3.0	3	-0.011338859379420935	0.16607996016559934	_3	2.5192254411848505	1.0	3	0.3333333333333333	2.0	3	False
	5	1.0	11.0	2	-0.011439258922747641	0.23945636596696485	_4	2.195058212777009	1.0	2	0.3333333333333333	2.0	2	False
	6	1.0	6.0	27	0.00016425609278934405	0.07807729614447378	_5	2.347758028376867	1.0	3	0.3333333333333333	2.0	18	False
	7	1.0	8.0	0		0.9156011003234301	Met_MGH.GGGCCATTCGTGGAAG	1.0354994856572513	1.0	0	0.5	3.0	1	True
	8	1.0	9.0	0		0.9156011003234301	Met_MGH.AGGTGTTGTGGTGATG	1.0354994856572513	1.0	0	0.5	3.0	1	True
	9	1.0	10.0	0		0.9156011003234301	Met_MGH.ATGGGAGTCAAGGAGC	1.0354994856572513	1.0	0	0.5	3.0	1	True
	10	1.0	20.0	0		0.9892362044246075	Met_MGH.CCTGTTGAGCTGGCTC	0.7485174099022474	1.0	0	0.5	3.0	1	True
	11	1.0	19.0	0		0.9892362044246075	Met_MGH.CCACTTGGTGTAAACA	0.7485174099022474	1.0	0	0.5	3.0	1	True
	12	1.0	1.0	4	-0.008598631541023114	0.12507658737310834	_11	2.7257732361400135	1.0	4	0.5	3.0	4	False
	13	1.0	15.0	6	-0.008950568021049987	0.14225061782634985	_12	2.142409815132462	1.0	2	0.5	3.0	4	False
	14	1.0	4.0	14	-0.003957535608299701	0.09658517009352874	_13	2.3894936851383624	1.0	3	0.5	3.0	10	False
	15	1.0	2.0	0		0.8758776296954267	Met_MGH.CTACCTGAGATGACCG	1.2122169426780331	1.0	0	0.6666666666666666	4.0	1	True
	16	1.0	4.0	0		0.8758776296954267	Met_MGH.AACCACAGTCGAACAG	1.2122169426780331	1.0	0	0.6666666666666666	4.0	1	True
	17	1.0	1.0	0		0.8758776296954267	Met_MGH.GTTAGACGTACCCAGC	1.2122169426780331	1.0	0	0.6666666666666666	4.0	1	True
	18	1.0	3.0	0		0.8758776296954267	Met_MGH.AGTTAGCTCATTCGTT	1.2122169426780331	1.0	0	0.6666666666666666	4.0	1	True
	19	1.0	24.0	0		0.9137116139564574	Met_MGH.CTTCAATTCTCTGAGA	0.7059513127801222	1.0	0	0.6666666666666666	4.0	1	True
	20	1.0	14.0	4	-0.009910155162070803	0.14781167551787444	_19	2.1688180823234555	1.0	2	0.6666666666666666	4.0	3	False
	21	1.0	11.0	0		0.8684312703114809	Met_MGH.TGTGAGTAGAGATCGC	0.9273562781298461	1.0	0	0.6666666666666666	4.0	1	True
	22	1.0	9.0	2	-0.008403419193834442	0.2328885803053904	_21	2.2307776726622475	1.0	2	0.6666666666666666	4.0	2	False
	23	1.0	2.0	9	-0.00709822513058723	0.0812893359554101	_22	2.659406124359875	1.0	5	0.6666666666666666	4.0	7	False
	24	1.0	23.0	0		0.9171894611881888	Met_MGH.GACTCTCCAAGAGAGA	0.7293854062501925	1.0	0	0.8333333333333334	5.0	1	True
	25	1.0	13.0	2	-0.011692245566823741	0.24250887166189905	_24	2.189470006849903	1.0	2	0.8333333333333334	5.0	2	False
	26	1.0	17.0	0		0.9821041762396708	Met_MGH.TTCGATTCAGCCCACA	0.7805359616014109	1.0	0	0.8333333333333334	5.0	1	True
	27	1.0	16.0	0		0.9821041762396708	Met_MGH.GCCAGTGTCGACTCCT	0.7805359616014109	1.0	0	0.8333333333333334	5.0	1	True
	28	1.0	5.0	0		0.8472535240769743	Met_MGH.AGCGCCAGTGCCCTTT	1.1595602216459941	1.0	0	0.8333333333333334	5.0	1	True
	29	1.0	7.0	0		0.8472535240769743	Met_MGH.CAAGCTAGTAACCAGG	1.1595602216459941	1.0	0	0.8333333333333334	5.0	1	True
	30	1.0	6.0	0		0.8472535240769743	Met_MGH.TTCACCGAGGCCCACT	1.1595602216459941	1.0	0	0.8333333333333334	5.0	1	True
	31	1.0	8.0	2	-0.011692245566823741	0.22565231040828682	_30	2.2762609960832734	1.0	2	0.8333333333333334	5.0	2	False
	32	1.0	7.0	2	-0.011692245566823741	0.22565231040828682	_31	2.2762609960832734	1.0	2	0.8333333333333334	5.0	2	False
	33	1.0	21.0	0		0.9919820428394814	Met_MGH.ATCGCCTCAAACGAGC	0.7434120458498525	1.0	0	1.0	6.0	1	True
	34	1.0	22.0	0		0.9919820428394814	Met_MGH.TTGTTTGAGCCTTTGA	0.7434120458498525	1.0	0	1.0	6.0	1	True
	35	1.0	13.0	0		0.973915288367751	Met_MGH.CTAACTTCAGCTTCGG	0.8210878338287133	1.0	0	1.0	6.0	1	True
	36	1.0	14.0	0		0.973915288367751	Met_MGH.AAGGTAATCGCAATTG	0.8210878338287133	1.0	0	1.0	6.0	1	True
	37	1.0	15.0	0		0.973915288367751	Met_MGH.AACGAAAAGTATAACG	0.8210878338287133	1.0	0	1.0	6.0	1	True
	38	1.0	12.0	0		0.973915288367751	Met_MGH.TTTGACTTCTAGCCAA	0.8210878338287133	1.0	0	1.0	6.0	1	True
