name_tree	id_node	dist	rank	num_descendants	expansion_score	var_fitness	name	mean_fitness	support	num_children	depth_normalized	depth	num_leaf_descendants	is_leaf
	0	0.0		10					1.0	3	0.0	0.0	8	False
	1	1.0	6.0	0		1.0541549788284355	Met_MGH.CACTTCGAGGCCCAAA	0.5225374190525164	1.0	0	0.5	1.0	1	True
	2	1.0	3.0	2	-0.0001370838772886876	0.13930719018995408	_1	2.1013197165453503	1.0	2	0.5	1.0	2	False
	3	1.0	1.0	5	-0.0001370838772886876	0.06313052381808593	_2	2.4888676234941185	1.0	5	0.5	1.0	5	False
	4	1.0	8.0	0		1.0960915666852018	Met_MGH.AGGTCATAGAGATCGC	0.3279803713199009	1.0	0	1.0	2.0	1	True
	5	1.0	7.0	0		1.0960915666852018	Met_MGH.TCACTCGCATGAGATA	0.3279803713199009	1.0	0	1.0	2.0	1	True
	6	1.0	1.0	0		1.0433580354743535	Met_MGH.CGTTCTGCAAGTGTCT	0.5309162793514799	1.0	0	1.0	2.0	1	True
	7	1.0	3.0	0		1.0433580354743535	Met_MGH.AGGTGTTAGATGTAGT	0.5309162793514799	1.0	0	1.0	2.0	1	True
	8	1.0	5.0	0		1.0433580354743535	Met_MGH.GAGGCCTGTCGTATTG	0.5309162793514799	1.0	0	1.0	2.0	1	True
	9	1.0	4.0	0		1.0433580354743535	Met_MGH.GATAGAATCGTACACA	0.5309162793514799	1.0	0	1.0	2.0	1	True
	10	1.0	2.0	0		1.0433580354743535	Met_MGH.ATACTTCCATCAGTGT	0.5309162793514799	1.0	0	1.0	2.0	1	True
