name_tree	id_node	dist	rank	num_descendants	expansion_score	var_fitness	name	mean_fitness	support	num_children	depth_normalized	depth	num_leaf_descendants	is_leaf
	0	0.0		78					1.0	2	0.0	0.0	58	False
	1	1.0	12.0	33	-0.020935197805155122	0.11068413253811737	_0	2.3912830717296587	1.0	2	0.14285714285714285	1.0	27	False
	2	1.0	20.0	43	-0.0003061779256744139	0.10304539332387375	_1	2.1987042336491767	1.0	2	0.14285714285714285	1.0	31	False
	3	1.0	14.0	2	-0.02236322350791425	0.2801286786129502	_2	2.272580192836094	1.0	2	0.2857142857142857	2.0	2	False
	4	1.0	1.0	29	-0.020866797971917733	0.035687483269468245	_3	3.437283205648617	1.0	20	0.2857142857142857	2.0	25	False
	5	1.0	21.0	6	-0.019559189312575876	0.14967896286723192	_4	2.159010318087833	1.0	2	0.2857142857142857	2.0	4	False
	6	1.0	13.0	35	-0.0020847033671384523	0.10464058611495464	_5	2.2991576319391114	1.0	2	0.2857142857142857	2.0	27	False
	7	1.0	50.0	0		0.9550228022036016	MI_MGH.GGCTTTCTCGAGGCAA	0.9394157706327968	1.0	0	0.42857142857142855	3.0	1	True
	8	1.0	51.0	0		0.9550228022036016	MI_MGH.ACTTTCACAAAGGTTA	0.9394157706327968	1.0	0	0.42857142857142855	3.0	1	True
	9	1.0	8.0	0		0.7234932050153038	MI_MGH.AAGACTCCATAGACTC	1.9933392492312763	1.0	0	0.42857142857142855	3.0	1	True
	10	1.0	16.0	0		0.7234932050153038	MI_MGH.GGCAGTCGTACAAGCG	1.9933392492312763	1.0	0	0.42857142857142855	3.0	1	True
	11	1.0	3.0	0		0.7234932050153038	MI_MGH.CTTCGGTTCACCTTGC	1.9933392492312763	1.0	0	0.42857142857142855	3.0	1	True
	12	1.0	13.0	0		0.7234932050153038	MI_MGH.TTACCATCAGGCTCTG	1.9933392492312763	1.0	0	0.42857142857142855	3.0	1	True
	13	1.0	2.0	0		0.7234932050153038	MI_MGH.CGGGCATTCGAACGCC	1.9933392492312763	1.0	0	0.42857142857142855	3.0	1	True
	14	1.0	12.0	0		0.7234932050153038	MI_MGH.GGACGTCCATAGTCGT	1.9933392492312763	1.0	0	0.42857142857142855	3.0	1	True
	15	1.0	11.0	0		0.7234932050153038	MI_MGH.GTGGAGACACTAGAGG	1.9933392492312763	1.0	0	0.42857142857142855	3.0	1	True
	16	1.0	14.0	0		0.7234932050153038	MI_MGH.TGTTGAGTCTCTTCAA	1.9933392492312763	1.0	0	0.42857142857142855	3.0	1	True
	17	1.0	10.0	0		0.7234932050153038	MI_MGH.AGGATAAGTTACCTTT	1.9933392492312763	1.0	0	0.42857142857142855	3.0	1	True
	18	1.0	6.0	0		0.7234932050153038	MI_MGH.CCTATCGAGTCGCGAA	1.9933392492312763	1.0	0	0.42857142857142855	3.0	1	True
	19	1.0	1.0	0		0.7234932050153038	MI_MGH.CTGAATGCATAACTCG	1.9933392492312763	1.0	0	0.42857142857142855	3.0	1	True
	20	1.0	4.0	0		0.7234932050153038	MI_MGH.GTCGCGAAGAGTATAC	1.9933392492312763	1.0	0	0.42857142857142855	3.0	1	True
	21	1.0	9.0	0		0.7234932050153038	MI_MGH.CAGGCCATCCTCTGCA	1.9933392492312763	1.0	0	0.42857142857142855	3.0	1	True
	22	1.0	7.0	0		0.7234932050153038	MI_MGH.TCACACCCATTCTGTT	1.9933392492312763	1.0	0	0.42857142857142855	3.0	1	True
	23	1.0	5.0	0		0.7234932050153038	MI_MGH.TTTGACTAGCTAGCCC	1.9933392492312763	1.0	0	0.42857142857142855	3.0	1	True
	24	1.0	15.0	0		0.7234932050153038	MI_MGH.AACACACCAGACAAAT	1.9933392492312763	1.0	0	0.42857142857142855	3.0	1	True
	25	1.0	8.0	2	-0.021351276931609854	0.24618595156958278	_24	2.541312820996093	1.0	2	0.42857142857142855	3.0	2	False
	26	1.0	10.0	2	-0.021351276931609854	0.24618595156958278	_25	2.541312820996093	1.0	2	0.42857142857142855	3.0	2	False
	27	1.0	9.0	2	-0.021351276931609854	0.24618595156958278	_26	2.541312820996093	1.0	2	0.42857142857142855	3.0	2	False
	28	1.0	5.0	3	-0.021050078301629728	0.18461781016284462	_27	2.828674758061355	1.0	3	0.42857142857142855	3.0	3	False
	29	1.0	58.0	0		0.8424313620338775	MI_MGH.TGCTCCAAGAGGCGTT	0.8357392701552813	1.0	0	0.42857142857142855	3.0	1	True
	30	1.0	18.0	4	-0.01942210543528719	0.16028772101170574	_29	2.222388784251359	1.0	2	0.42857142857142855	3.0	3	False
	31	1.0	4.0	5	-0.02054674698287587	0.12871894454769262	_30	3.0095396218293216	1.0	5	0.42857142857142855	3.0	5	False
	32	1.0	16.0	28	-0.0036481932481007345	0.10341064346036877	_31	2.233245035848444	1.0	2	0.42857142857142855	3.0	22	False
	33	1.0	45.0	0		0.9156861526576483	MI_MGH.CGCCATTTCATGGTAC	1.1902860949654928	1.0	0	0.5714285714285714	4.0	1	True
	34	1.0	49.0	0		0.9156861526576483	MI_MGH.GTCTAGAAGCGGTAAC	1.1902860949654928	1.0	0	0.5714285714285714	4.0	1	True
	35	1.0	47.0	0		0.9156861526576483	MI_MGH.GTTAGACCACCCATAA	1.1902860949654928	1.0	0	0.5714285714285714	4.0	1	True
	36	1.0	48.0	0		0.9156861526576483	MI_MGH.GAAGAATGTCACAATC	1.1902860949654928	1.0	0	0.5714285714285714	4.0	1	True
	37	1.0	44.0	0		0.9156861526576483	MI_MGH.ATCCCTGAGACGCAGT	1.1902860949654928	1.0	0	0.5714285714285714	4.0	1	True
	38	1.0	46.0	0		0.9156861526576483	MI_MGH.TATCTGTCAAATAGCA	1.1902860949654928	1.0	0	0.5714285714285714	4.0	1	True
	39	1.0	38.0	0		0.8536429846369389	MI_MGH.CTGAGCGAGTCCCGGT	1.4543839450211131	1.0	0	0.5714285714285714	4.0	1	True
	40	1.0	37.0	0		0.8536429846369389	MI_MGH.CCCTTAGTCCCTAGGG	1.4543839450211131	1.0	0	0.5714285714285714	4.0	1	True
	41	1.0	39.0	0		0.8536429846369389	MI_MGH.CTTACCGGTGAGAGGG	1.4543839450211131	1.0	0	0.5714285714285714	4.0	1	True
	42	1.0	53.0	0		0.8505560720335232	MI_MGH.GTCAAGTGTCCGTACG	0.895398384840479	1.0	0	0.5714285714285714	4.0	1	True
	43	1.0	19.0	2	-0.019833357067153255	0.29502876695374436	_42	2.220344516728628	1.0	2	0.5714285714285714	4.0	2	False
	44	1.0	33.0	0		0.8029818417078434	MI_MGH.TAAGCACAGCGTATGG	1.6182848803979104	1.0	0	0.5714285714285714	4.0	1	True
	45	1.0	34.0	0		0.8029818417078434	MI_MGH.GTTGCGGTCAGCGCGT	1.6182848803979104	1.0	0	0.5714285714285714	4.0	1	True
	46	1.0	36.0	0		0.8029818417078434	MI_MGH.TTGCTGCTCGAAGTGG	1.6182848803979104	1.0	0	0.5714285714285714	4.0	1	True
	47	1.0	32.0	0		0.8029818417078434	MI_MGH.TCGCTTGCAGTCTGGC	1.6182848803979104	1.0	0	0.5714285714285714	4.0	1	True
	48	1.0	35.0	0		0.8029818417078434	MI_MGH.GATGGAGTCAAACCTG	1.6182848803979104	1.0	0	0.5714285714285714	4.0	1	True
	49	1.0	15.0	4	-0.017081682307098462	0.15811589911095592	_48	2.23435214949137	1.0	2	0.5714285714285714	4.0	3	False
	50	1.0	7.0	22	-0.005820078959980482	0.10563606337178033	_49	2.575886788096576	1.0	3	0.5714285714285714	4.0	19	False
	51	1.0	56.0	0		0.969943984375242	MI_MGH.CCTCATGAGCTTGTTG	0.8899890106782112	1.0	0	0.7142857142857143	5.0	1	True
	52	1.0	57.0	0		0.969943984375242	MI_MGH.ATAGGCTTCCGCAACG	0.8899890106782112	1.0	0	0.7142857142857143	5.0	1	True
	53	1.0	52.0	0		0.8483422562297623	MI_MGH.ATACCTTGTGCAATAA	0.9067403764962891	1.0	0	0.7142857142857143	5.0	1	True
	54	1.0	17.0	2	-0.01831543720269665	0.29403136146339914	_53	2.2240945571047153	1.0	2	0.7142857142857143	5.0	2	False
	55	1.0	43.0	0		0.7945930404116361	MI_MGH.CAACCAATCTGGGCAC	1.2269989615510446	1.0	0	0.7142857142857143	5.0	1	True
	56	1.0	6.0	3	-0.01680944405279602	0.1985952837827778	_55	2.6632120826763366	1.0	3	0.7142857142857143	5.0	3	False
	57	1.0	2.0	16	-0.008991994647984607	0.05769335062365499	_56	3.418876400579505	1.0	12	0.7142857142857143	5.0	15	False
	58	1.0	55.0	0		0.9689366066949504	MI_MGH.TCAGGTAGTTGGGACA	0.8935393056343768	1.0	0	0.8571428571428571	6.0	1	True
	59	1.0	54.0	0		0.9689366066949504	MI_MGH.ACAGCCGAGGTACAGC	0.8935393056343768	1.0	0	0.8571428571428571	6.0	1	True
	60	1.0	40.0	0		0.8711668603442908	MI_MGH.AAGTCGTGTGTCCATA	1.3037915855307756	1.0	0	0.8571428571428571	6.0	1	True
	61	1.0	41.0	0		0.8711668603442908	MI_MGH.AAGAACAGTCCTGGTG	1.3037915855307756	1.0	0	0.8571428571428571	6.0	1	True
	62	1.0	42.0	0		0.8711668603442908	MI_MGH.TAAGCGTCAGCTGTAT	1.3037915855307756	1.0	0	0.8571428571428571	6.0	1	True
	63	1.0	22.0	0		0.7397131602402243	MI_MGH.GCATGATGTTCCGGTG	1.976729098322204	1.0	0	0.8571428571428571	6.0	1	True
	64	1.0	23.0	0		0.7397131602402243	MI_MGH.TGTAACGTCTGCGGAC	1.976729098322204	1.0	0	0.8571428571428571	6.0	1	True
	65	1.0	21.0	0		0.7397131602402243	MI_MGH.AGGGAGTCATCTCATT	1.976729098322204	1.0	0	0.8571428571428571	6.0	1	True
	66	1.0	19.0	0		0.7397131602402243	MI_MGH.TTGGGTAGTTGTGTAC	1.976729098322204	1.0	0	0.8571428571428571	6.0	1	True
	67	1.0	25.0	0		0.7397131602402243	MI_MGH.AGCCAATGTCATGCAT	1.976729098322204	1.0	0	0.8571428571428571	6.0	1	True
	68	1.0	27.0	0		0.7397131602402243	MI_MGH.GCCATGGGTTGCAACT	1.976729098322204	1.0	0	0.8571428571428571	6.0	1	True
	69	1.0	17.0	0		0.7397131602402243	MI_MGH.GAAGGGTGTGGAACCA	1.976729098322204	1.0	0	0.8571428571428571	6.0	1	True
	70	1.0	26.0	0		0.7397131602402243	MI_MGH.AACCCAACAATGGCCC	1.976729098322204	1.0	0	0.8571428571428571	6.0	1	True
	71	1.0	18.0	0		0.7397131602402243	MI_MGH.ATGAAAGTCGGTCTGG	1.976729098322204	1.0	0	0.8571428571428571	6.0	1	True
	72	1.0	24.0	0		0.7397131602402243	MI_MGH.GTAAGTCTCCAACCGG	1.976729098322204	1.0	0	0.8571428571428571	6.0	1	True
	73	1.0	20.0	0		0.7397131602402243	MI_MGH.TTCACGCGTGCATACT	1.976729098322204	1.0	0	0.8571428571428571	6.0	1	True
	74	1.0	3.0	4	-0.022110236863838156	0.14766397159713662	_73	3.0161740483538013	1.0	4	0.8571428571428571	6.0	4	False
	75	1.0	31.0	0		0.8176858821201742	MI_MGH.CGATCGGAGTATTAGG	1.6233444176306953	1.0	0	1.0	7.0	1	True
	76	1.0	30.0	0		0.8176858821201742	MI_MGH.GCTGAATAGCCTGCCA	1.6233444176306953	1.0	0	1.0	7.0	1	True
	77	1.0	28.0	0		0.8176858821201742	MI_MGH.CAACGATAGCATCCCG	1.6233444176306953	1.0	0	1.0	7.0	1	True
	78	1.0	29.0	0		0.8176858821201742	MI_MGH.CTGTATTCAGGGAGAG	1.6233444176306953	1.0	0	1.0	7.0	1	True
