name_tree	id_node	dist	rank	num_descendants	expansion_score	var_fitness	name	mean_fitness	support	num_children	depth_normalized	depth	num_leaf_descendants	is_leaf
	0	0.0		286					1.0	2	0.0	0.0	152	False
	1	1.0	43.0	11	-0.07403130845346713	0.15629450063299544	_0	2.76676611819385	1.0	2	0.07142857142857142	1.0	7	False
	2	1.0	83.0	273	0.004816516266973918	0.12232632267367638	_1	2.6428773587865493	1.0	2	0.07142857142857142	1.0	145	False
	3	1.0	111.0	2	-0.07040119448549191	0.4214567360977215	_2	2.5271891088346448	1.0	2	0.14285714285714285	2.0	2	False
	4	1.0	54.0	7	-0.07208458766244004	0.18834867215844753	_3	2.724645788979937	1.0	2	0.14285714285714285	2.0	5	False
	5	1.0	61.0	12	-0.07191513877842987	0.12321095375271796	_4	2.7059327820846972	1.0	2	0.14285714285714285	2.0	7	False
	6	1.0	90.0	259	0.00785248691869427	0.14938410136010116	_5	2.6216670694579065	1.0	2	0.14285714285714285	2.0	138	False
	7	1.0	108.0	0		0.8051673345252692	MI_MGH.CGAGTGCGTAATTAGG	1.6902713797943871	1.0	0	0.21428571428571427	3.0	1	True
	8	1.0	109.0	0		0.8051673345252692	MI_MGH.TGACTCCCAAGAGTTA	1.6902713797943871	1.0	0	0.21428571428571427	3.0	1	True
	9	1.0	46.0	0		0.5731962958122714	MI_MGH.AAAGGATTCAAGTGTC	1.8873891995726582	1.0	0	0.21428571428571427	3.0	1	True
	10	1.0	29.0	5	-0.07085083276684187	0.2589768374602137	_9	2.8572122864877327	1.0	2	0.21428571428571427	3.0	4	False
	11	1.0	67.0	4	-0.07034883505020832	0.25633570310107334	_10	2.6900451404049903	1.0	2	0.21428571428571427	3.0	3	False
	12	1.0	79.0	6	-0.07002230786034737	0.18652567638746564	_11	2.646309926641361	1.0	2	0.21428571428571427	3.0	4	False
	13	1.0	132.0	2	-0.06989522119733971	0.42153977635708895	_12	2.399196613877116	1.0	2	0.21428571428571427	3.0	2	False
	14	1.0	87.0	255	0.009623393427226972	0.1259337627362429	_13	2.627363094234945	1.0	2	0.21428571428571427	3.0	136	False
	15	1.0	33.0	0		0.6433036456461751	MI_MGH.GATTCGAGTATCTCGA	2.0194809588053277	1.0	0	0.2857142857142857	4.0	1	True
	16	1.0	24.0	3	-0.06989124562582105	0.46849386231596846	_15	2.8853449554429584	1.0	3	0.2857142857142857	4.0	3	False
	17	1.0	61.0	0		0.6408415420583276	MI_MGH.AGGGTGAAGTCAGCCC	1.852827033036205	1.0	0	0.2857142857142857	4.0	1	True
	18	1.0	124.0	2	-0.06938924790918752	0.5041267471609405	_17	2.455349472453647	1.0	2	0.2857142857142857	4.0	2	False
	19	1.0	71.0	0		0.5714450646906619	MI_MGH.TGTTGAGAGCTGTGCC	1.8092780207820964	1.0	0	0.2857142857142857	4.0	1	True
	20	1.0	76.0	4	-0.06906272071932655	0.2852676370930336	_19	2.650156923585107	1.0	2	0.2857142857142857	4.0	3	False
	21	1.0	145.0	0		0.8054078286038666	MI_MGH.TGTGCGGAGCCACAAG	1.5626077069149997	1.0	0	0.2857142857142857	4.0	1	True
	22	1.0	146.0	0		0.8054078286038666	MI_MGH.GCCTGTTGTCCCACGA	1.5626077069149997	1.0	0	0.2857142857142857	4.0	1	True
	23	1.0	84.0	4	-0.06906272071932655	0.26093423338477617	_22	2.6421326735609365	1.0	2	0.2857142857142857	4.0	3	False
	24	1.0	92.0	249	0.01056179945774651	0.10954264735547703	_23	2.6061145114275486	1.0	2	0.2857142857142857	4.0	133	False
	25	1.0	24.0	0		0.8513419410217011	MI_MGH.CATGGTACAAGCGATG	2.047292266319959	1.0	0	0.35714285714285715	5.0	1	True
	26	1.0	25.0	0		0.8513419410217011	MI_MGH.TCAAGTGTCATCAGTG	2.047292266319959	1.0	0	0.35714285714285715	5.0	1	True
	27	1.0	26.0	0		0.8513419410217011	MI_MGH.CAGTTCCTCAGAACCT	2.047292266319959	1.0	0	0.35714285714285715	5.0	1	True
	28	1.0	132.0	0		0.8874867700821598	MI_MGH.CTCATGCAGGTTCACT	1.618557956119206	1.0	0	0.35714285714285715	5.0	1	True
	29	1.0	131.0	0		0.8874867700821598	MI_MGH.GAATAGATCTGAGAGG	1.618557956119206	1.0	0	0.35714285714285715	5.0	1	True
	30	1.0	66.0	0		0.6696509342595558	MI_MGH.ACGTTCCAGGCTTAAA	1.8130265665199663	1.0	0	0.35714285714285715	5.0	1	True
	31	1.0	129.0	2	-0.06837730133288311	0.5293931434939418	_30	2.418877671703262	1.0	2	0.35714285714285715	5.0	2	False
	32	1.0	76.0	0		0.6454540240946929	MI_MGH.GTGTGATCAACTGGTT	1.805046013726817	1.0	0	0.35714285714285715	5.0	1	True
	33	1.0	130.0	2	-0.06837730133288311	0.510239200233837	_32	2.4127442784729425	1.0	2	0.35714285714285715	5.0	2	False
	34	1.0	103.0	90	-0.021242511349851084	0.10823093893587554	_33	2.5808207565644703	1.0	2	0.35714285714285715	5.0	49	False
	35	1.0	32.0	157	-0.00706073103896431	0.07618198455342196	_34	2.8380383457976115	1.0	4	0.35714285714285715	5.0	84	False
	36	1.0	140.0	0		0.9126615528188657	MI_MGH.TGGGCGTTCCTCTAAT	1.5821632227487654	1.0	0	0.42857142857142855	6.0	1	True
	37	1.0	139.0	0		0.9126615528188657	MI_MGH.TACAGGTTCGTGCATA	1.5821632227487654	1.0	0	0.42857142857142855	6.0	1	True
	38	1.0	142.0	0		0.8936235964874735	MI_MGH.GAAACCTAGACATACA	1.5760581259041064	1.0	0	0.42857142857142855	6.0	1	True
	39	1.0	141.0	0		0.8936235964874735	MI_MGH.CGCATAATCTGATTCT	1.5760581259041064	1.0	0	0.42857142857142855	6.0	1	True
	40	1.0	46.0	24	-0.05750867218670415	0.11425096728301032	_39	2.7633059558185584	1.0	2	0.42857142857142855	6.0	14	False
	41	1.0	110.0	64	-0.030234206990699508	0.11289541602254616	_40	2.541362764699904	1.0	2	0.42857142857142855	6.0	35	False
	42	1.0	59.0	29	-0.04984313708384942	0.11209425965462305	_41	2.708454224718659	1.0	2	0.42857142857142855	6.0	16	False
	43	1.0	72.0	28	-0.05107913491024582	0.1140099933854346	_42	2.6771183491666877	1.0	2	0.42857142857142855	6.0	16	False
	44	1.0	20.0	39	-0.04654261118105719	0.10027733327565791	_43	2.9063538973708347	1.0	3	0.42857142857142855	6.0	21	False
	45	1.0	68.0	57	-0.0330532324358456	0.11044430611890377	_44	2.6845828537095744	1.0	2	0.42857142857142855	6.0	31	False
	46	1.0	13.0	9	-0.0627538208663215	0.15066786590896442	_45	2.951975499287242	1.0	2	0.5	7.0	6	False
	47	1.0	17.0	13	-0.06101798243344843	0.12652244753726194	_46	2.923065724991399	1.0	2	0.5	7.0	8	False
	48	1.0	123.0	22	-0.051590421383817926	0.1554260680034094	_47	2.457475647483305	1.0	2	0.5	7.0	12	False
	49	1.0	60.0	40	-0.03875362270426538	0.14725697525348735	_48	2.7075880329432898	1.0	2	0.5	7.0	23	False
	50	1.0	26.0	11	-0.06122275176468601	0.1461214368538304	_49	2.865585634344394	1.0	3	0.5	7.0	7	False
	51	1.0	88.0	16	-0.05530797873484947	0.122380333838918	_50	2.6256324462961533	1.0	2	0.5	7.0	9	False
	52	1.0	37.0	10	-0.062375904432816376	0.14612748818646626	_51	2.8156924369365797	1.0	2	0.5	7.0	6	False
	53	1.0	108.0	16	-0.05590858736891951	0.1598994214039342	_52	2.5515220714417555	1.0	2	0.5	7.0	10	False
	54	1.0	38.0	4	-0.06594215654840827	0.23974859434027884	_53	2.8101562437042302	1.0	2	0.5	7.0	3	False
	55	1.0	23.0	8	-0.06337373158030245	0.1517215280719224	_54	2.8906663222761333	1.0	2	0.5	7.0	5	False
	56	1.0	53.0	24	-0.05149131045176307	0.15438882234588824	_55	2.733413907911537	1.0	2	0.5	7.0	13	False
	57	1.0	39.0	12	-0.061829301800960315	0.12351432418496255	_56	2.804054161148011	1.0	2	0.5	7.0	7	False
	58	1.0	82.0	43	-0.037799693329812895	0.1104010057267164	_57	2.6431916493166048	1.0	2	0.5	7.0	24	False
	59	1.0	35.0	4	-0.0648878477511013	0.2571214865588374	_58	2.834547520862019	1.0	2	0.5714285714285714	8.0	3	False
	60	1.0	8.0	3	-0.06565061137698736	0.3862173919480174	_59	2.969440198839578	1.0	3	0.5714285714285714	8.0	3	False
	61	1.0	5.0	5	-0.0640765283835894	0.23940876808831746	_60	3.047417215704763	1.0	3	0.5714285714285714	8.0	4	False
	62	1.0	12.0	6	-0.06414681094134905	0.18757343794402104	_61	2.9580677936572197	1.0	2	0.5714285714285714	8.0	4	False
	63	1.0	130.0	0		0.5405855351890652	MI_MGH.GTGCTGGCATGATGCT	1.6209548095076944	1.0	0	0.5714285714285714	8.0	1	True
	64	1.0	71.0	20	-0.05200167301568397	0.11926350734707647	_63	2.679914000071517	1.0	2	0.5714285714285714	8.0	11	False
	65	1.0	121.0	2	-0.06635340818027431	0.4166801300232468	_64	2.475488442385622	1.0	2	0.5714285714285714	8.0	2	False
	66	1.0	15.0	36	-0.04052452921279806	0.10690360651318187	_65	2.949905509553868	1.0	3	0.5714285714285714	8.0	21	False
	67	1.0	28.0	0		0.5311502180255125	MI_MGH.GTCTTTAGTAGTCTGT	2.0279448072204334	1.0	0	0.5714285714285714	8.0	1	True
	68	1.0	91.0	2	-0.06635340818027431	0.41006592050452095	_67	2.613940046766663	1.0	2	0.5714285714285714	8.0	2	False
	69	1.0	56.0	6	-0.0631481195673509	0.1917533868083181	_68	2.7187109337093753	1.0	2	0.5714285714285714	8.0	4	False
	70	1.0	85.0	4	-0.0648878477511013	0.25973991987616074	_69	2.641239028319887	1.0	2	0.5714285714285714	8.0	3	False
	71	1.0	126.0	10	-0.05806601889338842	0.16187537590053136	_70	2.435870938118101	1.0	2	0.5714285714285714	8.0	6	False
	72	1.0	105.0	2	-0.06635340818027431	0.41210118311694544	_71	2.570488373634062	1.0	2	0.5714285714285714	8.0	2	False
	73	1.0	19.0	6	-0.06414681094134905	0.1942229395967523	_72	2.9084840033772847	1.0	2	0.5714285714285714	8.0	4	False
	74	1.0	105.0	0		0.544992287847184	MI_MGH.AGGAAATCAATACAGA	1.7147634776204952	1.0	0	0.5714285714285714	8.0	1	True
	75	1.0	50.0	14	-0.05631983900078559	0.12874222800936153	_74	2.7596183055431895	1.0	2	0.5714285714285714	8.0	9	False
	76	1.0	37.0	0		0.6242457723465438	MI_MGH.GACGTTATCTTCTCAA	1.9725943726034014	1.0	0	0.5714285714285714	8.0	1	True
	77	1.0	106.0	2	-0.06635340818027431	0.4848615159698868	_76	2.5615171595526696	1.0	2	0.5714285714285714	8.0	2	False
	78	1.0	86.0	2	-0.06635340818027431	0.4136121902763277	_77	2.63544761702716	1.0	2	0.5714285714285714	8.0	2	False
	79	1.0	42.0	4	-0.0648878477511013	0.25975908695071226	_78	2.7986216129661483	1.0	2	0.5714285714285714	8.0	3	False
	80	1.0	118.0	2	-0.06635340818027431	0.42110061527599196	_79	2.49794040354203	1.0	2	0.5714285714285714	8.0	2	False
	81	1.0	75.0	20	-0.05326221696029577	0.14968948083032885	_80	2.662320892210192	1.0	2	0.5714285714285714	8.0	11	False
	82	1.0	51.0	4	-0.0648878477511013	0.2522521875756576	_81	2.748815600717834	1.0	2	0.5714285714285714	8.0	3	False
	83	1.0	22.0	6	-0.06414681094134905	0.1890662000432357	_82	2.9034323238924378	1.0	2	0.5714285714285714	8.0	4	False
	84	1.0	52.0	14	-0.05736296390187229	0.12088976218590286	_83	2.746898103064656	1.0	2	0.5714285714285714	8.0	8	False
	85	1.0	69.0	27	-0.04477507430446729	0.11395560484738354	_84	2.6844471256519316	1.0	2	0.5714285714285714	8.0	16	False
	86	1.0	36.0	0		0.6414883860354457	MI_MGH.TGTGCGGGTTAGAAGT	1.9968913235248804	1.0	0	0.6428571428571429	9.0	1	True
	87	1.0	101.0	2	-0.06584743489212211	0.4970203533814752	_86	2.582030198942768	1.0	2	0.6428571428571429	9.0	2	False
	88	1.0	14.0	0		0.7694852624420596	MI_MGH.TTGGGTACACGCTGAC	2.131182771195075	1.0	0	0.6428571428571429	9.0	1	True
	89	1.0	15.0	0		0.7694852624420596	MI_MGH.AAGCCATTCGACGCTG	2.131182771195075	1.0	0	0.6428571428571429	9.0	1	True
	90	1.0	13.0	0		0.7694852624420596	MI_MGH.TAGAGTCAGCGAGTAC	2.131182771195075	1.0	0	0.6428571428571429	9.0	1	True
	91	1.0	8.0	0		0.6236760075564645	MI_MGH.TGAATGCAGTGCACAG	2.2090543458707637	1.0	0	0.6428571428571429	9.0	1	True
	92	1.0	9.0	0		0.6236760075564645	MI_MGH.TACAGGTCACCCTAAA	2.2090543458707637	1.0	0	0.6428571428571429	9.0	1	True
	93	1.0	44.0	2	-0.06584743489212211	0.4723531200902986	_92	2.7661419105367893	1.0	2	0.6428571428571429	9.0	2	False
	94	1.0	66.0	2	-0.06584743489212211	0.43814058185176297	_93	2.691995976874126	1.0	2	0.6428571428571429	9.0	2	False
	95	1.0	65.0	2	-0.06584743489212211	0.43814058185176297	_94	2.691995976874126	1.0	2	0.6428571428571429	9.0	2	False
	96	1.0	30.0	6	-0.06326292121969174	0.19104955159873782	_95	2.846138015122346	1.0	2	0.6428571428571429	9.0	4	False
	97	1.0	48.0	12	-0.05573989584363408	0.14474308187811946	_96	2.76180153310582	1.0	2	0.6428571428571429	9.0	7	False
	98	1.0	127.0	0		0.8004828879843484	MI_MGH.TACTGCCCAACAAGAT	1.6387107881025724	1.0	0	0.6428571428571429	9.0	1	True
	99	1.0	126.0	0		0.8004828879843484	MI_MGH.TCATGTTAGATAACGT	1.6387107881025724	1.0	0	0.6428571428571429	9.0	1	True
	100	1.0	33.0	4	-0.06410770670837171	0.24077901415938285	_99	2.835246936039603	1.0	2	0.6428571428571429	9.0	3	False
	101	1.0	11.0	15	-0.05322323924986481	0.14874651493219915	_100	2.9593141219238897	1.0	2	0.6428571428571429	9.0	9	False
	102	1.0	7.0	14	-0.053307120765652506	0.15039172538252288	_101	2.976199202960462	1.0	2	0.6428571428571429	9.0	9	False
	103	1.0	82.0	0		0.7937293609981388	MI_MGH.GGGCTACGTTACGATC	1.7767936299617204	1.0	0	0.6428571428571429	9.0	1	True
	104	1.0	81.0	0		0.7937293609981388	MI_MGH.TCCCAGTGTACGTTCA	1.7767936299617204	1.0	0	0.6428571428571429	9.0	1	True
	105	1.0	48.0	0		0.576592743967554	MI_MGH.CCTCAGTCACTTGTCC	1.8814691463569881	1.0	0	0.6428571428571429	9.0	1	True
	106	1.0	64.0	4	-0.06410770670837171	0.2832542319441247	_105	2.6940741970183013	1.0	2	0.6428571428571429	9.0	3	False
	107	1.0	77.0	0		0.6442681447640126	MI_MGH.TACTTACGTCCCTAAA	1.804156060062223	1.0	0	0.6428571428571429	9.0	1	True
	108	1.0	131.0	2	-0.06584743489212211	0.5093756857606113	_107	2.412003349693425	1.0	2	0.6428571428571429	9.0	2	False
	109	1.0	134.0	0		0.5470192363538429	MI_MGH.AGAGCAGGTATCATGC	1.5993973625975169	1.0	0	0.6428571428571429	9.0	1	True
	110	1.0	125.0	8	-0.05902560603440924	0.173912764698275	_109	2.4385571587693438	1.0	2	0.6428571428571429	9.0	5	False
	111	1.0	100.0	0		0.7958133693010523	MI_MGH.GATTCTTTCGGTGTTA	1.7334617572305708	1.0	0	0.6428571428571429	9.0	1	True
	112	1.0	101.0	0		0.7958133693010523	MI_MGH.CGCCATTCAGCAGACA	1.7334617572305708	1.0	0	0.6428571428571429	9.0	1	True
	113	1.0	78.0	2	-0.06584743489212211	0.445425128383099	_112	2.648948145390174	1.0	2	0.6428571428571429	9.0	2	False
	114	1.0	77.0	2	-0.06584743489212211	0.445425128383099	_113	2.648948145390174	1.0	2	0.6428571428571429	9.0	2	False
	115	1.0	55.0	4	-0.06410770670837171	0.2560477974822142	_114	2.722072238483948	1.0	2	0.6428571428571429	9.0	3	False
	116	1.0	18.0	8	-0.05920851207063642	0.1853110720313378	_115	2.915657018823501	1.0	2	0.6428571428571429	9.0	6	False
	117	1.0	103.0	0		0.868174121117411	MI_MGH.GGGTCACCACAATCTG	1.7244541474967061	1.0	0	0.6428571428571429	9.0	1	True
	118	1.0	102.0	0		0.868174121117411	MI_MGH.TTCAATCGTGTCTCCT	1.7244541474967061	1.0	0	0.6428571428571429	9.0	1	True
	119	1.0	78.0	0		0.797229087662596	MI_MGH.TCATTGTTCACTGTCC	1.7982371150176055	1.0	0	0.6428571428571429	9.0	1	True
	120	1.0	79.0	0		0.797229087662596	MI_MGH.GAGGCCTTCATCCTAT	1.7982371150176055	1.0	0	0.6428571428571429	9.0	1	True
	121	1.0	40.0	0		0.6441455014275155	MI_MGH.GTAACCAGTGCTGATT	1.961075638362333	1.0	0	0.6428571428571429	9.0	1	True
	122	1.0	109.0	2	-0.06584743489212211	0.5010273998540375	_121	2.5505843662022887	1.0	2	0.6428571428571429	9.0	2	False
	123	1.0	120.0	0		0.8048486410181495	MI_MGH.GCTGGGTTCTTACCAT	1.6611002575358467	1.0	0	0.6428571428571429	9.0	1	True
	124	1.0	121.0	0		0.8048486410181495	MI_MGH.TTCACGCCAACGTTAC	1.6611002575358467	1.0	0	0.6428571428571429	9.0	1	True
	125	1.0	127.0	2	-0.06584743489212211	0.42031422445423594	_124	2.435320797028073	1.0	2	0.6428571428571429	9.0	2	False
	126	1.0	93.0	16	-0.055539096756980655	0.11654867725485207	_125	2.604611837969033	1.0	2	0.6428571428571429	9.0	9	False
	127	1.0	45.0	0		0.6367294979348133	MI_MGH.CATGCTCAGTGTTGAA	1.9114287418920135	1.0	0	0.6428571428571429	9.0	1	True
	128	1.0	117.0	2	-0.06584743489212211	0.4978099233276909	_127	2.5072768836660146	1.0	2	0.6428571428571429	9.0	2	False
	129	1.0	80.0	2	-0.06584743489212211	0.4417397825627969	_128	2.6448112266715684	1.0	2	0.6428571428571429	9.0	2	False
	130	1.0	81.0	2	-0.06584743489212211	0.4417397825627969	_129	2.6448112266715684	1.0	2	0.6428571428571429	9.0	2	False
	131	1.0	57.0	4	-0.06410770670837171	0.2535640618382642	_130	2.7148425509304093	1.0	2	0.6428571428571429	9.0	3	False
	132	1.0	36.0	8	-0.06044226696623462	0.15488427869355625	_131	2.8288324510714	1.0	2	0.6428571428571429	9.0	5	False
	133	1.0	40.0	12	-0.054917489030398496	0.1684123562607871	_132	2.7994822635501704	1.0	3	0.6428571428571429	9.0	8	False
	134	1.0	49.0	13	-0.0544115157422463	0.12161942961938532	_133	2.7614040063403333	1.0	2	0.6428571428571429	9.0	8	False
	135	1.0	95.0	0		0.8802298632633141	MI_MGH.CTTCCTTTCACCATAG	1.744899483487742	1.0	0	0.7142857142857143	10.0	1	True
	136	1.0	96.0	0		0.8802298632633141	MI_MGH.CTGTACCAGTAGGATT	1.744899483487742	1.0	0	0.7142857142857143	10.0	1	True
	137	1.0	42.0	0		0.8554011926369087	MI_MGH.GCCCAGAAGGTAACTA	1.9284804019450617	1.0	0	0.7142857142857143	10.0	1	True
	138	1.0	41.0	0		0.8554011926369087	MI_MGH.ATCGTAGTCCCTGGTT	1.9284804019450617	1.0	0	0.7142857142857143	10.0	1	True
	139	1.0	57.0	0		0.8215308160684853	MI_MGH.ACGTCCTAGTATGGAT	1.854597118887281	1.0	0	0.7142857142857143	10.0	1	True
	140	1.0	58.0	0		0.8215308160684853	MI_MGH.GCTTTCGCAATCGCGC	1.854597118887281	1.0	0	0.7142857142857143	10.0	1	True
	141	1.0	59.0	0		0.8215308160684853	MI_MGH.CAGATCAAGGAGTATT	1.854597118887281	1.0	0	0.7142857142857143	10.0	1	True
	142	1.0	60.0	0		0.8215308160684853	MI_MGH.TTACCGCGTAATCAAG	1.854597118887281	1.0	0	0.7142857142857143	10.0	1	True
	143	1.0	95.0	2	-0.0653414616039699	0.445819641880024	_142	2.5950220568687357	1.0	2	0.7142857142857143	10.0	2	False
	144	1.0	96.0	2	-0.0653414616039699	0.445819641880024	_143	2.5950220568687357	1.0	2	0.7142857142857143	10.0	2	False
	145	1.0	112.0	2	-0.0653414616039699	0.4129505297586178	_144	2.523354122821279	1.0	2	0.7142857142857143	10.0	2	False
	146	1.0	34.0	8	-0.058522748928471174	0.15899193157717662	_145	2.8349188259956164	1.0	2	0.7142857142857143	10.0	5	False
	147	1.0	35.0	0		0.6252460937791948	MI_MGH.CACACAAAGCTCATAC	1.997605114726895	1.0	0	0.7142857142857143	10.0	1	True
	148	1.0	100.0	2	-0.0653414616039699	0.4843297447385746	_147	2.583345030993774	1.0	2	0.7142857142857143	10.0	2	False
	149	1.0	62.0	2	-0.0653414616039699	0.40823320617534975	_148	2.6948326152624698	1.0	2	0.7142857142857143	10.0	2	False
	150	1.0	4.0	11	-0.0560060923347019	0.1346710922930523	_149	3.1538130538755897	1.0	3	0.7142857142857143	10.0	7	False
	151	1.0	58.0	2	-0.0653414616039699	0.4087922119356282	_150	2.709267065343783	1.0	2	0.7142857142857143	10.0	2	False
	152	1.0	2.0	10	-0.05568644617690783	0.1578766644912193	_151	3.1783256670009354	1.0	3	0.7142857142857143	10.0	7	False
	153	1.0	56.0	0		0.6676047961241647	MI_MGH.CTGGCAGCAAGGGCAT	1.8568197226473515	1.0	0	0.7142857142857143	10.0	1	True
	154	1.0	122.0	2	-0.0653414616039699	0.5252696052362316	_153	2.457793969214719	1.0	2	0.7142857142857143	10.0	2	False
	155	1.0	143.0	0		0.8927662530066307	MI_MGH.ACGATCAGTCGAATGG	1.5753198107847248	1.0	0	0.7142857142857143	10.0	1	True
	156	1.0	144.0	0		0.8927662530066307	MI_MGH.GAAGGGTGTATCGCAT	1.5753198107847248	1.0	0	0.7142857142857143	10.0	1	True
	157	1.0	133.0	0		0.5590031164228755	MI_MGH.AGAACCTGTTGGGTAG	1.6020683515465461	1.0	0	0.7142857142857143	10.0	1	True
	158	1.0	113.0	6	-0.06025936093000745	0.20260368646559268	_157	2.522786510585044	1.0	2	0.7142857142857143	10.0	4	False
	159	1.0	67.0	0		0.8288383702322082	MI_MGH.CCCTCTCAGTCCGCGT	1.8116702672777656	1.0	0	0.7142857142857143	10.0	1	True
	160	1.0	69.0	0		0.8288383702322082	MI_MGH.CCCAACTAGGTGCCTC	1.8116702672777656	1.0	0	0.7142857142857143	10.0	1	True
	161	1.0	70.0	0		0.8288383702322082	MI_MGH.ATCGATGCATCTCCCA	1.8116702672777656	1.0	0	0.7142857142857143	10.0	1	True
	162	1.0	68.0	0		0.8288383702322082	MI_MGH.CAGTTAGCAAATGAAC	1.8116702672777656	1.0	0	0.7142857142857143	10.0	1	True
	163	1.0	47.0	0		0.6405262310253228	MI_MGH.TCAAGACAGTAGGCCA	1.8847610693596932	1.0	0	0.7142857142857143	10.0	1	True
	164	1.0	119.0	2	-0.0653414616039699	0.50218022355104	_163	2.4836008221555583	1.0	2	0.7142857142857143	10.0	2	False
	165	1.0	20.0	0		0.5700516921797316	MI_MGH.CGCCATTCAACTCCAA	2.077811929295509	1.0	0	0.7142857142857143	10.0	1	True
	166	1.0	1.0	6	-0.06044226696623462	0.25206720095207125	_165	3.252746326153191	1.0	4	0.7142857142857143	10.0	5	False
	167	1.0	106.0	0		0.884263426419091	MI_MGH.AAACCCATCGCAATTG	1.7135386502851437	1.0	0	0.7142857142857143	10.0	1	True
	168	1.0	107.0	0		0.884263426419091	MI_MGH.GTTTACTAGTCAATCC	1.7135386502851437	1.0	0	0.7142857142857143	10.0	1	True
	169	1.0	136.0	0		0.8041466752319701	MI_MGH.TGTGATGCACGTAACT	1.5986429011511558	1.0	0	0.7142857142857143	10.0	1	True
	170	1.0	135.0	0		0.8041466752319701	MI_MGH.TAAGCGTCATCGAAGG	1.5986429011511558	1.0	0	0.7142857142857143	10.0	1	True
	171	1.0	94.0	6	-0.06025936093000745	0.18582023270761372	_170	2.6003070249646516	1.0	2	0.7142857142857143	10.0	4	False
	172	1.0	116.0	8	-0.06222970796539345	0.16556660103568266	_171	2.507605663798722	1.0	2	0.7142857142857143	10.0	5	False
	173	1.0	118.0	0		0.8811302778204797	MI_MGH.TCGGGACCAGCGGTTC	1.6703522385942873	1.0	0	0.7142857142857143	10.0	1	True
	174	1.0	119.0	0		0.8811302778204797	MI_MGH.CAGATCAGTGCAGTGA	1.6703522385942873	1.0	0	0.7142857142857143	10.0	1	True
	175	1.0	73.0	0		0.8251813665961829	MI_MGH.ATTCTACTCTAGACCA	1.807548758556323	1.0	0	0.7142857142857143	10.0	1	True
	176	1.0	74.0	0		0.8251813665961829	MI_MGH.TTTCGATGTCATATGC	1.807548758556323	1.0	0	0.7142857142857143	10.0	1	True
	177	1.0	75.0	0		0.8251813665961829	MI_MGH.CATCGCTAGGCCTAGA	1.807548758556323	1.0	0	0.7142857142857143	10.0	1	True
	178	1.0	72.0	0		0.8251813665961829	MI_MGH.AGACCCGAGCATCCTA	1.807548758556323	1.0	0	0.7142857142857143	10.0	1	True
	179	1.0	49.0	0		0.6380636378044526	MI_MGH.TGTCAGAAGTACCGGA	1.8775549882161977	1.0	0	0.7142857142857143	10.0	1	True
	180	1.0	120.0	2	-0.0653414616039699	0.5006191301125922	_179	2.477338544882967	1.0	2	0.7142857142857143	10.0	2	False
	181	1.0	102.0	2	-0.0653414616039699	0.41851345731094725	_180	2.581564892181878	1.0	2	0.7142857142857143	10.0	2	False
	182	1.0	47.0	4	-0.06282159237748995	0.2634912953900619	_181	2.7619475480219515	1.0	2	0.7142857142857143	10.0	3	False
	183	1.0	39.0	0		0.5533208052260363	MI_MGH.CTTACCGCATCTTTCA	1.962021507565604	1.0	0	0.7142857142857143	10.0	1	True
	184	1.0	38.0	0		0.5533208052260363	MI_MGH.TTACTGTTCGGCTTGG	1.962021507565604	1.0	0	0.7142857142857143	10.0	1	True
	185	1.0	9.0	9	-0.057194368827083404	0.15984984237037025	_184	2.967107578951968	1.0	2	0.7142857142857143	10.0	6	False
	186	1.0	25.0	5	-0.06131559922758932	0.23450675278479594	_185	2.879758840627689	1.0	2	0.7142857142857143	10.0	4	False
	187	1.0	73.0	6	-0.06025936093000745	0.18591423692836084	_186	2.6715097197989177	1.0	2	0.7142857142857143	10.0	4	False
	188	1.0	87.0	0		0.829311312566507	MI_MGH.GTCATTTCACTTGTCC	1.7578987439903258	1.0	0	0.7857142857142857	11.0	1	True
	189	1.0	85.0	0		0.829311312566507	MI_MGH.TACAGGTGTTCTGAGT	1.7578987439903258	1.0	0	0.7857142857142857	11.0	1	True
	190	1.0	84.0	0		0.829311312566507	MI_MGH.ACACTGAGTGGACCTC	1.7578987439903258	1.0	0	0.7857142857142857	11.0	1	True
	191	1.0	86.0	0		0.829311312566507	MI_MGH.TCAGGGCAGAGTGTTA	1.7578987439903258	1.0	0	0.7857142857142857	11.0	1	True
	192	1.0	110.0	0		0.7967174370254893	MI_MGH.AAGCCATCACTATGTG	1.6864543019809743	1.0	0	0.7857142857142857	11.0	1	True
	193	1.0	111.0	0		0.7967174370254893	MI_MGH.GGGTGAATCTGTAACG	1.6864543019809743	1.0	0	0.7857142857142857	11.0	1	True
	194	1.0	99.0	2	-0.06432951502766553	0.42137858789412963	_193	2.586683805415924	1.0	2	0.7857142857142857	11.0	2	False
	195	1.0	45.0	4	-0.06176728358018299	0.2648074886475662	_194	2.765369076603395	1.0	2	0.7857142857142857	11.0	3	False
	196	1.0	93.0	0		0.8676111113424039	MI_MGH.TCTGTCGTCAGGGATG	1.7462211244513723	1.0	0	0.7857142857142857	11.0	1	True
	197	1.0	94.0	0		0.8676111113424039	MI_MGH.AGGTTGTAGGCGATAC	1.7462211244513723	1.0	0	0.7857142857142857	11.0	1	True
	198	1.0	53.0	0		0.7917900183634892	MI_MGH.GCGGAAAGTCAAGTTC	1.8574520458633494	1.0	0	0.7857142857142857	11.0	1	True
	199	1.0	52.0	0		0.7917900183634892	MI_MGH.TTCGCTGCAGGTGTTT	1.8574520458633494	1.0	0	0.7857142857142857	11.0	1	True
	200	1.0	27.0	2	-0.06432951502766553	0.3912490560317501	_199	2.8610023633759942	1.0	2	0.7857142857142857	11.0	2	False
	201	1.0	28.0	2	-0.06432951502766553	0.3912490560317501	_200	2.8610023633759942	1.0	2	0.7857142857142857	11.0	2	False
	202	1.0	14.0	4	-0.06176728358018299	0.24590970786026567	_201	2.9510666950164204	1.0	2	0.7857142857142857	11.0	3	False
	203	1.0	50.0	0		0.79232409927593	MI_MGH.TGTCCACCAACCCGCA	1.8718425603355797	1.0	0	0.7857142857142857	11.0	1	True
	204	1.0	51.0	0		0.79232409927593	MI_MGH.TTTACTGAGTAAACTG	1.8718425603355797	1.0	0	0.7857142857142857	11.0	1	True
	205	1.0	4.0	0		0.5426300932787944	MI_MGH.TGAGGAGCATGCACTA	2.3395672764186743	1.0	0	0.7857142857142857	11.0	1	True
	206	1.0	10.0	4	-0.06176728358018299	0.25357119092781666	_205	2.9643952576974275	1.0	2	0.7857142857142857	11.0	3	False
	207	1.0	3.0	3	-0.06282352187776488	0.38052158640337375	_206	3.1546710755757985	1.0	3	0.7857142857142857	11.0	3	False
	208	1.0	129.0	0		0.9085057530592211	MI_MGH.TGACGCGTCGAAATCC	1.6209809126105315	1.0	0	0.7857142857142857	11.0	1	True
	209	1.0	128.0	0		0.9085057530592211	MI_MGH.TCTCACGGTCCAGTTA	1.6209809126105315	1.0	0	0.7857142857142857	11.0	1	True
	210	1.0	112.0	0		0.5875164138515094	MI_MGH.TACCCACTCTCGACCT	1.6860680678957274	1.0	0	0.7857142857142857	11.0	1	True
	211	1.0	104.0	4	-0.06176728358018299	0.30006144343053265	_210	2.572411755948167	1.0	2	0.7857142857142857	11.0	3	False
	212	1.0	123.0	0		0.8855103015825221	MI_MGH.CTAACCCAGTTAGTAG	1.6467361949218418	1.0	0	0.7857142857142857	11.0	1	True
	213	1.0	122.0	0		0.8855103015825221	MI_MGH.GGTTGTAAGATCCGAG	1.6467361949218418	1.0	0	0.7857142857142857	11.0	1	True
	214	1.0	3.0	0		0.6359967606090935	MI_MGH.ACTTTGTAGTTAGAAC	2.413561264711896	1.0	0	0.7857142857142857	11.0	1	True
	215	1.0	1.0	0		0.6359967606090935	MI_MGH.AGTGTTGCAACAAGTA	2.413561264711896	1.0	0	0.7857142857142857	11.0	1	True
	216	1.0	2.0	0		0.6359967606090935	MI_MGH.ACTCCCATCGGTGCAC	2.413561264711896	1.0	0	0.7857142857142857	11.0	1	True
	217	1.0	16.0	2	-0.06432951502766553	0.4712510951199569	_216	2.938656809114586	1.0	2	0.7857142857142857	11.0	2	False
	218	1.0	83.0	0		0.5707718710871532	MI_MGH.GTTGTGATCCACTAGA	1.7634006156598065	1.0	0	0.7857142857142857	11.0	1	True
	219	1.0	89.0	4	-0.06176728358018299	0.2877315035068948	_218	2.62182940252796	1.0	2	0.7857142857142857	11.0	3	False
	220	1.0	117.0	0		0.550663873189162	MI_MGH.ATGTCTTTCGGCAGTC	1.6709548968718735	1.0	0	0.7857142857142857	11.0	1	True
	221	1.0	107.0	6	-0.063737630615569	0.19909144367130782	_220	2.554959296426059	1.0	2	0.7857142857142857	11.0	4	False
	222	1.0	125.0	0		0.8839673156151084	MI_MGH.TCAAGCACACGTAACT	1.6404917517878777	1.0	0	0.7857142857142857	11.0	1	True
	223	1.0	124.0	0		0.8839673156151084	MI_MGH.TCTACATCAGAAGCGT	1.6404917517878777	1.0	0	0.7857142857142857	11.0	1	True
	224	1.0	98.0	0		0.8021771132776689	MI_MGH.TCTTGCGAGCGTACAG	1.7445024544341305	1.0	0	0.7857142857142857	11.0	1	True
	225	1.0	97.0	0		0.8021771132776689	MI_MGH.CCACAAAAGCATATGA	1.7445024544341305	1.0	0	0.7857142857142857	11.0	1	True
	226	1.0	44.0	0		0.647891190739569	MI_MGH.GTTGAACCAGTGCGCT	1.9245104124280625	1.0	0	0.7857142857142857	11.0	1	True
	227	1.0	115.0	2	-0.06432951502766553	0.505950068404835	_226	2.5183258733755407	1.0	2	0.7857142857142857	11.0	2	False
	228	1.0	6.0	3	-0.06282352187776488	0.391798718473618	_227	2.981567387969626	1.0	3	0.7857142857142857	11.0	3	False
	229	1.0	31.0	4	-0.06176728358018299	0.25999089959353583	_228	2.8430089120052147	1.0	2	0.7857142857142857	11.0	3	False
	230	1.0	27.0	0		0.6189691817668415	MI_MGH.GATGCTAGTACAATAG	2.0419801196892955	1.0	0	0.7857142857142857	11.0	1	True
	231	1.0	21.0	3	-0.06282352187776488	0.449507332755374	_230	2.905349211501415	1.0	3	0.7857142857142857	11.0	3	False
	232	1.0	64.0	0		0.5708206072238102	MI_MGH.GGGAGTATCCTCACCA	1.8344082589428097	1.0	0	0.7857142857142857	11.0	1	True
	233	1.0	74.0	4	-0.06176728358018299	0.28354476957090213	_232	2.665634976088448	1.0	2	0.7857142857142857	11.0	3	False
	234	1.0	92.0	0		0.8050181133661254	MI_MGH.CATTGAGTCCAAGAGG	1.749604531117126	1.0	0	0.8571428571428571	12.0	1	True
	235	1.0	91.0	0		0.8050181133661254	MI_MGH.GAGGGATGTCTTCTAT	1.749604531117126	1.0	0	0.8571428571428571	12.0	1	True
	236	1.0	43.0	0		0.6491960390523266	MI_MGH.TCATGCCTCAGAATAG	1.9279202588611881	1.0	0	0.8571428571428571	12.0	1	True
	237	1.0	114.0	2	-0.06382354173951332	0.5067861825142685	_236	2.5212696373293193	1.0	2	0.8571428571428571	12.0	2	False
	238	1.0	32.0	0		0.7746737955232694	MI_MGH.AATGGCTCAGCGATTT	2.0231155902981035	1.0	0	0.8571428571428571	12.0	1	True
	239	1.0	29.0	0		0.7746737955232694	MI_MGH.GTGGAGAGTATCATGC	2.0231155902981035	1.0	0	0.8571428571428571	12.0	1	True
	240	1.0	31.0	0		0.7746737955232694	MI_MGH.GCATCTCGTGATTAGA	2.0231155902981035	1.0	0	0.8571428571428571	12.0	1	True
	241	1.0	30.0	0		0.7746737955232694	MI_MGH.CTACCTGTCACTGGTA	2.0231155902981035	1.0	0	0.8571428571428571	12.0	1	True
	242	1.0	17.0	0		0.6302324867554567	MI_MGH.TGAACGTTCGCCTTGT	2.1130376882505244	1.0	0	0.8571428571428571	12.0	1	True
	243	1.0	70.0	2	-0.06382354173951332	0.48225077169813524	_242	2.6833689223405175	1.0	2	0.8571428571428571	12.0	2	False
	244	1.0	16.0	0		0.6378240370802892	MI_MGH.AGTCATGTCAACGAGG	2.1263113207265465	1.0	0	0.8571428571428571	12.0	1	True
	245	1.0	63.0	2	-0.06382354173951332	0.48722516976649644	_244	2.6944923424827127	1.0	2	0.8571428571428571	12.0	2	False
	246	1.0	6.0	0		0.763506063430178	MI_MGH.TTCAATCGTAAGTCAA	2.315715284644882	1.0	0	0.8571428571428571	12.0	1	True
	247	1.0	7.0	0		0.763506063430178	MI_MGH.TCAGCAAAGCACCGAA	2.315715284644882	1.0	0	0.8571428571428571	12.0	1	True
	248	1.0	5.0	0		0.763506063430178	MI_MGH.AATGACCTCTTGTTAC	2.315715284644882	1.0	0	0.8571428571428571	12.0	1	True
	249	1.0	99.0	0		0.6844415543958275	MI_MGH.TTCATGTTCCTGGGAC	1.735483018950725	1.0	0	0.8571428571428571	12.0	1	True
	250	1.0	135.0	2	-0.06382354173951332	0.545777737862764	_249	2.3491572671552143	1.0	2	0.8571428571428571	12.0	2	False
	251	1.0	19.0	0		0.8539780873755953	MI_MGH.CACGAATAGATCGCTT	2.100414673929085	1.0	0	0.8571428571428571	12.0	1	True
	252	1.0	18.0	0		0.8539780873755953	MI_MGH.TGTTGAGGTTGTCAGT	2.100414673929085	1.0	0	0.8571428571428571	12.0	1	True
	253	1.0	80.0	0		0.6721287056553642	MI_MGH.AATGGCTTCAGTCATG	1.7847761348283782	1.0	0	0.8571428571428571	12.0	1	True
	254	1.0	133.0	2	-0.06382354173951332	0.532972692310766	_253	2.393643692373877	1.0	2	0.8571428571428571	12.0	2	False
	255	1.0	104.0	0		0.5840012281438418	MI_MGH.TCGCTTGCAATGAAAC	1.7181609526405328	1.0	0	0.8571428571428571	12.0	1	True
	256	1.0	97.0	4	-0.06579388877489932	0.29632499369441856	_255	2.592812140018066	1.0	2	0.8571428571428571	12.0	3	False
	257	1.0	115.0	0		0.8892075430656337	MI_MGH.GCATTAGGTGCCCTTT	1.6813650601413572	1.0	0	0.8571428571428571	12.0	1	True
	258	1.0	116.0	0		0.8892075430656337	MI_MGH.CAACGATGTACGTACT	1.6813650601413572	1.0	0	0.8571428571428571	12.0	1	True
	259	1.0	12.0	0		0.7750039780541753	MI_MGH.ACCTGAAAGCACTCGC	2.1432597566486877	1.0	0	0.8571428571428571	12.0	1	True
	260	1.0	10.0	0		0.7750039780541753	MI_MGH.AGATAGATCAAATGAG	2.1432597566486877	1.0	0	0.8571428571428571	12.0	1	True
	261	1.0	11.0	0		0.7750039780541753	MI_MGH.CTAAGTGCAAGAGGCT	2.1432597566486877	1.0	0	0.8571428571428571	12.0	1	True
	262	1.0	34.0	0		0.6443303506790059	MI_MGH.GGGATCCGTTTGCAGT	2.005322684458929	1.0	0	0.8571428571428571	12.0	1	True
	263	1.0	98.0	2	-0.06382354173951332	0.4987461991567548	_262	2.5892692960521937	1.0	2	0.8571428571428571	12.0	2	False
	264	1.0	23.0	0		0.8324467544977736	MI_MGH.ATGATCGCACGTGAGA	2.0672475779675037	1.0	0	0.8571428571428571	12.0	1	True
	265	1.0	21.0	0		0.8324467544977736	MI_MGH.TACCCACCAGGGAGAG	2.0672475779675037	1.0	0	0.8571428571428571	12.0	1	True
	266	1.0	22.0	0		0.8324467544977736	MI_MGH.AAACGCTGTTCTTCAT	2.0672475779675037	1.0	0	0.8571428571428571	12.0	1	True
	267	1.0	65.0	0		0.6679223371374947	MI_MGH.AGATAGACAGACCATT	1.8284622087560272	1.0	0	0.8571428571428571	12.0	1	True
	268	1.0	128.0	2	-0.06382354173951332	0.5271342303979774	_267	2.4326527781367853	1.0	2	0.8571428571428571	12.0	2	False
	269	1.0	113.0	0		0.8900342349470094	MI_MGH.CATCCCATCATTTACC	1.6843001299704774	1.0	0	0.9285714285714286	13.0	1	True
	270	1.0	114.0	0		0.8900342349470094	MI_MGH.CACTAAGAGTCAGGGT	1.6843001299704774	1.0	0	0.9285714285714286	13.0	1	True
	271	1.0	63.0	0		0.8653815642796556	MI_MGH.TGTAAGCGTCCGATCG	1.845954721264891	1.0	0	0.9285714285714286	13.0	1	True
	272	1.0	62.0	0		0.8653815642796556	MI_MGH.TGTTCATGTATGACAA	1.845954721264891	1.0	0	0.9285714285714286	13.0	1	True
	273	1.0	54.0	0		0.8703043081666397	MI_MGH.ACCAACACACTGAGTT	1.8570396111559186	1.0	0	0.9285714285714286	13.0	1	True
	274	1.0	55.0	0		0.8703043081666397	MI_MGH.TGGATGTCAACTACGT	1.8570396111559186	1.0	0	0.9285714285714286	13.0	1	True
	275	1.0	152.0	0		0.929044405747459	MI_MGH.GGGTGTCCATCGGATT	1.5126088892803957	1.0	0	0.9285714285714286	13.0	1	True
	276	1.0	151.0	0		0.929044405747459	MI_MGH.GTGTCCTGTAGAAACT	1.5126088892803957	1.0	0	0.9285714285714286	13.0	1	True
	277	1.0	147.0	0		0.916255342136429	MI_MGH.AGGTGTTAGCAACAAT	1.556991388594394	1.0	0	0.9285714285714286	13.0	1	True
	278	1.0	148.0	0		0.916255342136429	MI_MGH.TCGAACACACAAATGA	1.556991388594394	1.0	0	0.9285714285714286	13.0	1	True
	279	1.0	88.0	0		0.6807047757009892	MI_MGH.TTCCACGCAAGCTGTT	1.755831295647005	1.0	0	0.9285714285714286	13.0	1	True
	280	1.0	134.0	2	-0.068124314688807	0.5415707588538794	_279	2.367490525428969	1.0	2	0.9285714285714286	13.0	2	False
	281	1.0	89.0	0		0.8819334227177724	MI_MGH.AGTACCACATGACTCA	1.752116506322784	1.0	0	0.9285714285714286	13.0	1	True
	282	1.0	90.0	0		0.8819334227177724	MI_MGH.GCCATTCGTTCGTTCC	1.752116506322784	1.0	0	0.9285714285714286	13.0	1	True
	283	1.0	137.0	0		0.9103961456847443	MI_MGH.ATTCTTGAGGCCACTC	1.5959042273106447	1.0	0	0.9285714285714286	13.0	1	True
	284	1.0	138.0	0		0.9103961456847443	MI_MGH.ATCCGTCTCTCTCGCA	1.5959042273106447	1.0	0	0.9285714285714286	13.0	1	True
	285	1.0	149.0	0		0.924838393158669	MI_MGH.AGCCACGCATGGGTTT	1.5308988899399663	1.0	0	1.0	14.0	1	True
	286	1.0	150.0	0		0.924838393158669	MI_MGH.TTGCTGCCATGTTTGG	1.5308988899399663	1.0	0	1.0	14.0	1	True
