name_tree	id_node	dist	rank	num_descendants	expansion_score	var_fitness	name	mean_fitness	support	num_children	depth_normalized	depth	num_leaf_descendants	is_leaf
	0	0.0		36					1.0	3	0.0	0.0	28	False
	1	1.0	6.0	6	-0.002378869072331881	0.11649077046707124	_0	2.4273925172330393	1.0	3	0.3333333333333333	1.0	5	False
	2	1.0	8.0	7	-0.004149775580864582	0.10612376798296097	_1	2.219961774098634	1.0	2	0.3333333333333333	1.0	5	False
	3	1.0	2.0	20	-0.001056161555063953	0.0704654604662176	_2	2.7508117333871787	1.0	6	0.3333333333333333	1.0	18	False
	4	1.0	23.0	0		0.9096886005439891	MI_MGH.GAATCGTGTACGTTCA	0.9053621058916905	1.0	0	0.6666666666666666	2.0	1	True
	5	1.0	24.0	0		0.9096886005439891	MI_MGH.GGGATCCGTCATAACC	0.9053621058916905	1.0	0	0.6666666666666666	2.0	1	True
	6	1.0	4.0	3	-0.004149775580864582	0.15009591163744318	_5	2.506456186399408	1.0	3	0.6666666666666666	2.0	3	False
	7	1.0	9.0	2	-0.004149775580864582	0.2209598597627842	_6	2.187635843080492	1.0	2	0.6666666666666666	2.0	2	False
	8	1.0	5.0	3	-0.004149775580864582	0.15199915042495427	_7	2.486826366638316	1.0	3	0.6666666666666666	2.0	3	False
	9	1.0	14.0	0		0.8644712506479986	MI_MGH.AGAACCTCAGGCCTGT	1.1707296184776235	1.0	0	0.6666666666666666	2.0	1	True
	10	1.0	16.0	0		0.8644712506479986	MI_MGH.TCATGGACAGGTTTAC	1.1707296184776235	1.0	0	0.6666666666666666	2.0	1	True
	11	1.0	13.0	0		0.8644712506479986	MI_MGH.TGCTTGCCATACTGTG	1.1707296184776235	1.0	0	0.6666666666666666	2.0	1	True
	12	1.0	15.0	0		0.8644712506479986	MI_MGH.CTAGACACAAACACCT	1.1707296184776235	1.0	0	0.6666666666666666	2.0	1	True
	13	1.0	7.0	2	-0.004149775580864582	0.20906534962280166	_12	2.2612723514622313	1.0	2	0.6666666666666666	2.0	2	False
	14	1.0	1.0	12	-0.004149775580864582	0.04289649254910266	_13	3.128783772577418	1.0	12	0.6666666666666666	2.0	12	False
	15	1.0	19.0	0		0.929358709889627	MI_MGH.ATACTTCGTGTCATGT	0.9684757034336517	1.0	0	1.0	3.0	1	True
	16	1.0	18.0	0		0.929358709889627	MI_MGH.AAGGAATTCCACTGAA	0.9684757034336517	1.0	0	1.0	3.0	1	True
	17	1.0	17.0	0		0.929358709889627	MI_MGH.CAAAGAATCAGCCTCT	0.9684757034336517	1.0	0	1.0	3.0	1	True
	18	1.0	28.0	0		0.9996738713562142	MI_MGH.AATGACCCACTTTATC	0.6955065942453507	1.0	0	1.0	3.0	1	True
	19	1.0	27.0	0		0.9996738713562142	MI_MGH.AATGGAAAGTCAATCC	0.6955065942453507	1.0	0	1.0	3.0	1	True
	20	1.0	22.0	0		0.9318307072752858	MI_MGH.GTGGTTAGTATCAGCT	0.9521963845022324	1.0	0	1.0	3.0	1	True
	21	1.0	20.0	0		0.9318307072752858	MI_MGH.TCCCATGTCGGTCACG	0.9521963845022324	1.0	0	1.0	3.0	1	True
	22	1.0	21.0	0		0.9318307072752858	MI_MGH.TTAATCCGTGCTGCAC	0.9521963845022324	1.0	0	1.0	3.0	1	True
	23	1.0	26.0	0		0.986181847990805	MI_MGH.TACGTCCTCACCGACG	0.7593073012784397	1.0	0	1.0	3.0	1	True
	24	1.0	25.0	0		0.986181847990805	MI_MGH.TATCAGGCAGTAGTGG	0.7593073012784397	1.0	0	1.0	3.0	1	True
	25	1.0	2.0	0		0.8355482421110167	MI_MGH.CTGATCCGTGCCCTTT	1.4594212323858002	1.0	0	1.0	3.0	1	True
	26	1.0	6.0	0		0.8355482421110167	MI_MGH.GCAACATGTGACGCCT	1.4594212323858002	1.0	0	1.0	3.0	1	True
	27	1.0	4.0	0		0.8355482421110167	MI_MGH.GGTTCTCGTGCTAGCC	1.4594212323858002	1.0	0	1.0	3.0	1	True
	28	1.0	7.0	0		0.8355482421110167	MI_MGH.ACAACCAGTGAACTAA	1.4594212323858002	1.0	0	1.0	3.0	1	True
	29	1.0	12.0	0		0.8355482421110167	MI_MGH.TCCTCCCGTGTGCCTG	1.4594212323858002	1.0	0	1.0	3.0	1	True
	30	1.0	11.0	0		0.8355482421110167	MI_MGH.TGGGCGTTCGTTGTTT	1.4594212323858002	1.0	0	1.0	3.0	1	True
	31	1.0	10.0	0		0.8355482421110167	MI_MGH.ATGGATCCACTGGCCA	1.4594212323858002	1.0	0	1.0	3.0	1	True
	32	1.0	3.0	0		0.8355482421110167	MI_MGH.ACGTACAGTGATTCAC	1.4594212323858002	1.0	0	1.0	3.0	1	True
	33	1.0	8.0	0		0.8355482421110167	MI_MGH.GTTAGTGTCTACCACC	1.4594212323858002	1.0	0	1.0	3.0	1	True
	34	1.0	5.0	0		0.8355482421110167	MI_MGH.ATAGACCGTAGATCGG	1.4594212323858002	1.0	0	1.0	3.0	1	True
	35	1.0	1.0	0		0.8355482421110167	MI_MGH.ACTTATCGTGTCACAT	1.4594212323858002	1.0	0	1.0	3.0	1	True
	36	1.0	9.0	0		0.8355482421110167	MI_MGH.AATAGAGCATTCAGCA	1.4594212323858002	1.0	0	1.0	3.0	1	True
