name_tree	id_node	dist	rank	num_descendants	expansion_score	var_fitness	name	mean_fitness	support	num_children	depth_normalized	depth	num_leaf_descendants	is_leaf
	0	0.0		120					1.0	2	0.0	0.0	81	False
	1	1.0	32.0	52	-0.01253615060333861	0.1168525225712207	_0	2.5579835539655935	1.0	2	0.14285714285714285	1.0	37	False
	2	1.0	36.0	66	-0.009242939789197166	0.10841296340759587	_1	2.4738357958755826	1.0	2	0.14285714285714285	1.0	44	False
	3	1.0	25.0	5	-0.03719465701186351	0.20035854147194954	_2	2.6865107135146826	1.0	2	0.2857142857142857	2.0	4	False
	4	1.0	29.0	45	-0.01345922528825835	0.1182504154979176	_3	2.652557735469071	1.0	2	0.2857142857142857	2.0	33	False
	5	1.0	30.0	24	-0.02160784352882829	0.11764333945608385	_4	2.649322733352502	1.0	2	0.2857142857142857	2.0	18	False
	6	1.0	37.0	40	-0.018629690582485002	0.10498766860785835	_5	2.471557388552375	1.0	2	0.2857142857142857	2.0	26	False
	7	1.0	70.0	0		0.6624859520568926	NMI_MGH.TTCCACGGTGGCTAGA	1.7103039807435219	1.0	0	0.42857142857142855	3.0	1	True
	8	1.0	23.0	3	-0.03705757313457481	0.3865868384568145	_7	2.829758033692893	1.0	3	0.42857142857142855	3.0	3	False
	9	1.0	20.0	8	-0.03278230594995736	0.1433546092188589	_8	2.9186092734138827	1.0	2	0.42857142857142855	3.0	6	False
	10	1.0	18.0	35	-0.017246099041204815	0.11934337430371578	_9	2.965685863266866	1.0	3	0.42857142857142855	3.0	27	False
	11	1.0	24.0	12	-0.026322778544513883	0.13721346000644985	_10	2.769012729136974	1.0	2	0.42857142857142855	3.0	9	False
	12	1.0	13.0	10	-0.031240613143678892	0.1892446303154518	_11	3.109550062349603	1.0	2	0.42857142857142855	3.0	9	False
	13	1.0	33.0	12	-0.02799160055647524	0.11147376120602193	_12	2.5511751146970116	1.0	2	0.42857142857142855	3.0	7	False
	14	1.0	28.0	26	-0.02308199824905592	0.11678587475284541	_13	2.6544646901216953	1.0	2	0.42857142857142855	3.0	19	False
	15	1.0	69.0	0		0.8448217543810381	NMI_MGH.ATCACAGTCTACTTCA	1.851664171888226	1.0	0	0.5714285714285714	4.0	1	True
	16	1.0	67.0	0		0.8448217543810381	NMI_MGH.GACAGCCAGGAAGTGA	1.851664171888226	1.0	0	0.5714285714285714	4.0	1	True
	17	1.0	68.0	0		0.8448217543810381	NMI_MGH.TTGTGTTAGAGTTGTA	1.851664171888226	1.0	0	0.5714285714285714	4.0	1	True
	18	1.0	17.0	3	-0.034937256010157965	0.3446284041888461	_17	2.985381534655584	1.0	3	0.5714285714285714	4.0	3	False
	19	1.0	16.0	3	-0.034937256010157965	0.3446284041888461	_18	2.985381534655584	1.0	3	0.5714285714285714	4.0	3	False
	20	1.0	26.0	2	-0.03584085190009834	0.37312698968800007	_19	2.6807994789840146	1.0	2	0.5714285714285714	4.0	2	False
	21	1.0	12.0	13	-0.027341286828052758	0.14255481414552662	_20	3.127407933259402	1.0	2	0.5714285714285714	4.0	10	False
	22	1.0	10.0	17	-0.023765734585331513	0.2206069274571547	_21	3.2624639152549424	1.0	2	0.5714285714285714	4.0	15	False
	23	1.0	35.0	2	-0.03584085190009834	0.39350493217095295	_22	2.5396433456063843	1.0	2	0.5714285714285714	4.0	2	False
	24	1.0	11.0	8	-0.02802340249528693	0.1895967527897291	_23	3.177338740385408	1.0	3	0.5714285714285714	4.0	7	False
	25	1.0	54.0	0		0.6502281506304373	NMI_MGH.GACCCTTAGAGAACCC	2.1293007573276257	1.0	0	0.5714285714285714	4.0	1	True
	26	1.0	2.0	8	-0.03165186477554495	0.19718118752503244	_25	4.191441024911953	1.0	8	0.5714285714285714	4.0	8	False
	27	1.0	34.0	4	-0.03308917714004356	0.21738440561145733	_26	2.540651345843722	1.0	2	0.5714285714285714	4.0	3	False
	28	1.0	27.0	6	-0.031488558784353325	0.1542022122121871	_27	2.671787691127429	1.0	2	0.5714285714285714	4.0	4	False
	29	1.0	14.0	9	-0.027010269237043322	0.18721220996018673	_28	3.0627633330999027	1.0	2	0.5714285714285714	4.0	8	False
	30	1.0	22.0	15	-0.03030028229197183	0.12441052018716015	_29	2.840623523196415	1.0	2	0.5714285714285714	4.0	11	False
	31	1.0	58.0	0		0.8028460981731067	NMI_MGH.GCAGCCAAGCATCCCG	2.00586643474798	1.0	0	0.7142857142857143	5.0	1	True
	32	1.0	63.0	0		0.8028460981731067	NMI_MGH.ACTTTCACAGATTTCG	2.00586643474798	1.0	0	0.7142857142857143	5.0	1	True
	33	1.0	59.0	0		0.8028460981731067	NMI_MGH.ATCGTCCCACAATGCT	2.00586643474798	1.0	0	0.7142857142857143	5.0	1	True
	34	1.0	60.0	0		0.8028460981731067	NMI_MGH.GTGCGTGTCTTTGCAT	2.00586643474798	1.0	0	0.7142857142857143	5.0	1	True
	35	1.0	62.0	0		0.8028460981731067	NMI_MGH.AAACGCTGTTCTAACG	2.00586643474798	1.0	0	0.7142857142857143	5.0	1	True
	36	1.0	61.0	0		0.8028460981731067	NMI_MGH.ACTTTCACACACAGCC	2.00586643474798	1.0	0	0.7142857142857143	5.0	1	True
	37	1.0	72.0	0		0.8323293755590693	NMI_MGH.TTAGGGTAGCGTCTCG	1.704089752039068	1.0	0	0.7142857142857143	5.0	1	True
	38	1.0	71.0	0		0.8323293755590693	NMI_MGH.CTATAGGTCTACTATC	1.704089752039068	1.0	0	0.7142857142857143	5.0	1	True
	39	1.0	7.0	4	-0.031488558784353325	0.29674771865307115	_38	3.3990752239428095	1.0	4	0.7142857142857143	5.0	4	False
	40	1.0	6.0	7	-0.031488558784353325	0.19109291784711502	_39	3.438907512209471	1.0	5	0.7142857142857143	5.0	6	False
	41	1.0	51.0	0		0.6800551060188109	NMI_MGH.TAGACTGTCCTATGGA	2.2802050594559704	1.0	0	0.7142857142857143	5.0	1	True
	42	1.0	1.0	15	-0.02499948948092969	0.13601169292441995	_41	4.518237379882357	1.0	12	0.7142857142857143	5.0	14	False
	43	1.0	75.0	0		0.8530193552507752	NMI_MGH.CTCATCGGTCATCACA	1.5640107957864942	1.0	0	0.7142857142857143	5.0	1	True
	44	1.0	74.0	0		0.8530193552507752	NMI_MGH.TGTTCCGGTGGCTACC	1.5640107957864942	1.0	0	0.7142857142857143	5.0	1	True
	45	1.0	53.0	0		0.650364464225599	NMI_MGH.GGTTGTAGTCGGTACC	2.196303183761013	1.0	0	0.7142857142857143	5.0	1	True
	46	1.0	52.0	0		0.650364464225599	NMI_MGH.CCTCACACAACATACC	2.196303183761013	1.0	0	0.7142857142857143	5.0	1	True
	47	1.0	5.0	5	-0.03030028229197183	0.27551559604065545	_46	3.667386308780158	1.0	5	0.7142857142857143	5.0	5	False
	48	1.0	17.0	0		0.6532534375441941	NMI_MGH.TCATGTTCATGGCACC	3.1922857885581317	1.0	0	0.7142857142857143	5.0	1	True
	49	1.0	19.0	0		0.6532534375441941	NMI_MGH.TGTGCGGCAACACGAG	3.1922857885581317	1.0	0	0.7142857142857143	5.0	1	True
	50	1.0	15.0	0		0.6532534375441941	NMI_MGH.CCCGAAGAGAACCCGA	3.1922857885581317	1.0	0	0.7142857142857143	5.0	1	True
	51	1.0	16.0	0		0.6532534375441941	NMI_MGH.TACACCCGTGAGACGT	3.1922857885581317	1.0	0	0.7142857142857143	5.0	1	True
	52	1.0	18.0	0		0.6532534375441941	NMI_MGH.GTCATTTGTGATATAG	3.1922857885581317	1.0	0	0.7142857142857143	5.0	1	True
	53	1.0	12.0	0		0.6532534375441941	NMI_MGH.ATTCCCGAGCTCTTCC	3.1922857885581317	1.0	0	0.7142857142857143	5.0	1	True
	54	1.0	13.0	0		0.6532534375441941	NMI_MGH.CATCCGTAGACCTTTG	3.1922857885581317	1.0	0	0.7142857142857143	5.0	1	True
	55	1.0	14.0	0		0.6532534375441941	NMI_MGH.CATCCGTCACCTATCC	3.1922857885581317	1.0	0	0.7142857142857143	5.0	1	True
	56	1.0	73.0	0		0.6796495865817698	NMI_MGH.CAAGCTATCCAGTACA	1.56551594198926	1.0	0	0.7142857142857143	5.0	1	True
	57	1.0	40.0	2	-0.03432293203564174	0.45645820510264734	_56	2.3647257561114334	1.0	2	0.7142857142857143	5.0	2	False
	58	1.0	38.0	2	-0.03432293203564174	0.4098597532701538	_57	2.46726316850313	1.0	2	0.7142857142857143	5.0	2	False
	59	1.0	39.0	2	-0.03432293203564174	0.4098597532701538	_58	2.46726316850313	1.0	2	0.7142857142857143	5.0	2	False
	60	1.0	55.0	0		0.6484096984016157	NMI_MGH.GGTCTGGAGTTTGGCT	2.0830438809000196	1.0	0	0.7142857142857143	5.0	1	True
	61	1.0	3.0	7	-0.028244024132641512	0.22173724770565428	_60	4.015687292169835	1.0	7	0.7142857142857143	5.0	7	False
	62	1.0	21.0	6	-0.036061473537452926	0.19234777686281923	_61	2.908275904207682	1.0	2	0.7142857142857143	5.0	5	False
	63	1.0	8.0	7	-0.031488558784353325	0.1886170888216121	_62	3.3339183771435756	1.0	5	0.7142857142857143	5.0	6	False
	64	1.0	40.0	0		0.7537629319584891	NMI_MGH.ACGGTTAGTCACCGAC	2.4146032003533597	1.0	0	0.8571428571428571	6.0	1	True
	65	1.0	41.0	0		0.7537629319584891	NMI_MGH.TTGCGTCTCACCTTGC	2.4146032003533597	1.0	0	0.8571428571428571	6.0	1	True
	66	1.0	42.0	0		0.7537629319584891	NMI_MGH.CTCCCAAAGAGCTGCA	2.4146032003533597	1.0	0	0.8571428571428571	6.0	1	True
	67	1.0	39.0	0		0.7537629319584891	NMI_MGH.GCCGATGAGCACCGAA	2.4146032003533597	1.0	0	0.8571428571428571	6.0	1	True
	68	1.0	37.0	0		0.6508886032742565	NMI_MGH.GCTTTCGTCGGTATGT	2.4544125493230693	1.0	0	0.8571428571428571	6.0	1	True
	69	1.0	35.0	0		0.6508886032742565	NMI_MGH.GGGATGATCGCCAGAC	2.4544125493230693	1.0	0	0.8571428571428571	6.0	1	True
	70	1.0	36.0	0		0.6508886032742565	NMI_MGH.GAGCCTGGTGGGTATG	2.4544125493230693	1.0	0	0.8571428571428571	6.0	1	True
	71	1.0	38.0	0		0.6508886032742565	NMI_MGH.ATCCCTGCAAGTCGTT	2.4544125493230693	1.0	0	0.8571428571428571	6.0	1	True
	72	1.0	15.0	2	-0.038117731696783244	0.38739905910739125	_71	2.9959736010926936	1.0	2	0.8571428571428571	6.0	2	False
	73	1.0	8.0	0		0.5937237326750839	NMI_MGH.TGTTCATAGCGCCTAC	3.510554133711908	1.0	0	0.8571428571428571	6.0	1	True
	74	1.0	3.0	0		0.5937237326750839	NMI_MGH.GATGGAGGTATTGAGA	3.510554133711908	1.0	0	0.8571428571428571	6.0	1	True
	75	1.0	6.0	0		0.5937237326750839	NMI_MGH.ACTGCAAGTAGGCAAC	3.510554133711908	1.0	0	0.8571428571428571	6.0	1	True
	76	1.0	5.0	0		0.5937237326750839	NMI_MGH.GATGACTAGGGAGTGG	3.510554133711908	1.0	0	0.8571428571428571	6.0	1	True
	77	1.0	10.0	0		0.5937237326750839	NMI_MGH.TTGGGCGGTCAATCTG	3.510554133711908	1.0	0	0.8571428571428571	6.0	1	True
	78	1.0	11.0	0		0.5937237326750839	NMI_MGH.TAGGAGGTCCAGGACC	3.510554133711908	1.0	0	0.8571428571428571	6.0	1	True
	79	1.0	9.0	0		0.5937237326750839	NMI_MGH.CCGGTAGAGCTATCCA	3.510554133711908	1.0	0	0.8571428571428571	6.0	1	True
	80	1.0	2.0	0		0.5937237326750839	NMI_MGH.TTTGACTTCTTGAACG	3.510554133711908	1.0	0	0.8571428571428571	6.0	1	True
	81	1.0	7.0	0		0.5937237326750839	NMI_MGH.CCTTCAGCAGAACTTC	3.510554133711908	1.0	0	0.8571428571428571	6.0	1	True
	82	1.0	1.0	0		0.5937237326750839	NMI_MGH.TAACGACTCATTGCTT	3.510554133711908	1.0	0	0.8571428571428571	6.0	1	True
	83	1.0	4.0	0		0.5937237326750839	NMI_MGH.GATAGCTGTTGTCATG	3.510554133711908	1.0	0	0.8571428571428571	6.0	1	True
	84	1.0	4.0	3	-0.038117731696783244	0.3040432922306753	_83	3.936251459483004	1.0	3	0.8571428571428571	6.0	3	False
	85	1.0	33.0	0		0.7315513929061215	NMI_MGH.GTGGAGACAGCGTATT	2.678742876010867	1.0	0	0.8571428571428571	6.0	1	True
	86	1.0	32.0	0		0.7315513929061215	NMI_MGH.GAATCACGTGCCTGAC	2.678742876010867	1.0	0	0.8571428571428571	6.0	1	True
	87	1.0	31.0	0		0.7315513929061215	NMI_MGH.GCGTTTCGTCCACATA	2.678742876010867	1.0	0	0.8571428571428571	6.0	1	True
	88	1.0	30.0	0		0.7315513929061215	NMI_MGH.TGTAACGTCACAAGAA	2.678742876010867	1.0	0	0.8571428571428571	6.0	1	True
	89	1.0	34.0	0		0.7315513929061215	NMI_MGH.TGGAACTAGACCATGG	2.678742876010867	1.0	0	0.8571428571428571	6.0	1	True
	90	1.0	80.0	0		0.9157852884365254	NMI_MGH.CTACCCACAGCTTCGG	1.390200429009487	1.0	0	0.8571428571428571	6.0	1	True
	91	1.0	81.0	0		0.9157852884365254	NMI_MGH.TCCACGTGTTGCACGC	1.390200429009487	1.0	0	0.8571428571428571	6.0	1	True
	92	1.0	79.0	0		0.8694506782344047	NMI_MGH.TAAGCGTGTATCTCTT	1.4921284339140048	1.0	0	0.8571428571428571	6.0	1	True
	93	1.0	78.0	0		0.8694506782344047	NMI_MGH.GATTCGAGTGCCCAGT	1.4921284339140048	1.0	0	0.8571428571428571	6.0	1	True
	94	1.0	76.0	0		0.8694506782344047	NMI_MGH.AGCTCAAGTCAAAGCG	1.4921284339140048	1.0	0	0.8571428571428571	6.0	1	True
	95	1.0	77.0	0		0.8694506782344047	NMI_MGH.ATTTACCCATCCCACT	1.4921284339140048	1.0	0	0.8571428571428571	6.0	1	True
	96	1.0	21.0	0		0.6777049559104249	NMI_MGH.AGCGCTGGTTAGAAAC	3.0204922802061387	1.0	0	0.8571428571428571	6.0	1	True
	97	1.0	23.0	0		0.6777049559104249	NMI_MGH.CCACGAGTCGAGTGAG	3.0204922802061387	1.0	0	0.8571428571428571	6.0	1	True
	98	1.0	26.0	0		0.6777049559104249	NMI_MGH.TTCAGGAGTCTTTCAT	3.0204922802061387	1.0	0	0.8571428571428571	6.0	1	True
	99	1.0	25.0	0		0.6777049559104249	NMI_MGH.GCCAGTGAGCTCCACG	3.0204922802061387	1.0	0	0.8571428571428571	6.0	1	True
	100	1.0	24.0	0		0.6777049559104249	NMI_MGH.TGGAGAGCATTGACCA	3.0204922802061387	1.0	0	0.8571428571428571	6.0	1	True
	101	1.0	22.0	0		0.6777049559104249	NMI_MGH.TTGTTCAAGTTTGAGA	3.0204922802061387	1.0	0	0.8571428571428571	6.0	1	True
	102	1.0	20.0	0		0.6777049559104249	NMI_MGH.TCATTCATCGCCTTGT	3.0204922802061387	1.0	0	0.8571428571428571	6.0	1	True
	103	1.0	66.0	0		0.6539550311284961	NMI_MGH.CGTTCTGTCGTCGGGT	1.9301265172635884	1.0	0	0.8571428571428571	6.0	1	True
	104	1.0	9.0	4	-0.038117731696783244	0.32609348237589764	_103	3.2736455007233287	1.0	4	0.8571428571428571	6.0	4	False
	105	1.0	43.0	0		0.6489145944877706	NMI_MGH.TTCTTCCGTGATACAA	2.350910346273425	1.0	0	0.8571428571428571	6.0	1	True
	106	1.0	44.0	0		0.6489145944877706	NMI_MGH.AAGGTAAAGCATCCCG	2.350910346273425	1.0	0	0.8571428571428571	6.0	1	True
	107	1.0	46.0	0		0.6489145944877706	NMI_MGH.GCTTCACAGCCGATTT	2.350910346273425	1.0	0	0.8571428571428571	6.0	1	True
	108	1.0	45.0	0		0.6489145944877706	NMI_MGH.GTAACACCAGAAATCA	2.350910346273425	1.0	0	0.8571428571428571	6.0	1	True
	109	1.0	19.0	2	-0.038117731696783244	0.3904778901637993	_108	2.927000686897249	1.0	2	0.8571428571428571	6.0	2	False
	110	1.0	56.0	0		0.8446128485910851	NMI_MGH.CCAAGCGTCGTAGGAG	2.0161726584293134	1.0	0	1.0	7.0	1	True
	111	1.0	57.0	0		0.8446128485910851	NMI_MGH.GGGCTCACAGTGCCTG	2.0161726584293134	1.0	0	1.0	7.0	1	True
	112	1.0	27.0	0		0.756959768579339	NMI_MGH.CATGCTCTCGCTGCGA	2.942181225991872	1.0	0	1.0	7.0	1	True
	113	1.0	28.0	0		0.756959768579339	NMI_MGH.TCACTCGAGATTAGCA	2.942181225991872	1.0	0	1.0	7.0	1	True
	114	1.0	29.0	0		0.756959768579339	NMI_MGH.TCCATGCTCCTATGGA	2.942181225991872	1.0	0	1.0	7.0	1	True
	115	1.0	47.0	0		0.7831015153951135	NMI_MGH.CCCGGAAAGAACAGGA	2.2907709326180252	1.0	0	1.0	7.0	1	True
	116	1.0	49.0	0		0.7831015153951135	NMI_MGH.CCATCACGTCACCCTT	2.2907709326180252	1.0	0	1.0	7.0	1	True
	117	1.0	50.0	0		0.7831015153951135	NMI_MGH.GTTTACTCACGACGTC	2.2907709326180252	1.0	0	1.0	7.0	1	True
	118	1.0	48.0	0		0.7831015153951135	NMI_MGH.AGCGCTGTCATCCTGC	2.2907709326180252	1.0	0	1.0	7.0	1	True
	119	1.0	64.0	0		0.8480537372951225	NMI_MGH.ACCTACCAGATTAGTG	1.9479214987469646	1.0	0	1.0	7.0	1	True
	120	1.0	65.0	0		0.8480537372951225	NMI_MGH.ACTCCCAGTGTCCAAT	1.9479214987469646	1.0	0	1.0	7.0	1	True
