name_tree	id_node	dist	rank	num_descendants	expansion_score	var_fitness	name	mean_fitness	support	num_children	depth_normalized	depth	num_leaf_descendants	is_leaf
	0	0.0		137					1.0	2	0.0	0.0	74	False
	1	1.0	29.0	6	-0.024419438663794514	0.17522420419983575	_0	2.4828924299362862	1.0	2	0.0625	1.0	4	False
	2	1.0	44.0	129	0.004757644790187524	0.10688012991759877	_1	2.3847657687973425	1.0	2	0.0625	1.0	70	False
	3	1.0	32.0	0		0.6319100492133658	NMI_MGH.AACAGGGAGGTAGCAC	1.519048345473303	1.0	0	0.125	2.0	1	True
	4	1.0	20.0	4	-0.022637348259041568	0.2374977055835359	_3	2.5141026760933096	1.0	2	0.125	2.0	3	False
	5	1.0	64.0	28	-0.022243130288297216	0.14923412422906335	_4	2.2669670885133177	1.0	2	0.125	2.0	17	False
	6	1.0	38.0	99	0.008089028333568766	0.12585945226309558	_5	2.4267095871679887	1.0	2	0.125	2.0	53	False
	7	1.0	27.0	0		0.6933594445554299	NMI_MGH.CAAAGAAAGGCGCTTC	1.5499101247423377	1.0	0	0.1875	3.0	1	True
	8	1.0	54.0	2	-0.021129425608865996	0.47467304236163166	_7	2.3405395395252233	1.0	2	0.1875	3.0	2	False
	9	1.0	74.0	0		0.6065436812162726	NMI_MGH.GACACGCGTCGCCTAG	1.304428423028486	1.0	0	0.1875	3.0	1	True
	10	1.0	42.0	26	-0.020735207638121658	0.10739265865583025	_9	2.4026101747056017	1.0	2	0.1875	3.0	16	False
	11	1.0	63.0	2	-0.021129425608865996	0.41008285328862204	_10	2.2801166563742465	1.0	2	0.1875	3.0	2	False
	12	1.0	48.0	95	0.010365908130253664	0.10114130925645082	_11	2.3747633001786954	1.0	2	0.1875	3.0	51	False
	13	1.0	56.0	0		0.9278464762371055	NMI_MGH.ATTACCTGTTCTAAGC	1.3769057602296917	1.0	0	0.25	4.0	1	True
	14	1.0	55.0	0		0.9278464762371055	NMI_MGH.CCCTGATTCGCTCATC	1.3769057602296917	1.0	0	0.25	4.0	1	True
	15	1.0	40.0	6	-0.020476371229144086	0.16989202327967146	_14	2.4136740399377046	1.0	2	0.25	4.0	4	False
	16	1.0	15.0	18	-0.01930664476086944	0.12888873805601353	_15	2.543551381234468	1.0	2	0.25	4.0	12	False
	17	1.0	73.0	0		0.8643047596345352	NMI_MGH.TCGTAGAAGATGCCGA	1.316968253967235	1.0	0	0.25	4.0	1	True
	18	1.0	72.0	0		0.8643047596345352	NMI_MGH.AAAGGTACAAACGAGC	1.316968253967235	1.0	0	0.25	4.0	1	True
	19	1.0	45.0	27	-0.016533445134591557	0.10245394920665518	_18	2.3843893828282243	1.0	2	0.25	4.0	15	False
	20	1.0	37.0	66	0.009127753177129936	0.1081719074365628	_19	2.4355087863189118	1.0	2	0.25	4.0	36	False
	21	1.0	39.0	0		0.6267766546529194	NMI_MGH.TCTTAGTGTCTCTCTG	1.4502696552536558	1.0	0	0.3125	5.0	1	True
	22	1.0	28.0	4	-0.019516784088123275	0.23924840221938215	_21	2.48294531144516	1.0	2	0.3125	5.0	3	False
	23	1.0	49.0	2	-0.019611505744409403	0.40460606592164794	_22	2.3708399844542614	1.0	2	0.3125	5.0	2	False
	24	1.0	9.0	14	-0.018547684828641126	0.11994053664731297	_23	2.71887031243143	1.0	2	0.3125	5.0	10	False
	25	1.0	59.0	8	-0.018504837511818868	0.15791441580488197	_24	2.3180024334659723	1.0	2	0.3125	5.0	5	False
	26	1.0	22.0	17	-0.016720619754242577	0.10904247602443817	_25	2.5049982278410803	1.0	2	0.3125	5.0	10	False
	27	1.0	24.0	4	-0.019516784088123275	0.22353614733673766	_26	2.495569198281511	1.0	2	0.3125	5.0	3	False
	28	1.0	35.0	60	0.009791991453072099	0.10419016694455507	_27	2.4438043992019103	1.0	2	0.3125	5.0	33	False
	29	1.0	33.0	0		0.6951659508860235	NMI_MGH.TGTGGCGTCGCTCTAC	1.5189522272762608	1.0	0	0.375	6.0	1	True
	30	1.0	60.0	2	-0.019105532456257204	0.4784481449400726	_29	2.316225559160518	1.0	2	0.375	6.0	2	False
	31	1.0	46.0	0		0.85859885028881	NMI_MGH.GCATCGGGTATAGGAT	1.407157620742799	1.0	0	0.375	6.0	1	True
	32	1.0	47.0	0		0.85859885028881	NMI_MGH.TCACACCTCGTTGTTT	1.407157620742799	1.0	0	0.375	6.0	1	True
	33	1.0	7.0	5	-0.018636243502066982	0.20129497189831724	_32	2.7600884131043895	1.0	2	0.375	6.0	4	False
	34	1.0	2.0	7	-0.018663587595428542	0.18933936672226892	_33	3.0885993762331383	1.0	3	0.375	6.0	6	False
	35	1.0	65.0	0		0.6150723634369712	NMI_MGH.TAAGCGTGTTTCGATG	1.3551720322014424	1.0	0	0.375	6.0	1	True
	36	1.0	46.0	6	-0.0180935858799528	0.17783846686606175	_35	2.3839176101790183	1.0	2	0.375	6.0	4	False
	37	1.0	10.0	5	-0.018636243502066982	0.2024297303180438	_36	2.673962033901998	1.0	2	0.375	6.0	4	False
	38	1.0	17.0	10	-0.016822974772531737	0.1304706234867412	_37	2.5287766128619755	1.0	2	0.375	6.0	6	False
	39	1.0	30.0	0		0.6796210462031032	NMI_MGH.CTGTGGGAGGTTGCCC	1.5315317238220891	1.0	0	0.375	6.0	1	True
	40	1.0	57.0	2	-0.019105532456257204	0.46732150263199035	_39	2.3271087855101054	1.0	2	0.375	6.0	2	False
	41	1.0	13.0	8	-0.017740199692549998	0.13369367843731972	_40	2.5873032803674008	1.0	2	0.375	6.0	5	False
	42	1.0	27.0	50	0.009075878837666064	0.11129533177324902	_41	2.4852816685903747	1.0	2	0.375	6.0	28	False
	43	1.0	67.0	0		0.9316589716064754	NMI_MGH.GGTGTTAAGTTTGCTG	1.3527351279176396	1.0	0	0.4375	7.0	1	True
	44	1.0	66.0	0		0.9316589716064754	NMI_MGH.CGCAGGTGTCAGGTGA	1.3527351279176396	1.0	0	0.4375	7.0	1	True
	45	1.0	18.0	0		0.6570364642942073	NMI_MGH.ACTTCCGAGCAAGTGC	1.7942075909565622	1.0	0	0.4375	7.0	1	True
	46	1.0	4.0	3	-0.018499159624778296	0.3868418886452627	_45	2.8758164122055665	1.0	3	0.4375	7.0	3	False
	47	1.0	6.0	0		0.64436283698892	NMI_MGH.AGAGCAGGTGGCTTGC	2.1197843844818216	1.0	0	0.4375	7.0	1	True
	48	1.0	5.0	0		0.64436283698892	NMI_MGH.CATTCTACACTTCTCG	2.1197843844818216	1.0	0	0.4375	7.0	1	True
	49	1.0	1.0	4	-0.018410600951352444	0.32088688156215994	_48	3.3782325676390252	1.0	4	0.4375	7.0	4	False
	50	1.0	43.0	0		0.6346781217698672	NMI_MGH.CACAGGCAGAGGTTAT	1.420671031766528	1.0	0	0.4375	7.0	1	True
	51	1.0	32.0	4	-0.01795650200266411	0.2426032300682106	_50	2.468977706845926	1.0	2	0.4375	7.0	3	False
	52	1.0	21.0	0		0.6583749877397369	NMI_MGH.GTCTGTCAGTCTCCTC	1.7087402597077905	1.0	0	0.4375	7.0	1	True
	53	1.0	5.0	3	-0.018499159624778296	0.3940484918628515	_52	2.8168498223186096	1.0	3	0.4375	7.0	3	False
	54	1.0	50.0	2	-0.018599559168105007	0.4066670595126798	_53	2.3593311740481115	1.0	2	0.4375	7.0	2	False
	55	1.0	34.0	6	-0.017039277082645857	0.17266348809719556	_54	2.4568531649103544	1.0	2	0.4375	7.0	4	False
	56	1.0	61.0	0		0.9206447135446871	NMI_MGH.AAGTCGTGTTGCTTGA	1.3635714165637611	1.0	0	0.4375	7.0	1	True
	57	1.0	62.0	0		0.9206447135446871	NMI_MGH.CAACAACGTACCGTCG	1.3635714165637611	1.0	0	0.4375	7.0	1	True
	58	1.0	41.0	2	-0.018599559168105007	0.4051640090623936	_57	2.404037714220519	1.0	2	0.4375	7.0	2	False
	59	1.0	14.0	4	-0.01795650200266411	0.22423229354578655	_58	2.5620760991332365	1.0	2	0.4375	7.0	3	False
	60	1.0	19.0	4	-0.01795650200266411	0.2223960864489598	_59	2.51777896324493	1.0	2	0.4375	7.0	3	False
	61	1.0	12.0	44	0.008435463641623515	0.11525478482777363	_60	2.599712565487827	1.0	2	0.4375	7.0	25	False
	62	1.0	12.0	0		0.8389530033233599	NMI_MGH.TTCCTTCTCGCTGACG	1.908354926670182	1.0	0	0.5	8.0	1	True
	63	1.0	10.0	0		0.8389530033233599	NMI_MGH.GTAACCAAGACGCCAA	1.908354926670182	1.0	0	0.5	8.0	1	True
	64	1.0	11.0	0		0.8389530033233599	NMI_MGH.ATGGTTGAGTCGAAAT	1.908354926670182	1.0	0	0.5	8.0	1	True
	65	1.0	4.0	0		0.771657244113241	NMI_MGH.AGCGCCACAAGGCAAC	2.405478443571606	1.0	0	0.5	8.0	1	True
	66	1.0	2.0	0		0.771657244113241	NMI_MGH.TCCGATCAGTAGCAAT	2.405478443571606	1.0	0	0.5	8.0	1	True
	67	1.0	3.0	0		0.771657244113241	NMI_MGH.ACACCAAAGACGGAAA	2.405478443571606	1.0	0	0.5	8.0	1	True
	68	1.0	1.0	0		0.771657244113241	NMI_MGH.GTAAGTCAGTTAACGA	2.405478443571606	1.0	0	0.5	8.0	1	True
	69	1.0	35.0	0		0.69851320070455	NMI_MGH.GACGCTGGTTCCCACT	1.505066490436552	1.0	0	0.5	8.0	1	True
	70	1.0	62.0	2	-0.018093585879952804	0.48180964638738644	_69	2.3051107742476944	1.0	2	0.5	8.0	2	False
	71	1.0	14.0	0		0.846332016359336	NMI_MGH.TCCGGGAGTCTCACGG	1.8498930635230009	1.0	0	0.5	8.0	1	True
	72	1.0	13.0	0		0.846332016359336	NMI_MGH.ACTATCTGTATACCCA	1.8498930635230009	1.0	0	0.5	8.0	1	True
	73	1.0	15.0	0		0.846332016359336	NMI_MGH.TGATTCTCACACCTTC	1.8498930635230009	1.0	0	0.5	8.0	1	True
	74	1.0	49.0	0		0.8606752082638254	NMI_MGH.ACGTAGTTCTGGCCGA	1.395716178014288	1.0	0	0.5	8.0	1	True
	75	1.0	48.0	0		0.8606752082638254	NMI_MGH.ACAAGCTGTCCAAGAG	1.395716178014288	1.0	0	0.5	8.0	1	True
	76	1.0	36.0	0		0.6294359381157433	NMI_MGH.TTCCACGAGGGAGTGG	1.493179159093641	1.0	0	0.5	8.0	1	True
	77	1.0	23.0	4	-0.01717636095993455	0.23800961647483732	_76	2.502436687415277	1.0	2	0.5	8.0	3	False
	78	1.0	41.0	0		0.8590393017475386	NMI_MGH.GTGTAACCAGTCCCGA	1.4401464411949847	1.0	0	0.5	8.0	1	True
	79	1.0	40.0	0		0.8590393017475386	NMI_MGH.CAATCGATCCGTGTAA	1.4401464411949847	1.0	0	0.5	8.0	1	True
	80	1.0	22.0	0		0.6801528945679984	NMI_MGH.ACCAAACCACTGTGAT	1.5975943972184479	1.0	0	0.5	8.0	1	True
	81	1.0	47.0	2	-0.018093585879952804	0.46241469801092006	_80	2.3784327493960835	1.0	2	0.5	8.0	2	False
	82	1.0	26.0	0		0.6784441562222945	NMI_MGH.TGAGGAGCAAAGACTA	1.5535990161364654	1.0	0	0.5	8.0	1	True
	83	1.0	53.0	2	-0.018093585879952804	0.46479309840205296	_82	2.344408678006614	1.0	2	0.5	8.0	2	False
	84	1.0	3.0	6	-0.01652745402959218	0.19885599948949384	_83	3.0454665643253893	1.0	4	0.5	8.0	5	False
	85	1.0	25.0	36	0.006293793528844483	0.11185361214991651	_84	2.493565913307412	1.0	2	0.5	8.0	20	False
	86	1.0	70.0	0		0.9350139591839604	NMI_MGH.CATGCTCCATACAGGG	1.341682373163883	1.0	0	0.5625	9.0	1	True
	87	1.0	71.0	0		0.9350139591839604	NMI_MGH.TTACCGCCAATACCTG	1.341682373163883	1.0	0	0.5625	9.0	1	True
	88	1.0	29.0	0		0.6938946253071796	NMI_MGH.TATGTTCTCACAATGC	1.5383197872401455	1.0	0	0.5625	9.0	1	True
	89	1.0	56.0	2	-0.01758761259180061	0.47599821087879235	_88	2.3314608203608733	1.0	2	0.5625	9.0	2	False
	90	1.0	44.0	0		0.9156139514362427	NMI_MGH.GTGCACGCAATGGCCC	1.4145838613135213	1.0	0	0.5625	9.0	1	True
	91	1.0	45.0	0		0.9156139514362427	NMI_MGH.TCCATCGGTTTCGTTT	1.4145838613135213	1.0	0	0.5625	9.0	1	True
	92	1.0	53.0	0		0.9180873931782803	NMI_MGH.CAACCAAGTTACGGAG	1.3807691229916752	1.0	0	0.5625	9.0	1	True
	93	1.0	54.0	0		0.9180873931782803	NMI_MGH.ACAGCCGGTGCGGCTT	1.3807691229916752	1.0	0	0.5625	9.0	1	True
	94	1.0	8.0	0		0.6538623598292501	NMI_MGH.TCTCACGTCAGTCACA	2.07705544200495	1.0	0	0.5625	9.0	1	True
	95	1.0	9.0	0		0.6538623598292501	NMI_MGH.TGTTGGAAGTTGGCTT	2.07705544200495	1.0	0	0.5625	9.0	1	True
	96	1.0	7.0	0		0.6538623598292501	NMI_MGH.GTCTCACAGCATCGAG	2.07705544200495	1.0	0	0.5625	9.0	1	True
	97	1.0	8.0	2	-0.01758761259180061	0.4136706555161034	_96	2.7359221533022327	1.0	2	0.5625	9.0	2	False
	98	1.0	18.0	4	-0.015890246629052775	0.2222306488349286	_97	2.5214544670495176	1.0	2	0.5625	9.0	3	False
	99	1.0	31.0	30	0.0036616533513739585	0.11000560782636981	_98	2.4724439835763685	1.0	2	0.5625	9.0	17	False
	100	1.0	59.0	0		0.9291871344302041	NMI_MGH.TTGCATTAGCGCAATG	1.3678810124277234	1.0	0	0.625	10.0	1	True
	101	1.0	60.0	0		0.9291871344302041	NMI_MGH.TCGCAGGTCGTCAACA	1.3678810124277234	1.0	0	0.625	10.0	1	True
	102	1.0	19.0	0		0.8660086777216365	NMI_MGH.ATTCAGGCATTCACCC	1.7695927041124424	1.0	0	0.625	10.0	1	True
	103	1.0	20.0	0		0.8660086777216365	NMI_MGH.AGGCATTCATCAACCA	1.7695927041124424	1.0	0	0.625	10.0	1	True
	104	1.0	25.0	0		0.6782723076603476	NMI_MGH.CCGGTAGCATGAGTAA	1.557250651017351	1.0	0	0.625	10.0	1	True
	105	1.0	51.0	2	-0.016575666015496204	0.4643917266143367	_104	2.3472635867139635	1.0	2	0.625	10.0	2	False
	106	1.0	21.0	4	-0.014835937831745822	0.2225789135473999	_105	2.5120819150815654	1.0	2	0.625	10.0	3	False
	107	1.0	33.0	24	0.0005823502870116306	0.1076288267787806	_106	2.4674937855581685	1.0	2	0.625	10.0	14	False
	108	1.0	50.0	0		0.9176809308717833	NMI_MGH.GTGAGTTGTGTGAGCA	1.383607029704853	1.0	0	0.6875	11.0	1	True
	109	1.0	51.0	0		0.9176809308717833	NMI_MGH.TGGATCATCGCACGGT	1.383607029704853	1.0	0	0.6875	11.0	1	True
	110	1.0	28.0	0		0.6786381264168035	NMI_MGH.ATGAGTCTCTCCACTG	1.5479390495548546	1.0	0	0.6875	11.0	1	True
	111	1.0	55.0	2	-0.016069692727344008	0.4653752111679035	_110	2.3399849092690195	1.0	2	0.6875	11.0	2	False
	112	1.0	52.0	8	-0.009205501648628586	0.15888070257858455	_111	2.3446024126850893	1.0	2	0.6875	11.0	5	False
	113	1.0	6.0	14	-0.007088988217869486	0.13379590954640364	_112	2.7618653974103395	1.0	4	0.6875	11.0	9	False
	114	1.0	58.0	0		0.918677929446764	NMI_MGH.AGGGTGACAACAGCTT	1.376371735600348	1.0	0	0.75	12.0	1	True
	115	1.0	57.0	0		0.918677929446764	NMI_MGH.TCTTCCTCACCATATG	1.376371735600348	1.0	0	0.75	12.0	1	True
	116	1.0	52.0	0		0.6159857800114366	NMI_MGH.ATAGACCCACAGTACT	1.381621242924795	1.0	0	0.75	12.0	1	True
	117	1.0	43.0	6	-0.01071342429880415	0.17770261781557029	_116	2.3931533020619056	1.0	2	0.75	12.0	4	False
	118	1.0	17.0	0		0.5905801230115189	NMI_MGH.GGAGGTAAGTAGGCCA	1.7961732427420398	1.0	0	0.75	12.0	1	True
	119	1.0	16.0	0		0.5905801230115189	NMI_MGH.TCGGGCAAGACGAGCT	1.7961732427420398	1.0	0	0.75	12.0	1	True
	120	1.0	16.0	2	-0.015563719439191812	0.3941820699947396	_119	2.535270382749373	1.0	2	0.75	12.0	2	False
	121	1.0	36.0	8	-0.012683771334190156	0.16607933661249685	_120	2.4399596747085996	1.0	2	0.75	12.0	5	False
	122	1.0	42.0	0		0.6345270955177478	NMI_MGH.CTCCTCCAGCTATCTG	1.4298526737820922	1.0	0	0.8125	13.0	1	True
	123	1.0	30.0	4	-0.012495514703557089	0.24212327114391208	_122	2.473219859928253	1.0	2	0.8125	13.0	3	False
	124	1.0	24.0	0		0.8477045810548822	NMI_MGH.CTGCATCAGACGAGCT	1.5705246293488706	1.0	0	0.8125	13.0	1	True
	125	1.0	23.0	0		0.8477045810548822	NMI_MGH.GACTATGGTCGTGCCA	1.5705246293488706	1.0	0	0.8125	13.0	1	True
	126	1.0	37.0	0		0.6229299955655723	NMI_MGH.GTAGAGGCACGACTAT	1.4764008692906605	1.0	0	0.8125	13.0	1	True
	127	1.0	39.0	6	-0.0144658617389431	0.17803929322956957	_126	2.426170224556106	1.0	2	0.8125	13.0	4	False
	128	1.0	34.0	0		0.6980287478478426	NMI_MGH.TCTTCCTTCGCCTCTA	1.5092826038064249	1.0	0	0.875	14.0	1	True
	129	1.0	61.0	2	-0.01455177286288741	0.4811341758540948	_128	2.308453034793783	1.0	2	0.875	14.0	2	False
	130	1.0	38.0	0		0.6347974316933205	NMI_MGH.AACAAAGCACAATGCT	1.4626710535195557	1.0	0	0.875	14.0	1	True
	131	1.0	26.0	4	-0.016522119898273416	0.2406533040657326	_130	2.488290518468538	1.0	2	0.875	14.0	3	False
	132	1.0	69.0	0		0.9343358608492998	NMI_MGH.TTGCTGCCAGGTTCCG	1.3450054462732024	1.0	0	0.9375	15.0	1	True
	133	1.0	68.0	0		0.9343358608492998	NMI_MGH.CAGCACGGTACTCCGG	1.3450054462732024	1.0	0	0.9375	15.0	1	True
	134	1.0	31.0	0		0.6965396876556187	NMI_MGH.GTGATGTGTTCGTGCG	1.5242595055710875	1.0	0	0.9375	15.0	1	True
	135	1.0	58.0	2	-0.018852545812181095	0.47889161621727094	_134	2.3202914251835622	1.0	2	0.9375	15.0	2	False
	136	1.0	64.0	0		0.9320814636566728	NMI_MGH.TGATGGTCATACAGAA	1.3567753033161227	1.0	0	1.0	16.0	1	True
	137	1.0	63.0	0		0.9320814636566728	NMI_MGH.CGGACACAGAAGTGTT	1.3567753033161227	1.0	0	1.0	16.0	1	True
