name_tree	id_node	dist	rank	num_descendants	expansion_score	var_fitness	name	mean_fitness	support	num_children	depth_normalized	depth	num_leaf_descendants	is_leaf
	0	0.0		119					1.0	2	0.0	0.0	70	False
	1	1.0	31.0	47	-0.01675515448693715	0.11567906262298777	_0	2.6136049403316517	1.0	2	0.125	1.0	28	False
	2	1.0	27.0	70	-0.007891792945117784	0.08988988777596418	_1	2.6752013796257232	1.0	3	0.125	1.0	42	False
	3	1.0	14.0	9	-0.033406629596175415	0.14079936225491352	_2	2.8236000962700274	1.0	2	0.25	2.0	6	False
	4	1.0	39.0	36	-0.01788251873420926	0.10853411385082179	_3	2.5538438613588372	1.0	2	0.25	2.0	22	False
	5	1.0	47.0	8	-0.03191940296068142	0.15983041248095287	_4	2.4735507174742706	1.0	2	0.25	2.0	5	False
	6	1.0	28.0	24	-0.020673081433614904	0.11757811117006156	_5	2.673560174922584	1.0	2	0.25	2.0	16	False
	7	1.0	32.0	35	-0.015909083043933184	0.1102246523148418	_6	2.609109578586329	1.0	2	0.25	2.0	21	False
	8	1.0	24.0	4	-0.03371149057971539	0.23866045606158526	_7	2.7194501478855813	1.0	2	0.375	3.0	3	False
	9	1.0	12.0	3	-0.034760121489981775	0.374416587180999	_8	2.898911271785871	1.0	3	0.375	3.0	3	False
	10	1.0	23.0	11	-0.027601061061924212	0.13579771342909375	_9	2.7196324323415126	1.0	2	0.375	3.0	7	False
	11	1.0	42.0	23	-0.022937521909395953	0.10943549694121213	_10	2.5340769795819273	1.0	2	0.375	3.0	15	False
	12	1.0	65.0	0		0.5787403489112766	NMI_MGH.TACGGTACAGCGGATA	1.5761511526823349	1.0	0	0.375	3.0	1	True
	13	1.0	45.0	6	-0.03150815132881535	0.18635621228273003	_12	2.492354903938351	1.0	2	0.375	3.0	4	False
	14	1.0	18.0	6	-0.03290378337324128	0.17234768574346848	_13	2.7905336652182333	1.0	2	0.375	3.0	4	False
	15	1.0	20.0	16	-0.022593478515441932	0.1805050059555775	_14	2.766218166548808	1.0	2	0.375	3.0	12	False
	16	1.0	25.0	10	-0.028987180987888803	0.13768208243938318	_15	2.714861659954886	1.0	2	0.375	3.0	6	False
	17	1.0	26.0	23	-0.019369920005759125	0.11884621173401921	_16	2.70294223588358	1.0	2	0.375	3.0	15	False
	18	1.0	42.0	0		0.6566398136288867	NMI_MGH.TGGGAAGCAGACACCC	1.8208867544600504	1.0	0	0.5	4.0	1	True
	19	1.0	46.0	2	-0.033848574457004066	0.478712499358358	_18	2.492260151983703	1.0	2	0.5	4.0	2	False
	20	1.0	30.0	0		0.7905530951953605	NMI_MGH.CACAGATTCACTGATG	1.9991799718954015	1.0	0	0.5	4.0	1	True
	21	1.0	32.0	0		0.7905530951953605	NMI_MGH.GGGCTACAGGTTACAA	1.9991799718954015	1.0	0	0.5	4.0	1	True
	22	1.0	31.0	0		0.7905530951953605	NMI_MGH.GACCAATAGTACCCTA	1.9991799718954015	1.0	0	0.5	4.0	1	True
	23	1.0	15.0	3	-0.03334657674037054	0.37721886925467274	_22	2.8189193324561463	1.0	3	0.5	4.0	3	False
	24	1.0	34.0	6	-0.029125365979624073	0.180950028622477	_23	2.590653624275862	1.0	2	0.5	4.0	4	False
	25	1.0	21.0	9	-0.025925466804911552	0.14134163427821278	_24	2.7210051105202573	1.0	2	0.5	4.0	6	False
	26	1.0	48.0	12	-0.030863907481435266	0.162193284229458	_25	2.4431173999741698	1.0	2	0.5	4.0	9	False
	27	1.0	62.0	0		0.6050536305370362	NMI_MGH.TATTTCGTCAGGAAGC	1.5948468857833586	1.0	0	0.5	4.0	1	True
	28	1.0	40.0	4	-0.031645235206104044	0.26698758414980883	_27	2.5439072753599845	1.0	2	0.5	4.0	3	False
	29	1.0	37.0	2	-0.033848574457004066	0.4287891030411064	_28	2.554246976928108	1.0	2	0.5	4.0	2	False
	30	1.0	38.0	2	-0.033848574457004066	0.4287891030411064	_29	2.554246976928108	1.0	2	0.5	4.0	2	False
	31	1.0	41.0	0		0.5988877682729963	NMI_MGH.ATCCCTGAGCTTTGTG	1.867520536904112	1.0	0	0.5	4.0	1	True
	32	1.0	5.0	14	-0.022730562392730615	0.15587440408993913	_31	3.3765182135872998	1.0	3	0.5	4.0	11	False
	33	1.0	44.0	2	-0.033848574457004066	0.40844411403154623	_32	2.4941995708381395	1.0	2	0.5	4.0	2	False
	34	1.0	17.0	6	-0.030252114208269308	0.1752032007477684	_33	2.8063537290666405	1.0	2	0.5	4.0	4	False
	35	1.0	7.0	9	-0.027872788797013978	0.15560514790079516	_34	3.1453509862227396	1.0	2	0.5	4.0	7	False
	36	1.0	30.0	12	-0.026610638886129724	0.16611564365594678	_35	2.614185259802447	1.0	2	0.5	4.0	8	False
	37	1.0	63.0	0		0.8949275272175035	NMI_MGH.AATTCCTCAACAAGAT	1.594341442287568	1.0	0	0.625	5.0	1	True
	38	1.0	64.0	0		0.8949275272175035	NMI_MGH.ACTGTCCTCGCAAGAG	1.594341442287568	1.0	0	0.625	5.0	1	True
	39	1.0	39.0	0		0.7935347456092408	NMI_MGH.GGAGGTACATGTGACT	1.9196132227770053	1.0	0	0.625	5.0	1	True
	40	1.0	37.0	0		0.7935347456092408	NMI_MGH.GGGACCTAGAGTGAAG	1.9196132227770053	1.0	0	0.625	5.0	1	True
	41	1.0	38.0	0		0.7935347456092408	NMI_MGH.GGGAGTATCCATCACC	1.9196132227770053	1.0	0	0.625	5.0	1	True
	42	1.0	46.0	0		0.5995843788341535	NMI_MGH.TTCATGTGTACGTGTT	1.6927524289409903	1.0	0	0.625	5.0	1	True
	43	1.0	33.0	4	-0.02981078536606752	0.25996401951756987	_42	2.5968475621991436	1.0	2	0.625	5.0	3	False
	44	1.0	43.0	2	-0.03233065459254747	0.41076545882980486	_43	2.4990497059700076	1.0	2	0.625	5.0	2	False
	45	1.0	16.0	5	-0.028304792216166882	0.22292128148623291	_44	2.818812392150451	1.0	2	0.625	5.0	4	False
	46	1.0	66.0	0		0.5810976237536942	NMI_MGH.AGGCTGCTCATTCACT	1.545828896700156	1.0	0	0.625	5.0	1	True
	47	1.0	29.0	10	-0.03154932686787869	0.18008103903183503	_46	2.632426035885138	1.0	2	0.625	5.0	8	False
	48	1.0	55.0	0		0.6849939119263175	NMI_MGH.AACGTCAGTTTACCAG	1.6460793125750335	1.0	0	0.625	5.0	1	True
	49	1.0	50.0	2	-0.03233065459254747	0.5112558121945021	_48	2.344457551257943	1.0	2	0.625	5.0	2	False
	50	1.0	54.0	0		0.8453021543059114	NMI_MGH.ATGACCAGTATCCCTC	1.6561302083666585	1.0	0	0.625	5.0	1	True
	51	1.0	53.0	0		0.8453021543059114	NMI_MGH.GACATCAGTGACGTCC	1.6561302083666585	1.0	0	0.625	5.0	1	True
	52	1.0	52.0	0		0.8453021543059114	NMI_MGH.CACTTCGAGGGTTAGC	1.6561302083666585	1.0	0	0.625	5.0	1	True
	53	1.0	51.0	0		0.8453021543059114	NMI_MGH.GATGAGGTCCACATAG	1.6561302083666585	1.0	0	0.625	5.0	1	True
	54	1.0	19.0	0		0.5737545448900248	NMI_MGH.AGGGAGTGTTGTTGAC	2.4741996984472	1.0	0	0.625	5.0	1	True
	55	1.0	2.0	5	-0.029380711447189543	0.30162537337438167	_54	3.806570252268446	1.0	5	0.625	5.0	5	False
	56	1.0	3.0	6	-0.027431459954812186	0.21814831640620902	_55	3.43668538451291	1.0	4	0.625	5.0	5	False
	57	1.0	60.0	0		0.8252668668116137	NMI_MGH.TACCCACCAACGCATT	1.596367252979824	1.0	0	0.625	5.0	1	True
	58	1.0	61.0	0		0.8252668668116137	NMI_MGH.TCGGATATCCTAGCCT	1.596367252979824	1.0	0	0.625	5.0	1	True
	59	1.0	35.0	2	-0.03233065459254747	0.4298787544402982	_58	2.5669729032979056	1.0	2	0.625	5.0	2	False
	60	1.0	36.0	2	-0.03233065459254747	0.4298787544402982	_59	2.5669729032979056	1.0	2	0.625	5.0	2	False
	61	1.0	8.0	3	-0.03122625961595369	0.3655622006211594	_60	3.139196501532224	1.0	3	0.625	5.0	3	False
	62	1.0	4.0	4	-0.030252114208269308	0.33830823148504763	_61	3.4131906594894383	1.0	4	0.625	5.0	4	False
	63	1.0	44.0	0		0.584823650234418	NMI_MGH.GATAGAACACAATTCG	1.71620323410195	1.0	0	0.625	5.0	1	True
	64	1.0	11.0	10	-0.027296058272573163	0.14493828424788902	_63	2.9244213419353082	1.0	2	0.625	5.0	7	False
	65	1.0	45.0	0		0.6779458529081892	NMI_MGH.GATCAGTAGAGAGCAA	1.6988046206895773	1.0	0	0.75	6.0	1	True
	66	1.0	49.0	2	-0.03131870801624308	0.50233011984764	_65	2.3892955293386273	1.0	2	0.75	6.0	2	False
	67	1.0	58.0	0		0.8275589994618722	NMI_MGH.CTCTGGTTCTGCTGAA	1.6011941107472538	1.0	0	0.75	6.0	1	True
	68	1.0	59.0	0		0.8275589994618722	NMI_MGH.CAGATTGAGCGCCGTT	1.6011941107472538	1.0	0	0.75	6.0	1	True
	69	1.0	36.0	0		0.6408899334360365	NMI_MGH.TGACGCGCAGGCTATT	1.919790714299318	1.0	0	0.75	6.0	1	True
	70	1.0	13.0	3	-0.029812714866342453	0.4248865785778726	_69	2.8906688533754634	1.0	3	0.75	6.0	3	False
	71	1.0	43.0	0		0.5986477672040631	NMI_MGH.CACAGGCAGATGAATC	1.7343436780674266	1.0	0	0.75	6.0	1	True
	72	1.0	9.0	8	-0.03305724951805426	0.21062395137699497	_71	3.1201128344391003	1.0	2	0.75	6.0	7	False
	73	1.0	69.0	0		0.9275306170679385	NMI_MGH.GTGAGGAGTCGTACTA	1.4471013443093923	1.0	0	0.75	6.0	1	True
	74	1.0	70.0	0		0.9275306170679385	NMI_MGH.TGCCGAGTCTCCGTGT	1.4471013443093923	1.0	0	0.75	6.0	1	True
	75	1.0	11.0	0		0.7158573106833153	NMI_MGH.CCGATGGCATAGTCAC	2.900006617198254	1.0	0	0.75	6.0	1	True
	76	1.0	10.0	0		0.7158573106833153	NMI_MGH.AGCGTCGTCGCATAGT	2.900006617198254	1.0	0	0.75	6.0	1	True
	77	1.0	8.0	0		0.7158573106833153	NMI_MGH.TTCGGTCAGTATAGGT	2.900006617198254	1.0	0	0.75	6.0	1	True
	78	1.0	9.0	0		0.7158573106833153	NMI_MGH.TTGCTGCCACTTACAG	2.900006617198254	1.0	0	0.75	6.0	1	True
	79	1.0	7.0	0		0.7158573106833153	NMI_MGH.ACCCTTGCATGGCTAT	2.900006617198254	1.0	0	0.75	6.0	1	True
	80	1.0	14.0	0		0.6349824318107684	NMI_MGH.GTCGCGAAGTAGGATT	2.5337407142598773	1.0	0	0.75	6.0	1	True
	81	1.0	12.0	0		0.6349824318107684	NMI_MGH.TGACCCTCATCCGTGG	2.5337407142598773	1.0	0	0.75	6.0	1	True
	82	1.0	13.0	0		0.6349824318107684	NMI_MGH.ATGTCCCCAATACAGA	2.5337407142598773	1.0	0	0.75	6.0	1	True
	83	1.0	10.0	2	-0.03131870801624308	0.4244149877402119	_82	3.056622333980501	1.0	2	0.75	6.0	2	False
	84	1.0	50.0	0		0.8463512269860951	NMI_MGH.TCACATTCATTACGGT	1.6687985619456414	1.0	0	0.75	6.0	1	True
	85	1.0	48.0	0		0.8463512269860951	NMI_MGH.GTGAGCCTCCGTCAAA	1.6687985619456414	1.0	0	0.75	6.0	1	True
	86	1.0	47.0	0		0.8463512269860951	NMI_MGH.GGTTGTATCCTTTAGT	1.6687985619456414	1.0	0	0.75	6.0	1	True
	87	1.0	49.0	0		0.8463512269860951	NMI_MGH.CTCCAACTCACGTCCT	1.6687985619456414	1.0	0	0.75	6.0	1	True
	88	1.0	25.0	0		0.7810990808408009	NMI_MGH.GATAGCTCACCCTTGT	2.23803059531898	1.0	0	0.75	6.0	1	True
	89	1.0	24.0	0		0.7810990808408009	NMI_MGH.AGTCAACGTAAGTCAA	2.23803059531898	1.0	0	0.75	6.0	1	True
	90	1.0	26.0	0		0.7810990808408009	NMI_MGH.ATACTTCTCTTTCAGT	2.23803059531898	1.0	0	0.75	6.0	1	True
	91	1.0	16.0	0		0.7533257671534752	NMI_MGH.CAAGACTGTGACTCTA	2.5101055868668185	1.0	0	0.75	6.0	1	True
	92	1.0	17.0	0		0.7533257671534752	NMI_MGH.GCCGTGAGTCATCGGC	2.5101055868668185	1.0	0	0.75	6.0	1	True
	93	1.0	18.0	0		0.7533257671534752	NMI_MGH.TTTACCAGTTGCTCAA	2.5101055868668185	1.0	0	0.75	6.0	1	True
	94	1.0	15.0	0		0.7533257671534752	NMI_MGH.TGGATCATCTTACCGC	2.5101055868668185	1.0	0	0.75	6.0	1	True
	95	1.0	19.0	4	-0.03305724951805426	0.237149175862994	_94	2.7703329876005833	1.0	2	0.75	6.0	3	False
	96	1.0	6.0	4	-0.02848433476495467	0.3459063667649662	_95	3.2616227610712345	1.0	4	0.75	6.0	4	False
	97	1.0	68.0	0		0.918583464055279	NMI_MGH.ATGTCTTTCCACGGGT	1.4917723231256137	1.0	0	0.875	7.0	1	True
	98	1.0	67.0	0		0.918583464055279	NMI_MGH.CCTCACAGTTCGGTAT	1.4917723231256137	1.0	0	0.875	7.0	1	True
	99	1.0	33.0	0		0.8404991803325168	NMI_MGH.TGGTAGTCAATCGCGC	1.9908896614633438	1.0	0	0.875	7.0	1	True
	100	1.0	35.0	0		0.8404991803325168	NMI_MGH.CAAGCTACAGTGTGCC	1.9908896614633438	1.0	0	0.875	7.0	1	True
	101	1.0	34.0	0		0.8404991803325168	NMI_MGH.CCTCATGCATTGTCGA	1.9908896614633438	1.0	0	0.875	7.0	1	True
	102	1.0	27.0	0		0.6281843519003987	NMI_MGH.GACCGTGAGTAAACTG	2.2194142383822646	1.0	0	0.875	7.0	1	True
	103	1.0	1.0	6	-0.03511350767738459	0.30953918716817697	_102	3.8835507969605585	1.0	6	0.875	7.0	6	False
	104	1.0	29.0	0		0.839466133582615	NMI_MGH.AGTTCGAAGTTGCCTA	2.155858530933304	1.0	0	0.875	7.0	1	True
	105	1.0	28.0	0		0.839466133582615	NMI_MGH.ATTCTACGTACAGAAT	2.155858530933304	1.0	0	0.875	7.0	1	True
	106	1.0	40.0	0		0.6550597243503775	NMI_MGH.GTGTGATTCATTTGGG	1.8715277811163777	1.0	0	0.875	7.0	1	True
	107	1.0	41.0	2	-0.03511350767738459	0.47423286324941394	_106	2.5341090549126415	1.0	2	0.875	7.0	2	False
	108	1.0	21.0	0		0.7613089288598065	NMI_MGH.CATGAGTGTGGCAGAT	2.359661239317778	1.0	0	0.875	7.0	1	True
	109	1.0	22.0	0		0.7613089288598065	NMI_MGH.CCGATGGCACCCTTGT	2.359661239317778	1.0	0	0.875	7.0	1	True
	110	1.0	23.0	0		0.7613089288598065	NMI_MGH.AACAAAGTCCTTCTAA	2.359661239317778	1.0	0	0.875	7.0	1	True
	111	1.0	20.0	0		0.7613089288598065	NMI_MGH.GACTTCCTCCTAAACG	2.359661239317778	1.0	0	0.875	7.0	1	True
	112	1.0	4.0	0		0.7233398897351897	NMI_MGH.TTGCCTGGTTTCTTAC	2.976140848883673	1.0	0	1.0	8.0	1	True
	113	1.0	6.0	0		0.7233398897351897	NMI_MGH.TACTGCCGTACCGTCG	2.976140848883673	1.0	0	1.0	8.0	1	True
	114	1.0	3.0	0		0.7233398897351897	NMI_MGH.GAAGAATTCGAGTACT	2.976140848883673	1.0	0	1.0	8.0	1	True
	115	1.0	5.0	0		0.7233398897351897	NMI_MGH.CGCCATTCACACCTTC	2.976140848883673	1.0	0	1.0	8.0	1	True
	116	1.0	2.0	0		0.7233398897351897	NMI_MGH.CCTAACCGTGTAAATG	2.976140848883673	1.0	0	1.0	8.0	1	True
	117	1.0	1.0	0		0.7233398897351897	NMI_MGH.CTGTAGAGTCGAGCAA	2.976140848883673	1.0	0	1.0	8.0	1	True
	118	1.0	56.0	0		0.8903806652618007	NMI_MGH.TCTAACTAGAAGGGAT	1.6360156063451008	1.0	0	1.0	8.0	1	True
	119	1.0	57.0	0		0.8903806652618007	NMI_MGH.AATGGCTAGAGCCGTA	1.6360156063451008	1.0	0	1.0	8.0	1	True
