name_tree	id_node	dist	rank	num_descendants	expansion_score	var_fitness	name	mean_fitness	support	num_children	depth_normalized	depth	num_leaf_descendants	is_leaf
	0	0.0		65					1.0	2	0.0	0.0	38	False
	1	1.0	19.0	28	-0.008295145636723629	0.10452650165741595	_0	2.3572948912786322	1.0	2	0.125	1.0	17	False
	2	1.0	22.0	35	-0.007403500593092731	0.1050898236163107	_1	2.3374712971270393	1.0	2	0.125	1.0	21	False
	3	1.0	7.0	8	-0.019213279323375375	0.12206249136449365	_2	2.6053965027161397	1.0	2	0.25	2.0	6	False
	4	1.0	20.0	18	-0.008760588650562897	0.11430859095488444	_3	2.3499348757084353	1.0	2	0.25	2.0	11	False
	5	1.0	13.0	5	-0.019863969850819292	0.1726671337930279	_4	2.475367334545604	1.0	2	0.25	2.0	4	False
	6	1.0	25.0	28	-0.007297109944766638	0.1028557832538457	_5	2.2955509556779172	1.0	2	0.25	2.0	17	False
	7	1.0	16.0	2	-0.01955311776227993	0.35057658052452734	_6	2.4129758525192315	1.0	2	0.375	3.0	2	False
	8	1.0	1.0	4	-0.01936415954552736	0.23499841896629725	_7	3.088877411297069	1.0	4	0.375	3.0	4	False
	9	1.0	27.0	2	-0.01955311776227993	0.3662954625342332	_8	2.2750351050857924	1.0	2	0.375	3.0	2	False
	10	1.0	21.0	14	-0.009013575294638995	0.10627554644629189	_9	2.3429134281212147	1.0	2	0.375	3.0	9	False
	11	1.0	23.0	0		0.7311700877245293	NMI_MGH.GATTCGACAATACCTG	1.3411684522330234	1.0	0	0.375	3.0	1	True
	12	1.0	6.0	3	-0.019452718218953224	0.3034831711628909	_11	2.735721557898466	1.0	3	0.375	3.0	3	False
	13	1.0	14.0	6	-0.017596380102212723	0.12849784326819957	_12	2.45682704551961	1.0	2	0.375	3.0	4	False
	14	1.0	28.0	20	-0.009506834248909943	0.15078725353109057	_13	2.2307226588195443	1.0	2	0.375	3.0	13	False
	15	1.0	25.0	0		0.9023182409810515	NMI_MGH.GTGTGGCCAACACGTT	1.2784945503745053	1.0	0	0.5	4.0	1	True
	16	1.0	26.0	0		0.9023182409810515	NMI_MGH.GAAGGGTCAGTTCTAG	1.2784945503745053	1.0	0	0.5	4.0	1	True
	17	1.0	3.0	0		0.783752757082004	NMI_MGH.GTAGGTTCACAGACGA	1.937088505493409	1.0	0	0.5	4.0	1	True
	18	1.0	2.0	0		0.783752757082004	NMI_MGH.TCTAACTAGTCTGTAC	1.937088505493409	1.0	0	0.5	4.0	1	True
	19	1.0	4.0	0		0.783752757082004	NMI_MGH.CTTCTAACACTTTAGG	1.937088505493409	1.0	0	0.5	4.0	1	True
	20	1.0	1.0	0		0.783752757082004	NMI_MGH.GGGAGATGTTCTATCT	1.937088505493409	1.0	0	0.5	4.0	1	True
	21	1.0	36.0	0		0.9190121793112722	NMI_MGH.TCCGGGAGTAGTACGG	1.1431098280186738	1.0	0	0.5	4.0	1	True
	22	1.0	37.0	0		0.9190121793112722	NMI_MGH.ACTGATGAGCAAATGT	1.1431098280186738	1.0	0	0.5	4.0	1	True
	23	1.0	18.0	4	-0.016337831935075493	0.18552884408519166	_22	2.3710862877373775	1.0	2	0.5	4.0	3	False
	24	1.0	15.0	8	-0.0114386372973402	0.15833194129134665	_23	2.419733401468799	1.0	2	0.5	4.0	6	False
	25	1.0	18.0	0		0.8531897093969549	NMI_MGH.TGGCGTGGTAGTTAGA	1.5940821520949087	1.0	0	0.5	4.0	1	True
	26	1.0	19.0	0		0.8531897093969549	NMI_MGH.CATAAGCTCCTAGCTC	1.5940821520949087	1.0	0	0.5	4.0	1	True
	27	1.0	20.0	0		0.8531897093969549	NMI_MGH.AATAGAGAGCTCTGTA	1.5940821520949087	1.0	0	0.5	4.0	1	True
	28	1.0	23.0	2	-0.018541171185975532	0.36321526534859494	_27	2.3330405924363	1.0	2	0.5	4.0	2	False
	29	1.0	24.0	2	-0.018541171185975532	0.36321526534859494	_28	2.3330405924363	1.0	2	0.5	4.0	2	False
	30	1.0	38.0	0		0.7116045200176504	NMI_MGH.ATTCACTGTACGAGCA	1.1011322453679868	1.0	0	0.5	4.0	1	True
	31	1.0	12.0	18	-0.009643918126198628	0.11372656404613934	_30	2.489361829148602	1.0	2	0.5	4.0	12	False
	32	1.0	29.0	0		0.7443473533336689	NMI_MGH.TTCTCTCGTCCGGCAT	1.2388148431151835	1.0	0	0.625	5.0	1	True
	33	1.0	26.0	2	-0.01702325132151893	0.3901218106375941	_32	2.280934576058602	1.0	2	0.625	5.0	2	False
	34	1.0	24.0	0		0.7177401273946411	NMI_MGH.CCGATGGAGTATAGGT	1.2867554678865218	1.0	0	0.625	5.0	1	True
	35	1.0	3.0	6	-0.012124056683783637	0.1638609063242722	_34	2.8717329301065444	1.0	4	0.625	5.0	5	False
	36	1.0	33.0	0		0.9154079007764473	NMI_MGH.CATGCGGGTGAGCTCC	1.2000518729789698	1.0	0	0.625	5.0	1	True
	37	1.0	31.0	0		0.9154079007764473	NMI_MGH.ACCAACAGTAGACAAT	1.2000518729789698	1.0	0	0.625	5.0	1	True
	38	1.0	32.0	0		0.9154079007764473	NMI_MGH.GATGAGGCAAGTATAG	1.2000518729789698	1.0	0	0.625	5.0	1	True
	39	1.0	30.0	0		0.9154079007764473	NMI_MGH.CGGGTGTCATATTCGG	1.2000518729789698	1.0	0	0.625	5.0	1	True
	40	1.0	2.0	4	-0.014944710937240757	0.2386963740533261	_39	3.0488200240195202	1.0	4	0.625	5.0	4	False
	41	1.0	10.0	12	-0.014505311595313902	0.11444801450092079	_40	2.509418556335063	1.0	2	0.625	5.0	8	False
	42	1.0	34.0	0		0.9418646078932507	NMI_MGH.ACTCTCGAGCGTGCCT	1.1487423261141232	1.0	0	0.75	6.0	1	True
	43	1.0	35.0	0		0.9418646078932507	NMI_MGH.TCATTGTGTAGCACGA	1.1487423261141232	1.0	0	0.75	6.0	1	True
	44	1.0	9.0	0		0.7194451760096197	NMI_MGH.CTATCCGCAAGGTCTT	1.727904341594905	1.0	0	0.75	6.0	1	True
	45	1.0	11.0	0		0.7194451760096197	NMI_MGH.TACGGTACAACTCGAT	1.727904341594905	1.0	0	0.75	6.0	1	True
	46	1.0	10.0	0		0.7194451760096197	NMI_MGH.TTGTTCACACTACCGG	1.727904341594905	1.0	0	0.75	6.0	1	True
	47	1.0	9.0	2	-0.016011304745214533	0.3469774686436162	_46	2.545613234064697	1.0	2	0.75	6.0	2	False
	48	1.0	5.0	0		0.787766089297091	NMI_MGH.TGCGACGGTACAAAGT	1.8983884927243482	1.0	0	0.75	6.0	1	True
	49	1.0	7.0	0		0.787766089297091	NMI_MGH.GTGAGCCAGAAGCTCG	1.8983884927243482	1.0	0	0.75	6.0	1	True
	50	1.0	6.0	0		0.787766089297091	NMI_MGH.TATTGCTCATTGAAAG	1.8983884927243482	1.0	0	0.75	6.0	1	True
	51	1.0	8.0	0		0.787766089297091	NMI_MGH.ACCAACACAACCTATG	1.8983884927243482	1.0	0	0.75	6.0	1	True
	52	1.0	5.0	3	-0.014505311595313902	0.28825713611322	_51	2.753535283704233	1.0	3	0.75	6.0	3	False
	53	1.0	8.0	7	-0.019806104406356034	0.12437075606862802	_52	2.576494942213396	1.0	2	0.75	6.0	5	False
	54	1.0	21.0	0		0.8971296404403821	NMI_MGH.CTCTCGAAGATGAAGG	1.4082686721227704	1.0	0	0.875	7.0	1	True
	55	1.0	22.0	0		0.8971296404403821	NMI_MGH.CCTCAGTAGGTCTGGA	1.4082686721227704	1.0	0	0.875	7.0	1	True
	56	1.0	16.0	0		0.8384702689883574	NMI_MGH.CAACAACGTCGTCTCT	1.6115754910163238	1.0	0	0.875	7.0	1	True
	57	1.0	15.0	0		0.8384702689883574	NMI_MGH.CACAACAGTTAGGGTG	1.6115754910163238	1.0	0	0.875	7.0	1	True
	58	1.0	17.0	0		0.8384702689883574	NMI_MGH.TCATACTAGAAATTCG	1.6115754910163238	1.0	0	0.875	7.0	1	True
	59	1.0	17.0	2	-0.019806104406356034	0.35322890269028306	_58	2.3976113411712134	1.0	2	0.875	7.0	2	False
	60	1.0	4.0	3	-0.019806104406356034	0.28672699163230053	_59	2.7820864434675663	1.0	3	0.875	7.0	3	False
	61	1.0	27.0	0		0.9050505496618726	NMI_MGH.CTCTCGATCAACCTTT	1.2634227023340756	1.0	0	1.0	8.0	1	True
	62	1.0	28.0	0		0.9050505496618726	NMI_MGH.CCACCATAGCATTTGC	1.2634227023340756	1.0	0	1.0	8.0	1	True
	63	1.0	13.0	0		0.8366327504043212	NMI_MGH.CTACCCAGTAGCGCCT	1.6393576329459885	1.0	0	1.0	8.0	1	True
	64	1.0	12.0	0		0.8366327504043212	NMI_MGH.TGTGCGGTCTCTGGTC	1.6393576329459885	1.0	0	1.0	8.0	1	True
	65	1.0	14.0	0		0.8366327504043212	NMI_MGH.GTCCCATAGTATAACG	1.6393576329459885	1.0	0	1.0	8.0	1	True
