name_tree	id_node	dist	rank	num_descendants	expansion_score	var_fitness	name	mean_fitness	support	num_children	depth_normalized	depth	num_leaf_descendants	is_leaf
	0	0.0		148					1.0	2	0.0	0.0	76	False
	1	1.0	12.0	12	-0.012412179855836232	0.11983878898049483	_0	2.6126085840828055	1.0	2	0.058823529411764705	1.0	7	False
	2	1.0	38.0	134	0.007019490326526331	0.10525194871523524	_1	2.4601401129694023	1.0	2	0.058823529411764705	1.0	69	False
	3	1.0	14.0	4	-0.00846274702270162	0.23582746498649687	_2	2.6052233610308315	1.0	2	0.11764705882352941	2.0	3	False
	4	1.0	24.0	6	-0.00919052863014761	0.17653199695874644	_3	2.5363329078609262	1.0	2	0.11764705882352941	2.0	4	False
	5	1.0	33.0	35	-0.012395448995382573	0.10278457653667417	_4	2.484908630956325	1.0	2	0.11764705882352941	2.0	19	False
	6	1.0	46.0	97	0.011781817612142951	0.10012965842114241	_5	2.416704233409874	1.0	2	0.11764705882352941	2.0	50	False
	7	1.0	9.0	0		0.6610220883128868	NMI_MGH.GTCCCATGTGATACTC	1.6945546709767156	1.0	0	0.17647058823529413	3.0	1	True
	8	1.0	51.0	2	-0.006954824372526053	0.4816004874067543	_7	2.40057878243214	1.0	2	0.17647058823529413	3.0	2	False
	9	1.0	16.0	0		0.6023408837524609	NMI_MGH.GATTCGACAATGAAAC	1.6260761058349784	1.0	0	0.17647058823529413	3.0	1	True
	10	1.0	19.0	4	-0.007682605979972046	0.25616508181798814	_9	2.5634207093803068	1.0	2	0.17647058823529413	3.0	3	False
	11	1.0	18.0	12	-0.008974741953616201	0.11454944074826479	_10	2.5653697380564844	1.0	2	0.17647058823529413	3.0	7	False
	12	1.0	17.0	21	-0.009282325636839589	0.107516554630112	_11	2.566929324026629	1.0	2	0.17647058823529413	3.0	12	False
	13	1.0	26.0	18	-0.009160401227289804	0.10859060858866165	_12	2.5236609928895986	1.0	2	0.17647058823529413	3.0	10	False
	14	1.0	58.0	77	0.015204453742190293	0.10071382920667205	_13	2.356849550541666	1.0	2	0.17647058823529413	3.0	40	False
	15	1.0	43.0	0		0.9048651324535917	NMI_MGH.AGTACCAGTGAAAGTT	1.4904535800794392	1.0	0	0.23529411764705882	4.0	1	True
	16	1.0	44.0	0		0.9048651324535917	NMI_MGH.CCCGAAGTCTCAATCT	1.4904535800794392	1.0	0	0.23529411764705882	4.0	1	True
	17	1.0	12.0	0		0.6812424499627872	NMI_MGH.GAGTCATAGGTTCCAT	1.65291523613022	1.0	0	0.23529411764705882	4.0	1	True
	18	1.0	54.0	2	-0.0064488510843738545	0.4989992907657026	_17	2.3649054929048794	1.0	2	0.23529411764705882	4.0	2	False
	19	1.0	16.0	4	-0.006902464937242469	0.23621993379900008	_18	2.581373330693272	1.0	2	0.23529411764705882	4.0	3	False
	20	1.0	28.0	6	-0.007081911035533705	0.1757242195956472	_19	2.5180845217202443	1.0	2	0.23529411764705882	4.0	4	False
	21	1.0	4.0	8	-0.007203835445083502	0.14115903641152805	_20	2.6810228711151094	1.0	2	0.23529411764705882	4.0	5	False
	22	1.0	5.0	11	-0.0075519071559266215	0.13630581546251364	_21	2.6770254115931396	1.0	2	0.23529411764705882	4.0	7	False
	23	1.0	3.0	6	-0.006887668879984458	0.17018761885892442	_22	2.722110753776171	1.0	2	0.23529411764705882	4.0	4	False
	24	1.0	41.0	10	-0.006950676923146498	0.15694220164310746	_23	2.4530462532383877	1.0	2	0.23529411764705882	4.0	6	False
	25	1.0	71.0	28	0.003952162635810004	0.15182086305174458	_24	2.2150621803440353	1.0	2	0.23529411764705882	4.0	15	False
	26	1.0	42.0	47	0.008614979253289481	0.1051768577516512	_25	2.4399954165929283	1.0	2	0.23529411764705882	4.0	25	False
	27	1.0	49.0	0		0.9221874933782073	NMI_MGH.ATTCCATGTCGTAATC	1.4549136540516088	1.0	0	0.29411764705882354	5.0	1	True
	28	1.0	50.0	0		0.9221874933782073	NMI_MGH.GTTACCCCAGACGCTC	1.4549136540516088	1.0	0	0.29411764705882354	5.0	1	True
	29	1.0	11.0	0		0.6614490813096294	NMI_MGH.CAGTTAGCATTGCAAC	1.6708165192265771	1.0	0	0.29411764705882354	5.0	1	True
	30	1.0	53.0	2	-0.005942877796221658	0.4835603740457586	_29	2.3808856592127894	1.0	2	0.29411764705882354	5.0	2	False
	31	1.0	19.0	0		0.6015625676567509	NMI_MGH.TATTTCGAGTGCACTT	1.6079098318880427	1.0	0	0.29411764705882354	5.0	1	True
	32	1.0	20.0	4	-0.006122323894512895	0.2568506876149028	_31	2.5539889331497587	1.0	2	0.29411764705882354	5.0	3	False
	33	1.0	36.0	2	-0.005942877796221658	0.41170305583892564	_32	2.46825283099415	1.0	2	0.29411764705882354	5.0	2	False
	34	1.0	9.0	4	-0.006122323894512895	0.23957077210758548	_33	2.638789589241025	1.0	2	0.29411764705882354	5.0	3	False
	35	1.0	37.0	2	-0.005942877796221658	0.40839100957404373	_34	2.4652898939922956	1.0	2	0.29411764705882354	5.0	2	False
	36	1.0	1.0	7	-0.00660711607216382	0.17822475981306507	_35	2.756042594721217	1.0	3	0.29411764705882354	5.0	5	False
	37	1.0	32.0	2	-0.005942877796221658	0.42937464825912386	_36	2.4998790989006316	1.0	2	0.29411764705882354	5.0	2	False
	38	1.0	31.0	2	-0.005942877796221658	0.42937464825912386	_37	2.4998790989006316	1.0	2	0.29411764705882354	5.0	2	False
	39	1.0	33.0	0		0.5829913655904346	NMI_MGH.GAGTCTAAGGCTATCT	1.5431763222147317	1.0	0	0.29411764705882354	5.0	1	True
	40	1.0	8.0	8	-0.005991089782125677	0.14728297242667843	_39	2.6454018573545204	1.0	2	0.29411764705882354	5.0	5	False
	41	1.0	74.0	0		0.5781096898889377	NMI_MGH.GTTAGTGTCGGTAACT	1.3061050665903986	1.0	0	0.29411764705882354	5.0	1	True
	42	1.0	69.0	26	0.004911749776830818	0.15635785716227257	_41	2.2300273792357097	1.0	2	0.29411764705882354	5.0	14	False
	43	1.0	35.0	6	-0.006027602238226753	0.17494223747205417	_42	2.4696550172824736	1.0	2	0.29411764705882354	5.0	4	False
	44	1.0	29.0	39	0.00979898716224715	0.11530135295765653	_43	2.511040954191659	1.0	2	0.29411764705882354	5.0	21	False
	45	1.0	47.0	0		0.9068561095988588	NMI_MGH.CTTTCAAGTGGCATCC	1.4708438021007726	1.0	0	0.35294117647058826	6.0	1	True
	46	1.0	48.0	0		0.9068561095988588	NMI_MGH.ATCACTTTCACCTCGT	1.4708438021007726	1.0	0	0.35294117647058826	6.0	1	True
	47	1.0	13.0	0		0.6819379584777177	NMI_MGH.ACGGTCGCACGGTAGA	1.6435259963620252	1.0	0	0.35294117647058826	6.0	1	True
	48	1.0	57.0	2	-0.005436904508069459	0.5001893537805602	_47	2.357051799224757	1.0	2	0.35294117647058826	6.0	2	False
	49	1.0	27.0	0		0.8354545004797083	NMI_MGH.TCGTGCTCAGAAGCTG	1.5579258517905865	1.0	0	0.35294117647058826	6.0	1	True
	50	1.0	26.0	0		0.8354545004797083	NMI_MGH.TGAGGTTGTTTGCCGG	1.5579258517905865	1.0	0	0.35294117647058826	6.0	1	True
	51	1.0	7.0	0		0.6646774037069938	NMI_MGH.GTTCATTAGTCTGGTT	1.7279530388793196	1.0	0	0.35294117647058826	6.0	1	True
	52	1.0	44.0	2	-0.005436904508069459	0.48190940360133183	_51	2.4279377300754996	1.0	2	0.35294117647058826	6.0	2	False
	53	1.0	28.0	0		0.8321767361975696	NMI_MGH.GCCGATGGTTGAAGTA	1.5549806289553783	1.0	0	0.35294117647058826	6.0	1	True
	54	1.0	29.0	0		0.8321767361975696	NMI_MGH.GTGTTCCAGACCGTTT	1.5549806289553783	1.0	0	0.35294117647058826	6.0	1	True
	55	1.0	1.0	0		0.6037387087786281	NMI_MGH.TTTGATCTCTAGTCAG	1.844719940465283	1.0	0	0.35294117647058826	6.0	1	True
	56	1.0	2.0	0		0.6037387087786281	NMI_MGH.AAGATAGGTGCACGCT	1.844719940465283	1.0	0	0.35294117647058826	6.0	1	True
	57	1.0	6.0	4	-0.005342182851783317	0.24739657570622509	_56	2.675017769678872	1.0	2	0.35294117647058826	6.0	3	False
	58	1.0	22.0	0		0.8528851722642607	NMI_MGH.ATCGGATAGGGTTTCT	1.5893816100076477	1.0	0	0.35294117647058826	6.0	1	True
	59	1.0	24.0	0		0.8528851722642607	NMI_MGH.GGTAATCAGCTCCACG	1.5893816100076477	1.0	0	0.35294117647058826	6.0	1	True
	60	1.0	21.0	0		0.8528851722642607	NMI_MGH.AGATGAACAGAAGCGT	1.5893816100076477	1.0	0	0.35294117647058826	6.0	1	True
	61	1.0	23.0	0		0.8528851722642607	NMI_MGH.CAGATTGTCGTTAGTG	1.5893816100076477	1.0	0	0.35294117647058826	6.0	1	True
	62	1.0	43.0	2	-0.005436904508069459	0.41778963980566	_61	2.438788042580458	1.0	2	0.35294117647058826	6.0	2	False
	63	1.0	10.0	4	-0.005342182851783317	0.24270730399485174	_62	2.6205533222818485	1.0	2	0.35294117647058826	6.0	3	False
	64	1.0	72.0	0		0.5826001685871964	NMI_MGH.CAATTTCTCATTGAGC	1.321011810630178	1.0	0	0.35294117647058826	6.0	1	True
	65	1.0	47.0	24	0.005597169163274259	0.13438971604366312	_64	2.4149293436457295	1.0	2	0.35294117647058826	6.0	13	False
	66	1.0	25.0	0		0.6008419673381797	NMI_MGH.ATTACCTGTCACGACC	1.5596903880303594	1.0	0	0.35294117647058826	6.0	1	True
	67	1.0	25.0	4	-0.005342182851783317	0.2591611508742213	_66	2.5287477578596897	1.0	2	0.35294117647058826	6.0	3	False
	68	1.0	21.0	4	-0.005342182851783317	0.2386320438655778	_67	2.553449282832232	1.0	2	0.35294117647058826	6.0	3	False
	69	1.0	22.0	33	0.010399197010865772	0.13967518888702113	_68	2.548347320898368	1.0	2	0.35294117647058826	6.0	18	False
	70	1.0	56.0	0		0.9233855426770314	NMI_MGH.AGTGCCGAGCAATAGT	1.447092287218709	1.0	0	0.4117647058823529	7.0	1	True
	71	1.0	55.0	0		0.9233855426770314	NMI_MGH.TATTGCTTCCGTCAAA	1.447092287218709	1.0	0	0.4117647058823529	7.0	1	True
	72	1.0	36.0	0		0.9051009684033837	NMI_MGH.TCAGTGACAATGGCCC	1.5176911073050277	1.0	0	0.4117647058823529	7.0	1	True
	73	1.0	37.0	0		0.9051009684033837	NMI_MGH.GTGGGAAGTAGAATAC	1.5176911073050277	1.0	0	0.4117647058823529	7.0	1	True
	74	1.0	6.0	0		0.6723607441038086	NMI_MGH.GTCATTTAGCGTGCTC	1.7639876007967383	1.0	0	0.4117647058823529	7.0	1	True
	75	1.0	39.0	2	-0.004930931219917256	0.48467533983539113	_74	2.4571024741056275	1.0	2	0.4117647058823529	7.0	2	False
	76	1.0	34.0	0		0.841554828725839	NMI_MGH.CAATACGTCGGAAACG	1.5285835557222438	1.0	0	0.4117647058823529	7.0	1	True
	77	1.0	35.0	0		0.841554828725839	NMI_MGH.TACCCGTAGAAGTATC	1.5285835557222438	1.0	0	0.4117647058823529	7.0	1	True
	78	1.0	8.0	0		0.6678146358172565	NMI_MGH.TGGATGTGTAGAATGT	1.709799950045296	1.0	0	0.4117647058823529	7.0	1	True
	79	1.0	48.0	2	-0.004930931219917256	0.4853949924093417	_78	2.4127948415641938	1.0	2	0.4117647058823529	7.0	2	False
	80	1.0	66.0	2	-0.004930931219917256	0.4206943439097106	_79	2.247582061245014	1.0	2	0.4117647058823529	7.0	2	False
	81	1.0	50.0	20	0.005850155807350356	0.1083221584944587	_80	2.4045809170571886	1.0	2	0.4117647058823529	7.0	11	False
	82	1.0	17.0	0		0.6842700016594443	NMI_MGH.ATCGTCCCATAGACTC	1.6183964352957243	1.0	0	0.4117647058823529	7.0	1	True
	83	1.0	61.0	2	-0.004930931219917256	0.503713441054833	_82	2.3359575095988907	1.0	2	0.4117647058823529	7.0	2	False
	84	1.0	14.0	0		0.6638807721085209	NMI_MGH.TTGGGATCATGTCTAG	1.6430175155761617	1.0	0	0.4117647058823529	7.0	1	True
	85	1.0	56.0	2	-0.004930931219917256	0.4871814079811978	_84	2.357632127409066	1.0	2	0.4117647058823529	7.0	2	False
	86	1.0	55.0	2	-0.004930931219917256	0.4170559733656045	_85	2.359174745794396	1.0	2	0.4117647058823529	7.0	2	False
	87	1.0	11.0	29	0.010652183654941872	0.13881403328810737	_86	2.620010029522497	1.0	2	0.4117647058823529	7.0	16	False
	88	1.0	30.0	0		0.9077608779675503	NMI_MGH.AGGATAATCAGTGTTG	1.5467199247654482	1.0	0	0.47058823529411764	8.0	1	True
	89	1.0	31.0	0		0.9077608779675503	NMI_MGH.AGTACCAGTAATGTGA	1.5467199247654482	1.0	0	0.47058823529411764	8.0	1	True
	90	1.0	40.0	0		0.9085926352406815	NMI_MGH.GACCCAGAGTAGCAAT	1.5026110384389404	1.0	0	0.47058823529411764	8.0	1	True
	91	1.0	39.0	0		0.9085926352406815	NMI_MGH.CTGCATCAGAGCAACC	1.5026110384389404	1.0	0	0.47058823529411764	8.0	1	True
	92	1.0	68.0	0		0.8448410098614616	NMI_MGH.CTCATTACACTCGATA	1.3381629731820714	1.0	0	0.47058823529411764	8.0	1	True
	93	1.0	69.0	0		0.8448410098614616	NMI_MGH.TACAACGTCGCCAATA	1.3381629731820714	1.0	0	0.47058823529411764	8.0	1	True
	94	1.0	40.0	6	-0.0018103670489989518	0.1758838758561927	_93	2.455844222822482	1.0	2	0.47058823529411764	8.0	4	False
	95	1.0	65.0	12	0.003408817502252211	0.15471835451442395	_94	2.2525659757596763	1.0	2	0.47058823529411764	8.0	7	False
	96	1.0	61.0	0		0.9269268943823996	NMI_MGH.CGATGGCAGTTGGAGC	1.4260836616610222	1.0	0	0.47058823529411764	8.0	1	True
	97	1.0	60.0	0		0.9269268943823996	NMI_MGH.TATTTCGCACCAGCCA	1.4260836616610222	1.0	0	0.47058823529411764	8.0	1	True
	98	1.0	53.0	0		0.9104996418832099	NMI_MGH.AGGTTACTCTAGTCAG	1.4476854734669458	1.0	0	0.47058823529411764	8.0	1	True
	99	1.0	54.0	0		0.9104996418832099	NMI_MGH.GACTCTCCAACATACC	1.4476854734669458	1.0	0	0.47058823529411764	8.0	1	True
	100	1.0	52.0	0		0.8409990711892248	NMI_MGH.TATTTCGTCGCCGATG	1.4493113658707073	1.0	0	0.47058823529411764	8.0	1	True
	101	1.0	51.0	0		0.8409990711892248	NMI_MGH.AGAACAAAGCTTTCCC	1.4493113658707073	1.0	0	0.47058823529411764	8.0	1	True
	102	1.0	2.0	3	-0.003617786013632729	0.3817793915330059	_101	2.750054740069186	1.0	3	0.47058823529411764	8.0	3	False
	103	1.0	34.0	24	0.009592025092733448	0.11833148342538546	_102	2.4823044787871194	1.0	2	0.47058823529411764	8.0	13	False
	104	1.0	32.0	0		0.6017908002217252	NMI_MGH.CCTTCAGGTCCAGGTC	1.5459363435089228	1.0	0	0.5294117647058824	9.0	1	True
	105	1.0	27.0	4	-0.002221618680865018	0.26021914758593123	_104	2.521443851084105	1.0	2	0.5294117647058824	9.0	3	False
	106	1.0	67.0	0		0.580959992237557	NMI_MGH.TCATTTGGTTGTCCCT	1.3434731871374952	1.0	0	0.5294117647058824	9.0	1	True
	107	1.0	67.0	10	0.0029975658703861497	0.16251081409065282	_106	2.2433491348145207	1.0	2	0.5294117647058824	9.0	6	False
	108	1.0	3.0	0		0.8050603547539463	NMI_MGH.GGAATGGAGTCTCCTC	1.8383698923983054	1.0	0	0.5294117647058824	9.0	1	True
	109	1.0	4.0	0		0.8050603547539463	NMI_MGH.TCAATCTGTATGACAA	1.8383698923983054	1.0	0	0.5294117647058824	9.0	1	True
	110	1.0	5.0	0		0.8050603547539463	NMI_MGH.CCTTCAGTCGGCTTCT	1.8383698923983054	1.0	0	0.5294117647058824	9.0	1	True
	111	1.0	23.0	4	-0.002221618680865018	0.24084373860873853	_110	2.538398345886776	1.0	2	0.5294117647058824	9.0	3	False
	112	1.0	68.0	18	0.007498395087997536	0.15584408736786237	_111	2.23596995029928	1.0	2	0.5294117647058824	9.0	10	False
	113	1.0	18.0	0		0.6853308300465817	NMI_MGH.AGTTCCCCAGCTACTA	1.611123855597179	1.0	0	0.5882352941176471	10.0	1	True
	114	1.0	62.0	2	-0.0029070380673084564	0.5050180409328613	_113	2.3298185867553096	1.0	2	0.5882352941176471	10.0	2	False
	115	1.0	70.0	0		0.588706016345202	NMI_MGH.GTCATTTTCCACGTCT	1.3342795200232787	1.0	0	0.5882352941176471	10.0	1	True
	116	1.0	64.0	8	0.00231214648394271	0.16885536521336153	_115	2.307396849496884	1.0	2	0.5882352941176471	10.0	5	False
	117	1.0	15.0	0		0.6660956177542623	NMI_MGH.TTTGATCCATGGGAAC	1.628031592791419	1.0	0	0.5882352941176471	10.0	1	True
	118	1.0	60.0	2	-0.0029070380673084564	0.4898121386964478	_117	2.3450105470385774	1.0	2	0.5882352941176471	10.0	2	False
	119	1.0	71.0	0		0.5820859461773469	NMI_MGH.CTCCACAGTCCATACA	1.3269341410881679	1.0	0	0.5882352941176471	10.0	1	True
	120	1.0	73.0	16	0.006812975701554099	0.15959816870348487	_119	2.1657668611663383	1.0	2	0.5882352941176471	10.0	9	False
	121	1.0	63.0	0		0.9282335443231768	NMI_MGH.GTTGAACTCATTCGTT	1.4199691701920125	1.0	0	0.6470588235294118	11.0	1	True
	122	1.0	62.0	0		0.9282335443231768	NMI_MGH.GTGCTGGTCCATTGTT	1.4199691701920125	1.0	0	0.6470588235294118	11.0	1	True
	123	1.0	66.0	0		0.5949532046276749	NMI_MGH.ACAGGGATCGCAGAGA	1.3980856369972834	1.0	0	0.6470588235294118	11.0	1	True
	124	1.0	45.0	6	0.0013525593429218987	0.18820269031682102	_123	2.416843333698119	1.0	2	0.6470588235294118	11.0	4	False
	125	1.0	58.0	0		0.9131359233745613	NMI_MGH.TTCTAGTAGCTTAGTC	1.4351142791682856	1.0	0	0.6470588235294118	11.0	1	True
	126	1.0	59.0	0		0.9131359233745613	NMI_MGH.TAGCACAAGAGCCATG	1.4351142791682856	1.0	0	0.6470588235294118	11.0	1	True
	127	1.0	76.0	0		0.5858719149713854	NMI_MGH.AACAAGAGTGCCTGAC	1.2569689118410974	1.0	0	0.6470588235294118	11.0	1	True
	128	1.0	72.0	14	0.005853388560533287	0.16079479731136548	_127	2.1678457551548815	1.0	2	0.6470588235294118	11.0	8	False
	129	1.0	38.0	0		0.6140504653559029	NMI_MGH.TCTATCAAGTCGGGAT	1.5070784915138669	1.0	0	0.7058823529411765	12.0	1	True
	130	1.0	30.0	4	0.00011880444732370791	0.26643709953466743	_129	2.500161562461337	1.0	2	0.7058823529411765	12.0	3	False
	131	1.0	75.0	0		0.5870606941653786	NMI_MGH.TTCCGGTTCGTCAAAC	1.259039618467797	1.0	0	0.7058823529411765	12.0	1	True
	132	1.0	70.0	12	0.004619633664935097	0.16208216823006705	_131	2.221638884602494	1.0	2	0.7058823529411765	12.0	7	False
	133	1.0	20.0	0		0.691530634695948	NMI_MGH.TAGACTGGTCCTGTTC	1.5899272961443842	1.0	0	0.7647058823529411	13.0	1	True
	134	1.0	63.0	2	-0.0013891182028518518	0.5111208249715551	_133	2.3117248701996096	1.0	2	0.7647058823529411	13.0	2	False
	135	1.0	73.0	0		0.5882970726629986	NMI_MGH.CAGATCACACTCTCGT	1.3126463870026206	1.0	0	0.7647058823529411	13.0	1	True
	136	1.0	59.0	10	0.0031117110147595357	0.16279209623894086	_135	2.3489702545635516	1.0	2	0.7647058823529411	13.0	6	False
	137	1.0	64.0	0		0.9343194247446174	NMI_MGH.GACTTCCGTTGCATTG	1.4019447057393717	1.0	0	0.8235294117647058	14.0	1	True
	138	1.0	65.0	0		0.9343194247446174	NMI_MGH.TCCTTCTCACAATTCG	1.4019447057393717	1.0	0	0.8235294117647058	14.0	1	True
	139	1.0	57.0	0		0.5888942341787291	NMI_MGH.GAGTTTGCAGTCGTTA	1.439508917741528	1.0	0	0.8235294117647058	14.0	1	True
	140	1.0	13.0	8	0.0013296206100065905	0.14857141963177156	_139	2.612556397011768	1.0	2	0.8235294117647058	14.0	5	False
	141	1.0	49.0	2	-0.000377171626547452	0.42052593456099086	_140	2.4117463538204573	1.0	2	0.8823529411764706	15.0	2	False
	142	1.0	15.0	4	-0.0023475186619334636	0.24444133133175416	_141	2.603810631884096	1.0	2	0.8823529411764706	15.0	3	False
	143	1.0	41.0	0		0.844330313984174	NMI_MGH.CGAGTTACAACCACAT	1.5016564994156099	1.0	0	0.9411764705882353	16.0	1	True
	144	1.0	42.0	0		0.844330313984174	NMI_MGH.GGAGGTATCTGAGGCC	1.5016564994156099	1.0	0	0.9411764705882353	16.0	1	True
	145	1.0	10.0	0		0.6695605540546867	NMI_MGH.GGTAATCGTACCCACG	1.6931346474733349	1.0	0	0.9411764705882353	16.0	1	True
	146	1.0	52.0	2	-0.004677944575841157	0.48781534943997684	_145	2.3989245181661936	1.0	2	0.9411764705882353	16.0	2	False
	147	1.0	45.0	0		0.9110255919097328	NMI_MGH.TAATCTCTCTCTGCTG	1.488798796344185	1.0	0	1.0	17.0	1	True
	148	1.0	46.0	0		0.9110255919097328	NMI_MGH.AGTTAGCCAGAACATA	1.488798796344185	1.0	0	1.0	17.0	1	True
