name_tree	id_node	dist	rank	num_descendants	expansion_score	var_fitness	name	mean_fitness	support	num_children	depth_normalized	depth	num_leaf_descendants	is_leaf
	0	0.0		15					1.0	2	0.0	0.0	9	False
	1	1.0	6.0	4	-0.002949943145357938	0.1410353418355177	_0	2.1644682253083443	1.0	2	0.25	1.0	3	False
	2	1.0	7.0	9	-0.0019826320460528284	0.10582161180624539	_1	2.156911969747064	1.0	2	0.25	1.0	6	False
	3	1.0	9.0	0		0.9503156959182442	NMI_MGH.GACGCTGTCCCAAGCG	0.6641261565921	1.0	0	0.5	2.0	1	True
	4	1.0	3.0	2	-0.0030870270226466255	0.21768852353306034	_3	2.1743979245973524	1.0	2	0.5	2.0	2	False
	5	1.0	4.0	2	-0.0030870270226466255	0.2167456963103076	_4	2.1741850309472364	1.0	2	0.5	2.0	2	False
	6	1.0	5.0	5	-0.004361957457308161	0.1391575404872123	_5	2.1710106258735062	1.0	2	0.5	2.0	4	False
	7	1.0	5.0	0		1.006309175547361	NMI_MGH.CTACGGGCAATCCTTT	0.6679292857194905	1.0	0	0.75	3.0	1	True
	8	1.0	6.0	0		1.006309175547361	NMI_MGH.TACCGGGAGAACTGAT	0.6679292857194905	1.0	0	0.75	3.0	1	True
	9	1.0	7.0	0		1.0056194201174193	NMI_MGH.TCTATCATCTGGTCAA	0.667800924606751	1.0	0	0.75	3.0	1	True
	10	1.0	8.0	0		1.0056194201174193	NMI_MGH.CACGGGTCACAACGCC	0.667800924606751	1.0	0	0.75	3.0	1	True
	11	1.0	4.0	0		0.9485752894129253	NMI_MGH.ACGATGTTCTGGTTGA	0.6698418967275375	1.0	0	0.75	3.0	1	True
	12	1.0	1.0	3	-0.005869880107483724	0.14865425708895597	_11	2.470898518298294	1.0	3	0.75	3.0	3	False
	13	1.0	1.0	0		0.9389141775358673	NMI_MGH.GATGATCCAGCGTAGA	0.9194707803355922	1.0	0	1.0	4.0	1	True
	14	1.0	2.0	0		0.9389141775358673	NMI_MGH.GTACAACGTTAAGACA	0.9194707803355922	1.0	0	1.0	4.0	1	True
	15	1.0	3.0	0		0.9389141775358673	NMI_MGH.TCGGGCAAGGAACTCG	0.9194707803355922	1.0	0	1.0	4.0	1	True
