	r1	r2	r3	r4	r5	r6	r7	r8	r9	r10	r11	r12	r13	r14	r15	r16	r17	r18	r19	r20	r21	r22	r23	r24	r25	r26	r27	r28	r29	r30	r31	r32	r33	r34	r35	r36	r37	r38	r39	r40	r41	r42	r43	r44	r45	r46	r47	r48	r49	r50	r51	r52	r53	r54	r55	r56	r57	r58	r59	r60	r61	r62	r63	r64	r65	r66	r67	r68	r69	r70	r71	r72
CTR_MGH.GTACAACAGAAGGATG	0	1	0	0	0	0	0	0	0	0	0	0	0	0	0	1	0	0	0	1	0	0	1	0	-1	-1	-1	-1	-1	-1	-1	-1	-1	-1	-1	-1	-1	-1	-1	-1	-1	-1	-1	-1	-1	-1	-1	-1	-1	-1	-1	-1	-1	-1	-1	-1	-1	-1	-1	-1	-1	-1	-1	-1	-1	-1	-1	-1	-1	-1	-1	-1
CTR_MGH.GGCAGTCGTCGCCTAG	-1	-1	-1	-1	-1	-1	-1	-1	-1	-1	-1	-1	-1	-1	-1	-1	-1	-1	-1	-1	-1	-1	-1	-1	1	1	1	1	1	1	0	1	1	0	1	0	1	0	0	1	1	0	1	1	1	1	1	1	1	1	1	-1	-1	-1	-1	-1	-1	-1	-1	-1	-1	-1	-1	-1	-1	-1	-1	-1	-1	-1	-1	-1
CTR_MGH.ATAGGCTAGATGACAT	-1	-1	-1	-1	-1	-1	-1	-1	-1	-1	-1	-1	-1	-1	-1	-1	-1	-1	-1	-1	-1	-1	-1	-1	-1	-1	-1	-1	-1	-1	-1	-1	-1	-1	-1	-1	-1	-1	-1	-1	-1	-1	-1	-1	-1	-1	-1	-1	-1	-1	-1	0	1	1	1	1	1	0	1	1	-1	-1	-1	-1	-1	-1	-1	-1	-1	-1	-1	-1
CTR_MGH.CGCATGGAGCTTGTTG	-1	-1	-1	-1	-1	-1	-1	-1	-1	-1	-1	-1	-1	-1	-1	-1	-1	-1	-1	-1	-1	-1	-1	-1	1	0	2	1	1	0	0	2	2	0	1	1	-1	-1	-1	1	1	0	1	0	1	1	1	1	-1	-1	-1	-1	-1	-1	-1	-1	-1	-1	-1	-1	0	1	1	0	1	0	-1	-1	-1	-1	-1	-1
CTR_MGH.CCTAAGACAAGTGGTG	-1	-1	-1	-1	-1	-1	-1	-1	-1	-1	-1	-1	-1	-1	-1	-1	-1	-1	-1	-1	-1	-1	-1	-1	1	0	0	1	1	2	1	3	3	1	1	0	1	1	1	1	1	1	1	2	1	1	1	1	0	2	1	-1	-1	-1	-1	-1	-1	-1	-1	-1	0	1	2	-1	-1	-1	-1	-1	-1	-1	-1	-1
CTR_MGH.TCATGTTCAAATACAG	-1	-1	-1	-1	-1	-1	-1	-1	-1	-1	-1	-1	-1	-1	-1	-1	-1	-1	-1	-1	-1	-1	-1	-1	1	0	3	-1	-1	-1	1	4	4	0	1	0	1	2	0	1	1	0	1	0	1	1	1	1	0	3	1	-1	-1	-1	-1	-1	-1	-1	-1	-1	1	1	0	1	1	0	-1	-1	-1	-1	-1	-1
CTR_MGH.CCGGTAGTCTGATTCT	-1	-1	-1	-1	-1	-1	-1	-1	-1	-1	-1	-1	-1	-1	-1	-1	-1	-1	-1	-1	-1	-1	-1	-1	2	2	0	1	1	0	0	5	0	0	1	2	1	0	0	1	1	0	1	3	1	1	1	1	2	4	1	-1	-1	-1	-1	-1	-1	-1	-1	-1	0	1	3	2	1	0	-1	-1	-1	-1	-1	-1
CTR_MGH.TCTCAGCAGTTAACAG	0	0	0	-1	-1	-1	0	0	0	1	1	0	0	0	0	1	0	0	0	0	0	1	0	0	-1	-1	-1	-1	-1	-1	-1	-1	-1	-1	-1	-1	-1	-1	-1	-1	-1	-1	-1	-1	-1	-1	-1	-1	-1	-1	-1	-1	-1	-1	-1	-1	-1	-1	-1	-1	-1	-1	-1	-1	-1	-1	-1	-1	-1	-1	-1	-1
CTR_MGH.GTCGAATGTGCTCTCT	1	2	0	0	1	0	0	0	0	0	0	0	0	0	0	1	0	0	0	0	0	0	0	0	-1	-1	-1	-1	-1	-1	-1	-1	-1	-1	-1	-1	-1	-1	-1	-1	-1	-1	-1	-1	-1	-1	-1	-1	-1	-1	-1	-1	-1	-1	-1	-1	-1	-1	-1	-1	-1	-1	-1	-1	-1	-1	-1	-1	-1	-1	-1	-1
CTR_MGH.TTGGATGCAATGAACA	-1	-1	-1	-1	-1	-1	-1	-1	-1	-1	-1	-1	-1	-1	-1	-1	-1	-1	-1	-1	-1	-1	-1	-1	-1	-1	-1	1	1	2	1	0	0	0	1	0	1	3	0	1	1	0	1	0	1	1	1	1	0	2	1	-1	-1	-1	-1	-1	-1	-1	-1	-1	0	1	4	0	1	1	-1	-1	-1	-1	-1	-1
CTR_MGH.AAGCATCCAGCTCCTT	-1	-1	-1	-1	-1	-1	-1	-1	-1	-1	-1	-1	-1	-1	-1	-1	-1	-1	-1	-1	-1	-1	-1	-1	1	1	0	1	1	1	0	1	1	0	1	0	1	4	0	1	1	0	1	1	1	1	1	1	1	1	1	-1	-1	-1	-1	-1	-1	-1	-1	-1	0	1	0	-1	-1	-1	-1	-1	-1	-1	-1	-1
CTR_MGH.CCTCAACCAACGTATC	0	3	0	0	0	0	0	1	0	1	0	0	0	1	0	1	0	0	1	2	0	0	0	0	-1	-1	-1	-1	-1	-1	-1	-1	-1	-1	-1	-1	-1	-1	-1	-1	-1	-1	-1	-1	-1	-1	-1	-1	-1	-1	-1	-1	-1	-1	-1	-1	-1	-1	-1	-1	-1	-1	-1	-1	-1	-1	-1	-1	-1	-1	-1	-1
CTR_MGH.GTGGCGTTCACTTGTT	0	0	0	0	1	0	0	0	0	0	0	0	-1	-1	-1	1	0	0	0	3	0	0	2	0	-1	-1	-1	-1	-1	-1	-1	-1	-1	-1	-1	-1	-1	-1	-1	-1	-1	-1	-1	-1	-1	-1	-1	-1	-1	-1	-1	-1	-1	-1	-1	-1	-1	-1	-1	-1	-1	-1	-1	-1	-1	-1	-1	-1	-1	-1	-1	-1
CTR_MGH.GTAATGCAGTCGCGAA	0	0	0	0	0	0	0	0	0	0	0	0	0	0	0	1	0	0	0	1	0	0	0	0	-1	-1	-1	-1	-1	-1	-1	-1	-1	-1	-1	-1	-1	-1	-1	-1	-1	-1	-1	-1	-1	-1	-1	-1	-1	-1	-1	-1	-1	-1	-1	-1	-1	-1	-1	-1	-1	-1	-1	-1	-1	-1	-1	-1	-1	-1	-1	-1
CTR_MGH.AAAGGATTCATCGCTC	-1	-1	-1	-1	-1	-1	-1	-1	-1	-1	-1	-1	-1	-1	-1	-1	-1	-1	-1	-1	-1	-1	-1	-1	-1	-1	-1	-1	-1	-1	2	6	5	0	1	0	1	5	0	-1	-1	-1	1	4	1	1	1	1	0	0	1	-1	-1	-1	-1	-1	-1	-1	-1	-1	0	1	4	0	1	0	-1	-1	-1	-1	-1	-1
CTR_MGH.AGGCTGCCATCTTCGC	-1	-1	-1	-1	-1	-1	-1	-1	-1	-1	-1	-1	-1	-1	-1	-1	-1	-1	-1	-1	-1	-1	-1	-1	-1	-1	-1	-1	-1	-1	-1	-1	-1	-1	-1	-1	-1	-1	-1	-1	-1	-1	-1	-1	-1	-1	-1	-1	-1	-1	-1	0	1	1	1	1	0	0	1	1	-1	-1	-1	-1	-1	-1	-1	-1	-1	-1	-1	-1
CTR_MGH.CAGCCAGGTAGGGTAC	0	4	0	0	0	0	0	0	0	0	0	0	0	0	0	1	0	0	0	1	0	0	0	0	-1	-1	-1	-1	-1	-1	-1	-1	-1	-1	-1	-1	-1	-1	-1	-1	-1	-1	-1	-1	-1	-1	-1	-1	-1	-1	-1	-1	-1	-1	-1	-1	-1	-1	-1	-1	-1	-1	-1	-1	-1	-1	-1	-1	-1	-1	-1	-1
CTR_MGH.CGAGAAGTCTACGGTA	-1	-1	-1	-1	-1	-1	-1	-1	-1	-1	-1	-1	-1	-1	-1	-1	-1	-1	-1	-1	-1	-1	-1	-1	-1	-1	-1	-1	-1	-1	-1	-1	-1	-1	-1	-1	-1	-1	-1	-1	-1	-1	-1	-1	-1	-1	-1	-1	-1	-1	-1	0	1	1	1	1	0	0	1	1	-1	-1	-1	-1	-1	-1	-1	-1	-1	-1	-1	-1
CTR_MGH.CACCGTTTCAGTGTGT	0	0	0	0	0	0	0	0	0	0	0	0	0	0	0	1	0	0	0	1	0	0	3	0	-1	-1	-1	-1	-1	-1	-1	-1	-1	-1	-1	-1	-1	-1	-1	-1	-1	-1	-1	-1	-1	-1	-1	-1	-1	-1	-1	-1	-1	-1	-1	-1	-1	-1	-1	-1	-1	-1	-1	-1	-1	-1	-1	-1	-1	-1	-1	-1
CTR_MGH.TACCCGTTCCTGCTAC	-1	-1	-1	-1	-1	-1	-1	-1	-1	-1	-1	-1	-1	-1	-1	-1	-1	-1	-1	-1	-1	-1	-1	-1	-1	-1	-1	-1	-1	-1	-1	-1	-1	-1	-1	-1	-1	-1	-1	-1	-1	-1	-1	-1	-1	-1	-1	-1	-1	-1	-1	0	1	1	1	1	0	0	1	1	-1	-1	-1	-1	-1	-1	-1	-1	-1	-1	-1	-1
CTR_MGH.AGTAGCTAGATACAGT	-1	-1	-1	-1	-1	-1	-1	-1	-1	-1	-1	-1	-1	-1	-1	-1	-1	-1	-1	-1	-1	-1	-1	-1	-1	-1	-1	-1	-1	-1	-1	-1	-1	-1	-1	-1	-1	-1	-1	-1	-1	-1	-1	-1	-1	-1	-1	-1	-1	-1	-1	0	1	1	1	1	0	0	1	1	-1	-1	-1	-1	-1	-1	-1	-1	-1	-1	-1	-1
CTR_MGH.TAGTGCAGTTAGGAGC	-1	-1	-1	-1	-1	-1	-1	-1	-1	-1	-1	-1	-1	-1	-1	-1	-1	-1	-1	-1	-1	-1	-1	-1	-1	-1	-1	1	1	3	0	1	1	-1	-1	-1	1	0	0	1	1	0	1	5	1	1	1	1	0	0	1	-1	-1	-1	-1	-1	-1	-1	-1	-1	0	1	0	0	1	2	-1	-1	-1	-1	-1	-1
CTR_MGH.CAACAGTAGGTCTGGA	2	5	0	0	0	0	-1	-1	-1	0	0	0	0	0	0	1	0	0	0	0	0	2	4	0	-1	-1	-1	-1	-1	-1	-1	-1	-1	-1	-1	-1	-1	-1	-1	-1	-1	-1	-1	-1	-1	-1	-1	-1	-1	-1	-1	-1	-1	-1	-1	-1	-1	-1	-1	-1	-1	-1	-1	-1	-1	-1	-1	-1	-1	-1	-1	-1
CTR_MGH.TGCGACGTCCACGTCT	-1	-1	-1	-1	-1	-1	-1	-1	-1	-1	-1	-1	-1	-1	-1	-1	-1	-1	-1	-1	-1	-1	-1	-1	-1	-1	-1	1	1	3	0	1	1	0	1	1	1	0	0	1	1	0	1	0	1	1	1	1	0	0	1	-1	-1	-1	-1	-1	-1	-1	-1	-1	0	1	4	0	1	0	-1	-1	-1	-1	-1	-1
CTR_MGH.GGGTGTCGTAGATCGG	-1	-1	-1	-1	-1	-1	-1	-1	-1	-1	-1	-1	-1	-1	-1	-1	-1	-1	-1	-1	-1	-1	-1	-1	-1	-1	-1	-1	-1	-1	-1	-1	-1	-1	-1	-1	-1	-1	-1	-1	-1	-1	-1	-1	-1	-1	-1	-1	-1	-1	-1	0	1	1	1	1	0	0	1	1	-1	-1	-1	-1	-1	-1	-1	-1	-1	-1	-1	-1
CTR_MGH.TGGGCGTTCTGCCTGT	-1	-1	-1	-1	-1	-1	-1	-1	-1	-1	-1	-1	-1	-1	-1	-1	-1	-1	-1	-1	-1	-1	-1	-1	1	3	2	1	1	0	0	1	1	1	1	0	-1	-1	-1	1	1	0	1	6	1	1	1	1	0	5	1	-1	-1	-1	-1	-1	-1	-1	-1	-1	2	1	0	0	1	0	-1	-1	-1	-1	-1	-1
CTR_MGH.GAGTGTTTCTGGAGAG	-1	-1	-1	-1	-1	-1	-1	-1	-1	-1	-1	-1	-1	-1	-1	-1	-1	-1	-1	-1	-1	-1	-1	-1	1	4	0	1	1	3	0	1	1	-1	-1	-1	1	0	0	1	1	0	1	7	1	1	1	1	0	3	1	-1	-1	-1	-1	-1	-1	-1	-1	-1	-1	-1	-1	0	1	2	-1	-1	-1	-1	-1	-1
CTR_MGH.CATAGACTCATCTATC	-1	-1	-1	-1	-1	-1	-1	-1	-1	-1	-1	-1	-1	-1	-1	-1	-1	-1	-1	-1	-1	-1	-1	-1	-1	-1	-1	-1	-1	-1	-1	-1	-1	-1	-1	-1	-1	-1	-1	-1	-1	-1	-1	-1	-1	-1	-1	-1	-1	-1	-1	-1	-1	-1	-1	-1	-1	-1	-1	-1	-1	-1	-1	-1	-1	-1	0	1	0	1	1	0
CTR_MGH.CATGCGGAGTATGAGT	0	0	0	-1	-1	-1	0	0	0	0	2	0	0	0	0	1	0	0	0	0	0	0	0	0	-1	-1	-1	-1	-1	-1	-1	-1	-1	-1	-1	-1	-1	-1	-1	-1	-1	-1	-1	-1	-1	-1	-1	-1	-1	-1	-1	-1	-1	-1	-1	-1	-1	-1	-1	-1	-1	-1	-1	-1	-1	-1	-1	-1	-1	-1	-1	-1
CTR_MGH.GATCCCTCAAGAGTTA	-1	-1	-1	-1	-1	-1	-1	-1	-1	-1	-1	-1	-1	-1	-1	-1	-1	-1	-1	-1	-1	-1	-1	-1	1	3	0	1	1	3	0	1	1	-1	-1	-1	1	0	0	1	1	2	1	8	1	1	1	1	-1	-1	-1	-1	-1	-1	-1	-1	-1	-1	-1	-1	0	1	0	0	1	2	-1	-1	-1	-1	-1	-1
CTR_MGH.CTCCATGTCTGTAAGC	-1	-1	-1	-1	-1	-1	-1	-1	-1	-1	-1	-1	-1	-1	-1	-1	-1	-1	-1	-1	-1	-1	-1	-1	1	3	3	-1	-1	-1	1	7	6	0	1	0	1	2	0	1	1	3	1	9	1	1	1	1	0	3	1	-1	-1	-1	-1	-1	-1	-1	-1	-1	0	1	0	1	1	0	-1	-1	-1	-1	-1	-1
CTR_MGH.TACGGTAGTTGGACTT	-1	-1	-1	-1	-1	-1	-1	-1	-1	-1	-1	-1	-1	-1	-1	-1	-1	-1	-1	-1	-1	-1	-1	-1	1	3	0	1	1	3	0	1	1	-1	-1	-1	1	0	1	1	1	4	-1	-1	-1	1	1	1	0	6	1	-1	-1	-1	-1	-1	-1	-1	-1	-1	0	1	0	0	1	2	-1	-1	-1	-1	-1	-1
CTR_MGH.ATCGATGCAAATAGCA	0	0	0	0	0	0	-1	-1	-1	0	0	0	0	2	0	1	0	0	0	0	0	0	0	0	-1	-1	-1	-1	-1	-1	-1	-1	-1	-1	-1	-1	-1	-1	-1	-1	-1	-1	-1	-1	-1	-1	-1	-1	-1	-1	-1	-1	-1	-1	-1	-1	-1	-1	-1	-1	-1	-1	-1	-1	-1	-1	-1	-1	-1	-1	-1	-1
CTR_MGH.CATTTCAGTCGGCCTA	-1	-1	-1	-1	-1	-1	-1	-1	-1	-1	-1	-1	-1	-1	-1	-1	-1	-1	-1	-1	-1	-1	-1	-1	-1	-1	-1	-1	-1	-1	-1	-1	-1	-1	-1	-1	-1	-1	-1	-1	-1	-1	-1	-1	-1	-1	-1	-1	-1	-1	-1	-1	-1	-1	-1	-1	-1	-1	-1	-1	-1	-1	-1	-1	-1	-1	0	0	0	1	1	0
CTR_MGH.TCAGTCCTCTCAATCT	-1	-1	-1	-1	-1	-1	-1	-1	-1	-1	-1	-1	-1	-1	-1	-1	-1	-1	-1	-1	-1	-1	-1	-1	2	2	0	1	1	0	0	8	0	1	1	0	-1	-1	-1	1	1	5	1	0	1	1	1	1	0	7	1	-1	-1	-1	-1	-1	-1	-1	-1	-1	0	1	3	0	1	2	-1	-1	-1	-1	-1	-1
CTR_MGH.ACTTATCAGGGTAATT	-1	-1	-1	-1	-1	-1	-1	-1	-1	-1	-1	-1	-1	-1	-1	-1	-1	-1	-1	-1	-1	-1	-1	-1	-1	-1	-1	-1	-1	-1	-1	-1	-1	-1	-1	-1	-1	-1	-1	-1	-1	-1	-1	-1	-1	-1	-1	-1	-1	-1	-1	-1	-1	-1	-1	-1	-1	-1	-1	-1	-1	-1	-1	-1	-1	-1	0	0	0	1	1	0
CTR_MGH.GAGAAATAGCCTTGAT	0	6	0	0	0	0	0	0	0	0	0	0	0	3	0	1	0	0	0	0	0	0	0	0	-1	-1	-1	-1	-1	-1	-1	-1	-1	-1	-1	-1	-1	-1	-1	-1	-1	-1	-1	-1	-1	-1	-1	-1	-1	-1	-1	-1	-1	-1	-1	-1	-1	-1	-1	-1	-1	-1	-1	-1	-1	-1	-1	-1	-1	-1	-1	-1
CTR_MGH.ACGCACGTCTAGTTCT	-1	-1	-1	-1	-1	-1	-1	-1	-1	-1	-1	-1	-1	-1	-1	-1	-1	-1	-1	-1	-1	-1	-1	-1	1	5	2	-1	-1	-1	0	9	0	0	1	3	1	5	0	1	1	0	1	0	1	1	1	1	0	8	1	-1	-1	-1	-1	-1	-1	-1	-1	-1	0	1	4	3	1	3	-1	-1	-1	-1	-1	-1
CTR_MGH.TGAGCATTCCGGGACT	-1	-1	-1	-1	-1	-1	-1	-1	-1	-1	-1	-1	-1	-1	-1	-1	-1	-1	-1	-1	-1	-1	-1	-1	1	0	2	1	1	0	1	0	0	1	1	0	1	0	0	1	1	0	1	10	1	1	1	1	0	9	1	-1	-1	-1	-1	-1	-1	-1	-1	-1	0	1	4	0	1	0	-1	-1	-1	-1	-1	-1
CTR_MGH.AGGCTGCAGTCGCCAC	-1	-1	-1	-1	-1	-1	-1	-1	-1	-1	-1	-1	-1	-1	-1	-1	-1	-1	-1	-1	-1	-1	-1	-1	1	6	2	1	1	0	0	2	0	1	1	1	1	6	2	1	1	0	1	0	1	1	1	1	-1	-1	-1	-1	-1	-1	-1	-1	-1	-1	-1	-1	3	1	0	2	1	0	-1	-1	-1	-1	-1	-1
CTR_MGH.GTGCTGGAGCCTGAAG	0	0	0	1	0	0	-1	-1	-1	1	0	0	0	4	1	1	0	0	0	0	0	0	5	0	-1	-1	-1	-1	-1	-1	-1	-1	-1	-1	-1	-1	-1	-1	-1	-1	-1	-1	-1	-1	-1	-1	-1	-1	-1	-1	-1	-1	-1	-1	-1	-1	-1	-1	-1	-1	-1	-1	-1	-1	-1	-1	-1	-1	-1	-1	-1	-1
CTR_MGH.TAAGCGTGTGTAGCAG	-1	-1	-1	-1	-1	-1	-1	-1	-1	-1	-1	-1	-1	-1	-1	-1	-1	-1	-1	-1	-1	-1	-1	-1	-1	-1	-1	-1	-1	-1	-1	-1	-1	-1	-1	-1	-1	-1	-1	-1	-1	-1	-1	-1	-1	-1	-1	-1	-1	-1	-1	0	1	1	1	1	0	0	1	1	-1	-1	-1	-1	-1	-1	-1	-1	-1	-1	-1	-1
CTR_MGH.AGACAAACACGTACAT	-1	-1	-1	-1	-1	-1	-1	-1	-1	-1	-1	-1	-1	-1	-1	-1	-1	-1	-1	-1	-1	-1	-1	-1	-1	-1	-1	-1	-1	-1	-1	-1	-1	-1	-1	-1	-1	-1	-1	-1	-1	-1	-1	-1	-1	-1	-1	-1	-1	-1	-1	-1	-1	-1	-1	-1	-1	-1	-1	-1	-1	-1	-1	-1	-1	-1	0	0	0	0	1	1
CTR_MGH.ACTGTCCAGAGAGTGA	-1	-1	-1	-1	-1	-1	-1	-1	-1	-1	-1	-1	-1	-1	-1	-1	-1	-1	-1	-1	-1	-1	-1	-1	-1	-1	-1	1	1	3	0	1	1	1	1	0	1	0	0	1	1	0	1	0	1	1	1	1	0	10	1	-1	-1	-1	-1	-1	-1	-1	-1	-1	0	1	4	0	1	2	-1	-1	-1	-1	-1	-1
CTR_MGH.TATCTTGAGATGCTTC	-1	-1	-1	-1	-1	-1	-1	-1	-1	-1	-1	-1	-1	-1	-1	-1	-1	-1	-1	-1	-1	-1	-1	-1	-1	-1	-1	-1	-1	-1	-1	-1	-1	-1	-1	-1	-1	-1	-1	-1	-1	-1	-1	-1	-1	-1	-1	-1	-1	-1	-1	0	1	1	1	1	0	0	1	1	-1	-1	-1	-1	-1	-1	-1	-1	-1	-1	-1	-1
CTR_MGH.AAGCGAGGTACCTATG	-1	-1	-1	-1	-1	-1	-1	-1	-1	-1	-1	-1	-1	-1	-1	-1	-1	-1	-1	-1	-1	-1	-1	-1	1	0	0	1	1	0	1	3	3	1	1	0	1	1	1	1	1	1	1	2	1	1	1	1	0	2	1	-1	-1	-1	-1	-1	-1	-1	-1	-1	0	1	2	-1	-1	-1	-1	-1	-1	-1	-1	-1
CTR_MGH.TTGCTGCGTGCGCTCA	-1	-1	-1	-1	-1	-1	-1	-1	-1	-1	-1	-1	-1	-1	-1	-1	-1	-1	-1	-1	-1	-1	-1	-1	-1	-1	-1	1	1	0	0	10	6	1	1	0	1	1	1	1	1	0	1	0	1	1	1	1	-1	-1	-1	-1	-1	-1	-1	-1	-1	-1	-1	-1	4	1	4	1	1	4	-1	-1	-1	-1	-1	-1
CTR_MGH.CGGGCATGTCGTCGGT	0	0	0	0	0	0	0	0	0	0	0	0	0	5	0	1	0	0	0	0	0	-1	-1	-1	-1	-1	-1	-1	-1	-1	-1	-1	-1	-1	-1	-1	-1	-1	-1	-1	-1	-1	-1	-1	-1	-1	-1	-1	-1	-1	-1	-1	-1	-1	-1	-1	-1	-1	-1	-1	-1	-1	-1	-1	-1	-1	-1	-1	-1	-1	-1	-1
CTR_MGH.TTGTGTTAGTACAACA	0	0	0	0	1	0	0	0	0	2	0	0	-1	-1	-1	1	0	0	0	0	0	0	0	0	-1	-1	-1	-1	-1	-1	-1	-1	-1	-1	-1	-1	-1	-1	-1	-1	-1	-1	-1	-1	-1	-1	-1	-1	-1	-1	-1	-1	-1	-1	-1	-1	-1	-1	-1	-1	-1	-1	-1	-1	-1	-1	-1	-1	-1	-1	-1	-1
CTR_MGH.AACCTGATCTAGGCCG	0	0	0	0	0	0	0	0	0	0	3	0	0	0	0	1	0	0	2	0	0	0	0	0	-1	-1	-1	-1	-1	-1	-1	-1	-1	-1	-1	-1	-1	-1	-1	-1	-1	-1	-1	-1	-1	-1	-1	-1	-1	-1	-1	-1	-1	-1	-1	-1	-1	-1	-1	-1	-1	-1	-1	-1	-1	-1	-1	-1	-1	-1	-1	-1
CTR_MGH.CTCATTAGTCAACATC	-1	-1	-1	-1	-1	-1	-1	-1	-1	-1	-1	-1	-1	-1	-1	-1	-1	-1	-1	-1	-1	-1	-1	-1	-1	-1	-1	1	1	3	0	1	1	-1	-1	-1	1	0	0	-1	-1	-1	1	5	1	1	1	1	0	0	1	-1	-1	-1	-1	-1	-1	-1	-1	-1	0	1	0	0	1	2	-1	-1	-1	-1	-1	-1
CTR_MGH.TCACAAGCAATGCTCA	0	7	0	0	0	0	0	0	0	1	0	0	0	0	0	1	0	0	0	0	0	0	0	0	-1	-1	-1	-1	-1	-1	-1	-1	-1	-1	-1	-1	-1	-1	-1	-1	-1	-1	-1	-1	-1	-1	-1	-1	-1	-1	-1	-1	-1	-1	-1	-1	-1	-1	-1	-1	-1	-1	-1	-1	-1	-1	-1	-1	-1	-1	-1	-1
CTR_MGH.TGTTACTCAAGAGTGC	0	0	0	0	0	0	0	0	0	0	0	0	0	0	0	1	0	0	0	0	0	0	0	0	-1	-1	-1	-1	-1	-1	-1	-1	-1	-1	-1	-1	-1	-1	-1	-1	-1	-1	-1	-1	-1	-1	-1	-1	-1	-1	-1	-1	-1	-1	-1	-1	-1	-1	-1	-1	-1	-1	-1	-1	-1	-1	-1	-1	-1	-1	-1	-1
CTR_MGH.ACGGGTCTCTGCCTGT	-1	-1	-1	-1	-1	-1	-1	-1	-1	-1	-1	-1	-1	-1	-1	-1	-1	-1	-1	-1	-1	-1	-1	-1	1	0	3	-1	-1	-1	1	0	6	1	1	0	1	2	0	1	1	0	1	11	1	1	1	1	0	3	1	-1	-1	-1	-1	-1	-1	-1	-1	-1	1	1	0	1	1	5	-1	-1	-1	-1	-1	-1
CTR_MGH.AGCCACGGTGTTTCTT	-1	-1	-1	-1	-1	-1	-1	-1	-1	-1	-1	-1	-1	-1	-1	-1	-1	-1	-1	-1	-1	-1	-1	-1	-1	-1	-1	-1	-1	-1	-1	-1	-1	-1	-1	-1	-1	-1	-1	-1	-1	-1	-1	-1	-1	-1	-1	-1	-1	-1	-1	0	1	1	1	1	0	0	1	1	-1	-1	-1	-1	-1	-1	-1	-1	-1	-1	-1	-1
CTR_MGH.AGGGCCTTCTAGACCA	-1	-1	-1	-1	-1	-1	-1	-1	-1	-1	-1	-1	-1	-1	-1	-1	-1	-1	-1	-1	-1	-1	-1	-1	1	0	2	1	1	0	3	0	0	0	1	0	1	5	0	1	1	6	1	0	1	1	1	1	-1	-1	-1	-1	-1	-1	-1	-1	-1	-1	-1	-1	0	1	4	1	1	2	-1	-1	-1	-1	-1	-1
CTR_MGH.CTGTCGTGTACTCGCG	0	6	0	0	0	0	0	0	0	0	0	0	0	3	0	1	0	0	0	0	0	0	0	0	-1	-1	-1	-1	-1	-1	-1	-1	-1	-1	-1	-1	-1	-1	-1	-1	-1	-1	-1	-1	-1	-1	-1	-1	-1	-1	-1	-1	-1	-1	-1	-1	-1	-1	-1	-1	-1	-1	-1	-1	-1	-1	-1	-1	-1	-1	-1	-1
CTR_MGH.AAGACAAAGATGGGCT	0	0	0	0	0	0	0	0	0	0	4	0	0	0	0	1	0	0	0	0	0	0	0	0	-1	-1	-1	-1	-1	-1	-1	-1	-1	-1	-1	-1	-1	-1	-1	-1	-1	-1	-1	-1	-1	-1	-1	-1	-1	-1	-1	-1	-1	-1	-1	-1	-1	-1	-1	-1	-1	-1	-1	-1	-1	-1	-1	-1	-1	-1	-1	-1
CTR_MGH.GCACGTGCATAAGCGG	-1	-1	-1	-1	-1	-1	-1	-1	-1	-1	-1	-1	-1	-1	-1	-1	-1	-1	-1	-1	-1	-1	-1	-1	-1	-1	-1	-1	-1	-1	-1	-1	-1	-1	-1	-1	-1	-1	-1	-1	-1	-1	-1	-1	-1	-1	-1	-1	-1	-1	-1	0	1	1	1	1	0	0	1	1	-1	-1	-1	-1	-1	-1	-1	-1	-1	-1	-1	-1
CTR_MGH.GAGTCTATCCACAGGC	0	0	0	0	0	0	0	0	0	3	0	0	0	3	0	1	0	0	0	0	0	0	6	0	-1	-1	-1	-1	-1	-1	-1	-1	-1	-1	-1	-1	-1	-1	-1	-1	-1	-1	-1	-1	-1	-1	-1	-1	-1	-1	-1	-1	-1	-1	-1	-1	-1	-1	-1	-1	-1	-1	-1	-1	-1	-1	-1	-1	-1	-1	-1	-1
CTR_MGH.AGATGAAGTGTGACCC	-1	-1	-1	-1	-1	-1	-1	-1	-1	-1	-1	-1	-1	-1	-1	-1	-1	-1	-1	-1	-1	-1	-1	-1	-1	-1	-1	-1	-1	-1	-1	-1	-1	-1	-1	-1	-1	-1	-1	-1	-1	-1	-1	-1	-1	-1	-1	-1	-1	-1	-1	0	1	1	1	1	0	1	1	1	-1	-1	-1	-1	-1	-1	-1	-1	-1	-1	-1	-1
CTR_MGH.ACATGCAGTCCTCCTA	0	0	0	0	0	0	1	0	0	0	0	0	0	0	0	1	0	0	0	0	0	0	0	0	-1	-1	-1	-1	-1	-1	-1	-1	-1	-1	-1	-1	-1	-1	-1	-1	-1	-1	-1	-1	-1	-1	-1	-1	-1	-1	-1	-1	-1	-1	-1	-1	-1	-1	-1	-1	-1	-1	-1	-1	-1	-1	-1	-1	-1	-1	-1	-1
CTR_MGH.ACGGTTACAAGTTCGT	0	8	0	0	0	0	0	2	0	0	5	1	0	0	0	1	0	0	0	0	0	-1	-1	-1	-1	-1	-1	-1	-1	-1	-1	-1	-1	-1	-1	-1	-1	-1	-1	-1	-1	-1	-1	-1	-1	-1	-1	-1	-1	-1	-1	-1	-1	-1	-1	-1	-1	-1	-1	-1	-1	-1	-1	-1	-1	-1	-1	-1	-1	-1	-1	-1
CTR_MGH.TTCTTCCCACCCTCTA	-1	-1	-1	-1	-1	-1	-1	-1	-1	-1	-1	-1	-1	-1	-1	-1	-1	-1	-1	-1	-1	-1	-1	-1	-1	-1	-1	-1	-1	-1	-1	-1	-1	-1	-1	-1	-1	-1	-1	-1	-1	-1	-1	-1	-1	-1	-1	-1	-1	-1	-1	0	1	1	1	1	0	0	1	1	-1	-1	-1	-1	-1	-1	-1	-1	-1	-1	-1	-1
CTR_MGH.TCACATTAGTCCGCGT	-1	-1	-1	-1	-1	-1	-1	-1	-1	-1	-1	-1	-1	-1	-1	-1	-1	-1	-1	-1	-1	-1	-1	-1	-1	-1	-1	-1	-1	-1	-1	-1	-1	-1	-1	-1	-1	-1	-1	-1	-1	-1	-1	-1	-1	-1	-1	-1	-1	-1	-1	-1	-1	-1	-1	-1	-1	-1	-1	-1	-1	-1	-1	-1	-1	-1	0	2	0	1	1	0
CTR_MGH.TTTGTTGCAGCTTCCT	0	9	0	0	0	0	0	0	0	0	0	0	0	0	0	1	0	0	0	0	0	0	0	0	-1	-1	-1	-1	-1	-1	-1	-1	-1	-1	-1	-1	-1	-1	-1	-1	-1	-1	-1	-1	-1	-1	-1	-1	-1	-1	-1	-1	-1	-1	-1	-1	-1	-1	-1	-1	-1	-1	-1	-1	-1	-1	-1	-1	-1	-1	-1	-1
CTR_MGH.AGAAATGGTAGATCGG	0	10	0	0	0	0	0	0	0	0	0	0	0	0	0	1	0	0	0	0	0	0	6	0	-1	-1	-1	-1	-1	-1	-1	-1	-1	-1	-1	-1	-1	-1	-1	-1	-1	-1	-1	-1	-1	-1	-1	-1	-1	-1	-1	-1	-1	-1	-1	-1	-1	-1	-1	-1	-1	-1	-1	-1	-1	-1	-1	-1	-1	-1	-1	-1
CTR_MGH.TCTACCGGTTATAGCC	0	11	0	-1	-1	-1	0	3	0	0	6	0	0	6	0	1	0	0	0	1	0	0	7	0	-1	-1	-1	-1	-1	-1	-1	-1	-1	-1	-1	-1	-1	-1	-1	-1	-1	-1	-1	-1	-1	-1	-1	-1	-1	-1	-1	-1	-1	-1	-1	-1	-1	-1	-1	-1	-1	-1	-1	-1	-1	-1	-1	-1	-1	-1	-1	-1
CTR_MGH.CCTATCGCAATTTCGG	-1	-1	-1	-1	-1	-1	-1	-1	-1	-1	-1	-1	-1	-1	-1	-1	-1	-1	-1	-1	-1	-1	-1	-1	-1	-1	-1	-1	-1	-1	-1	-1	-1	-1	-1	-1	-1	-1	-1	-1	-1	-1	-1	-1	-1	-1	-1	-1	-1	-1	-1	0	1	1	1	1	0	1	1	1	-1	-1	-1	-1	-1	-1	-1	-1	-1	-1	-1	-1
CTR_MGH.CTGTGAAGTATCGTAC	-1	-1	-1	-1	-1	-1	-1	-1	-1	-1	-1	-1	-1	-1	-1	-1	-1	-1	-1	-1	-1	-1	-1	-1	-1	-1	-1	-1	-1	-1	-1	-1	-1	-1	-1	-1	-1	-1	-1	-1	-1	-1	-1	-1	-1	-1	-1	-1	-1	-1	-1	-1	-1	-1	-1	-1	-1	-1	-1	-1	-1	-1	-1	-1	-1	-1	0	3	0	2	1	0
CTR_MGH.TCGTGCTTCAGGAACG	-1	-1	-1	-1	-1	-1	-1	-1	-1	-1	-1	-1	-1	-1	-1	-1	-1	-1	-1	-1	-1	-1	-1	-1	-1	-1	-1	-1	-1	-1	-1	-1	-1	-1	-1	-1	-1	-1	-1	-1	-1	-1	-1	-1	-1	-1	-1	-1	-1	-1	-1	0	1	1	1	1	1	2	1	1	-1	-1	-1	-1	-1	-1	-1	-1	-1	-1	-1	-1
CTR_MGH.CCACGAGCATGGTACT	0	0	0	0	0	0	0	0	0	0	7	0	0	7	0	1	0	0	0	4	0	0	8	0	-1	-1	-1	-1	-1	-1	-1	-1	-1	-1	-1	-1	-1	-1	-1	-1	-1	-1	-1	-1	-1	-1	-1	-1	-1	-1	-1	-1	-1	-1	-1	-1	-1	-1	-1	-1	-1	-1	-1	-1	-1	-1	-1	-1	-1	-1	-1	-1
CTR_MGH.TCGGATATCTGTGTGA	-1	-1	-1	-1	-1	-1	-1	-1	-1	-1	-1	-1	-1	-1	-1	-1	-1	-1	-1	-1	-1	-1	-1	-1	-1	-1	-1	-1	-1	-1	-1	-1	-1	-1	-1	-1	-1	-1	-1	-1	-1	-1	-1	-1	-1	-1	-1	-1	-1	-1	-1	-1	-1	-1	-1	-1	-1	-1	-1	-1	-1	-1	-1	-1	-1	-1	0	0	0	0	1	1
CTR_MGH.GGGCCATGTTAAGAAC	-1	-1	-1	-1	-1	-1	-1	-1	-1	-1	-1	-1	-1	-1	-1	-1	-1	-1	-1	-1	-1	-1	-1	-1	-1	-1	-1	-1	-1	-1	-1	-1	-1	-1	-1	-1	-1	-1	-1	-1	-1	-1	-1	-1	-1	-1	-1	-1	-1	-1	-1	0	1	1	1	1	0	1	1	1	-1	-1	-1	-1	-1	-1	-1	-1	-1	-1	-1	-1
CTR_MGH.TTCGGTCCACATATCG	0	0	0	0	0	0	0	0	0	4	8	0	0	0	0	1	0	0	0	0	0	0	0	0	-1	-1	-1	-1	-1	-1	-1	-1	-1	-1	-1	-1	-1	-1	-1	-1	-1	-1	-1	-1	-1	-1	-1	-1	-1	-1	-1	-1	-1	-1	-1	-1	-1	-1	-1	-1	-1	-1	-1	-1	-1	-1	-1	-1	-1	-1	-1	-1
CTR_MGH.CTCAATTAGACGCCCT	-1	-1	-1	-1	-1	-1	-1	-1	-1	-1	-1	-1	-1	-1	-1	-1	-1	-1	-1	-1	-1	-1	-1	-1	1	7	0	1	1	0	-1	-1	-1	0	1	4	1	1	1	1	1	6	1	0	1	1	1	1	0	0	1	-1	-1	-1	-1	-1	-1	-1	-1	-1	0	1	0	3	1	2	-1	-1	-1	-1	-1	-1
CTR_MGH.ATGCGATCAATAACGA	-1	-1	-1	-1	-1	-1	-1	-1	-1	-1	-1	-1	-1	-1	-1	-1	-1	-1	-1	-1	-1	-1	-1	-1	1	3	2	1	1	0	0	7	6	0	1	5	1	7	0	-1	-1	-1	1	12	1	1	1	1	3	0	1	-1	-1	-1	-1	-1	-1	-1	-1	-1	-1	-1	-1	0	1	0	-1	-1	-1	-1	-1	-1
CTR_MGH.GGGATCCAGCAACTCT	-1	-1	-1	-1	-1	-1	-1	-1	-1	-1	-1	-1	-1	-1	-1	-1	-1	-1	-1	-1	-1	-1	-1	-1	-1	-1	-1	-1	-1	-1	-1	-1	-1	-1	-1	-1	-1	-1	-1	-1	-1	-1	-1	-1	-1	-1	-1	-1	-1	-1	-1	-1	-1	-1	-1	-1	-1	-1	-1	-1	-1	-1	-1	-1	-1	-1	0	0	0	3	1	2
CTR_MGH.CCTAAGAAGGCTTAGG	-1	-1	-1	-1	-1	-1	-1	-1	-1	-1	-1	-1	-1	-1	-1	-1	-1	-1	-1	-1	-1	-1	-1	-1	-1	-1	-1	-1	-1	-1	-1	-1	-1	-1	-1	-1	-1	-1	-1	-1	-1	-1	-1	-1	-1	-1	-1	-1	-1	-1	-1	1	1	1	1	1	0	0	1	1	-1	-1	-1	-1	-1	-1	-1	-1	-1	-1	-1	-1
CTR_MGH.TTCATGTAGGCTATCT	-1	-1	-1	-1	-1	-1	-1	-1	-1	-1	-1	-1	-1	-1	-1	-1	-1	-1	-1	-1	-1	-1	-1	-1	-1	-1	-1	-1	-1	-1	-1	-1	-1	-1	-1	-1	-1	-1	-1	-1	-1	-1	-1	-1	-1	-1	-1	-1	-1	-1	-1	-1	-1	-1	-1	-1	-1	-1	-1	-1	-1	-1	-1	-1	-1	-1	0	0	0	0	1	1
CTR_MGH.TCAAGTGCATGACAAA	-1	-1	-1	-1	-1	-1	-1	-1	-1	-1	-1	-1	-1	-1	-1	-1	-1	-1	-1	-1	-1	-1	-1	-1	1	8	2	1	1	0	-1	-1	-1	-1	-1	-1	1	5	3	1	1	7	1	0	1	1	1	1	4	0	1	-1	-1	-1	-1	-1	-1	-1	-1	-1	0	1	4	4	1	6	-1	-1	-1	-1	-1	-1
CTR_MGH.ACTATGGTCCGAGATT	-1	-1	-1	-1	-1	-1	-1	-1	-1	-1	-1	-1	-1	-1	-1	-1	-1	-1	-1	-1	-1	-1	-1	-1	1	1	0	1	1	1	0	1	1	0	1	2	1	0	0	1	1	0	1	1	1	1	1	1	1	0	1	-1	-1	-1	-1	-1	-1	-1	-1	-1	0	1	4	0	1	0	-1	-1	-1	-1	-1	-1
CTR_MGH.CAATTTCGTGGCTAGA	-1	-1	-1	-1	-1	-1	-1	-1	-1	-1	-1	-1	-1	-1	-1	-1	-1	-1	-1	-1	-1	-1	-1	-1	-1	-1	-1	-1	-1	-1	-1	-1	-1	-1	-1	-1	-1	-1	-1	-1	-1	-1	-1	-1	-1	-1	-1	-1	-1	-1	-1	1	1	1	1	1	0	0	1	1	-1	-1	-1	-1	-1	-1	-1	-1	-1	-1	-1	-1
CTR_MGH.GCACATAGTACATACC	-1	-1	-1	-1	-1	-1	-1	-1	-1	-1	-1	-1	-1	-1	-1	-1	-1	-1	-1	-1	-1	-1	-1	-1	-1	-1	-1	-1	-1	-1	-1	-1	-1	-1	-1	-1	-1	-1	-1	-1	-1	-1	-1	-1	-1	-1	-1	-1	-1	-1	-1	0	1	1	1	1	0	0	1	1	-1	-1	-1	-1	-1	-1	-1	-1	-1	-1	-1	-1
CTR_MGH.GTAGGAGCAGAACCGA	0	0	0	0	2	0	0	0	0	0	0	0	0	0	0	1	0	0	0	0	0	0	9	0	-1	-1	-1	-1	-1	-1	-1	-1	-1	-1	-1	-1	-1	-1	-1	-1	-1	-1	-1	-1	-1	-1	-1	-1	-1	-1	-1	-1	-1	-1	-1	-1	-1	-1	-1	-1	-1	-1	-1	-1	-1	-1	-1	-1	-1	-1	-1	-1
CTR_MGH.GTAGGAGTCCATGCAA	0	3	0	1	0	0	0	0	0	0	0	0	0	0	0	1	0	0	0	0	0	0	10	0	-1	-1	-1	-1	-1	-1	-1	-1	-1	-1	-1	-1	-1	-1	-1	-1	-1	-1	-1	-1	-1	-1	-1	-1	-1	-1	-1	-1	-1	-1	-1	-1	-1	-1	-1	-1	-1	-1	-1	-1	-1	-1	-1	-1	-1	-1	-1	-1
CTR_MGH.ACTTTGTTCCGGTAAT	-1	-1	-1	-1	-1	-1	-1	-1	-1	-1	-1	-1	-1	-1	-1	-1	-1	-1	-1	-1	-1	-1	-1	-1	-1	-1	-1	-1	-1	-1	-1	-1	-1	-1	-1	-1	-1	-1	-1	-1	-1	-1	-1	-1	-1	-1	-1	-1	-1	-1	-1	0	1	1	1	1	0	0	1	1	-1	-1	-1	-1	-1	-1	-1	-1	-1	-1	-1	-1
CTR_MGH.ACCACAATCCTAGCTC	-1	-1	-1	-1	-1	-1	-1	-1	-1	-1	-1	-1	-1	-1	-1	-1	-1	-1	-1	-1	-1	-1	-1	-1	1	0	0	1	1	3	0	1	1	1	1	0	1	8	4	1	1	0	1	0	1	1	1	1	0	0	1	-1	-1	-1	-1	-1	-1	-1	-1	-1	0	1	4	0	1	2	-1	-1	-1	-1	-1	-1
CTR_MGH.GTTGTCCCAGCACAAG	-1	-1	-1	0	3	0	0	0	0	2	0	0	0	0	0	1	0	0	0	0	0	0	0	0	-1	-1	-1	-1	-1	-1	-1	-1	-1	-1	-1	-1	-1	-1	-1	-1	-1	-1	-1	-1	-1	-1	-1	-1	-1	-1	-1	-1	-1	-1	-1	-1	-1	-1	-1	-1	-1	-1	-1	-1	-1	-1	-1	-1	-1	-1	-1	-1
CTR_MGH.GATGGAGCAAGCAGGT	-1	-1	-1	-1	-1	-1	-1	-1	-1	-1	-1	-1	-1	-1	-1	-1	-1	-1	-1	-1	-1	-1	-1	-1	1	8	2	1	1	4	-1	-1	-1	0	1	0	1	5	0	1	1	4	1	0	1	1	1	1	0	0	1	-1	-1	-1	-1	-1	-1	-1	-1	-1	0	1	4	0	1	6	-1	-1	-1	-1	-1	-1
CTR_MGH.CGGAACCCACTACGGC	-1	-1	-1	-1	-1	-1	-1	-1	-1	-1	-1	-1	-1	-1	-1	-1	-1	-1	-1	-1	-1	-1	-1	-1	-1	-1	-1	-1	-1	-1	-1	-1	-1	-1	-1	-1	-1	-1	-1	-1	-1	-1	-1	-1	-1	-1	-1	-1	-1	-1	-1	0	1	1	1	1	2	0	1	1	-1	-1	-1	-1	-1	-1	-1	-1	-1	-1	-1	-1
CTR_MGH.GTGTGGCTCCCTATTA	-1	-1	-1	-1	-1	-1	-1	-1	-1	-1	-1	-1	-1	-1	-1	-1	-1	-1	-1	-1	-1	-1	-1	-1	-1	-1	-1	1	1	2	-1	-1	-1	0	1	0	-1	-1	-1	1	1	0	1	0	1	-1	-1	-1	-1	-1	-1	-1	-1	-1	-1	-1	-1	-1	-1	-1	-1	-1	-1	-1	-1	-1	-1	-1	-1	-1	-1	-1
CTR_MGH.AGCCACGGTTCTCGTC	0	0	0	0	0	0	0	0	0	0	0	0	0	0	0	1	0	0	0	0	0	0	0	0	-1	-1	-1	-1	-1	-1	-1	-1	-1	-1	-1	-1	-1	-1	-1	-1	-1	-1	-1	-1	-1	-1	-1	-1	-1	-1	-1	-1	-1	-1	-1	-1	-1	-1	-1	-1	-1	-1	-1	-1	-1	-1	-1	-1	-1	-1	-1	-1
CTR_MGH.GTGCAGCGTGACACGA	-1	-1	-1	-1	-1	-1	-1	-1	-1	-1	-1	-1	-1	-1	-1	-1	-1	-1	-1	-1	-1	-1	-1	-1	1	3	2	1	1	0	0	7	0	0	1	5	1	7	0	1	1	0	1	13	1	1	1	1	0	0	1	-1	-1	-1	-1	-1	-1	-1	-1	-1	0	1	4	0	1	7	-1	-1	-1	-1	-1	-1
CTR_MGH.CGTGATAGTGCATACT	-1	-1	-1	-1	-1	-1	-1	-1	-1	-1	-1	-1	-1	-1	-1	-1	-1	-1	-1	-1	-1	-1	-1	-1	-1	-1	-1	-1	-1	-1	-1	-1	-1	-1	-1	-1	-1	-1	-1	-1	-1	-1	-1	-1	-1	-1	-1	-1	-1	-1	-1	0	1	1	1	1	2	0	1	1	-1	-1	-1	-1	-1	-1	-1	-1	-1	-1	-1	-1
CTR_MGH.CTCAGGGAGTGCGCTC	-1	-1	-1	-1	-1	-1	-1	-1	-1	-1	-1	-1	-1	-1	-1	-1	-1	-1	-1	-1	-1	-1	-1	-1	-1	-1	-1	-1	-1	-1	-1	-1	-1	-1	-1	-1	-1	-1	-1	-1	-1	-1	-1	-1	-1	-1	-1	-1	-1	-1	-1	0	1	1	1	1	0	0	1	1	-1	-1	-1	-1	-1	-1	-1	-1	-1	-1	-1	-1
CTR_MGH.TTTCGATTCCGCTTAC	-1	-1	-1	-1	-1	-1	-1	-1	-1	-1	-1	-1	-1	-1	-1	-1	-1	-1	-1	-1	-1	-1	-1	-1	1	4	0	-1	-1	-1	1	11	0	0	1	6	1	2	0	-1	-1	-1	1	0	1	1	1	1	0	3	1	-1	-1	-1	-1	-1	-1	-1	-1	-1	0	1	4	-1	-1	-1	-1	-1	-1	-1	-1	-1
CTR_MGH.CATTCTAGTCCGGTGT	2	5	0	0	0	0	-1	-1	-1	0	0	0	0	0	0	1	0	0	0	0	0	2	4	0	-1	-1	-1	-1	-1	-1	-1	-1	-1	-1	-1	-1	-1	-1	-1	-1	-1	-1	-1	-1	-1	-1	-1	-1	-1	-1	-1	-1	-1	-1	-1	-1	-1	-1	-1	-1	-1	-1	-1	-1	-1	-1	-1	-1	-1	-1	-1	-1
CTR_MGH.TTTCCTCAGACATAAC	-1	-1	-1	-1	-1	-1	-1	-1	-1	-1	-1	-1	-1	-1	-1	-1	-1	-1	-1	-1	-1	-1	-1	-1	-1	-1	-1	-1	-1	-1	-1	-1	-1	-1	-1	-1	-1	-1	-1	-1	-1	-1	-1	-1	-1	-1	-1	-1	-1	-1	-1	0	1	1	1	1	0	0	1	1	-1	-1	-1	-1	-1	-1	-1	-1	-1	-1	-1	-1
CTR_MGH.CGGGACTGTCCCGTGA	-1	-1	-1	-1	-1	-1	-1	-1	-1	-1	-1	-1	-1	-1	-1	-1	-1	-1	-1	-1	-1	-1	-1	-1	-1	-1	-1	-1	-1	-1	-1	-1	-1	-1	-1	-1	-1	-1	-1	-1	-1	-1	-1	-1	-1	-1	-1	-1	-1	-1	-1	-1	-1	-1	-1	-1	-1	-1	-1	-1	-1	-1	-1	-1	-1	-1	0	0	0	4	1	1
CTR_MGH.CTCTCGATCAGTAGGG	-1	-1	-1	-1	-1	-1	-1	-1	-1	-1	-1	-1	-1	-1	-1	-1	-1	-1	-1	-1	-1	-1	-1	-1	-1	-1	-1	-1	-1	-1	-1	-1	-1	-1	-1	-1	-1	-1	-1	-1	-1	-1	-1	-1	-1	-1	-1	-1	-1	-1	-1	-1	-1	-1	-1	-1	-1	-1	-1	-1	-1	-1	-1	-1	-1	-1	1	0	1	0	1	0
CTR_MGH.AGTGACTAGAGCCGAT	0	0	0	0	0	0	0	0	0	0	0	0	0	0	0	1	0	0	0	0	0	0	0	0	-1	-1	-1	-1	-1	-1	-1	-1	-1	-1	-1	-1	-1	-1	-1	-1	-1	-1	-1	-1	-1	-1	-1	-1	-1	-1	-1	-1	-1	-1	-1	-1	-1	-1	-1	-1	-1	-1	-1	-1	-1	-1	-1	-1	-1	-1	-1	-1
CTR_MGH.TCGGATAGTTGGCCTG	-1	-1	-1	-1	-1	-1	-1	-1	-1	-1	-1	-1	-1	-1	-1	-1	-1	-1	-1	-1	-1	-1	-1	-1	-1	-1	-1	-1	-1	-1	-1	-1	-1	-1	-1	-1	-1	-1	-1	-1	-1	-1	-1	-1	-1	-1	-1	-1	-1	-1	-1	0	1	1	1	1	0	0	1	1	-1	-1	-1	-1	-1	-1	-1	-1	-1	-1	-1	-1
CTR_MGH.TCTGTCGAGGCTGAAC	0	0	0	0	0	0	0	0	0	1	0	0	0	0	0	1	0	0	0	0	0	0	0	0	-1	-1	-1	-1	-1	-1	-1	-1	-1	-1	-1	-1	-1	-1	-1	-1	-1	-1	-1	-1	-1	-1	-1	-1	-1	-1	-1	-1	-1	-1	-1	-1	-1	-1	-1	-1	-1	-1	-1	-1	-1	-1	-1	-1	-1	-1	-1	-1
CTR_MGH.GTTGTCCAGGCTGGAT	-1	-1	-1	-1	-1	-1	-1	-1	-1	-1	-1	-1	-1	-1	-1	-1	-1	-1	-1	-1	-1	-1	-1	-1	-1	-1	-1	1	1	3	0	1	1	1	1	0	-1	-1	-1	1	1	0	-1	-1	-1	1	1	1	1	11	1	-1	-1	-1	-1	-1	-1	-1	-1	-1	0	1	4	0	1	2	-1	-1	-1	-1	-1	-1
CTR_MGH.TTGCCTGAGACCTCCG	-1	-1	-1	-1	-1	-1	-1	-1	-1	-1	-1	-1	-1	-1	-1	-1	-1	-1	-1	-1	-1	-1	-1	-1	-1	-1	-1	-1	-1	-1	-1	-1	-1	-1	-1	-1	-1	-1	-1	-1	-1	-1	-1	-1	-1	-1	-1	-1	-1	-1	-1	0	1	1	1	1	0	0	1	1	-1	-1	-1	-1	-1	-1	-1	-1	-1	-1	-1	-1
CTR_MGH.ACGGGTCTCCTTATAC	-1	-1	-1	-1	-1	-1	-1	-1	-1	-1	-1	-1	-1	-1	-1	-1	-1	-1	-1	-1	-1	-1	-1	-1	-1	-1	-1	-1	-1	-1	-1	-1	-1	-1	-1	-1	-1	-1	-1	-1	-1	-1	-1	-1	-1	-1	-1	-1	-1	-1	-1	-1	-1	-1	-1	-1	-1	-1	-1	-1	-1	-1	-1	-1	-1	-1	0	4	0	5	1	3
CTR_MGH.CGTCAAACACTCTCGT	-1	-1	-1	-1	-1	-1	-1	-1	-1	-1	-1	-1	-1	-1	-1	-1	-1	-1	-1	-1	-1	-1	-1	-1	-1	-1	-1	-1	-1	-1	-1	-1	-1	-1	-1	-1	-1	-1	-1	-1	-1	-1	-1	-1	-1	-1	-1	-1	-1	-1	-1	-1	-1	-1	-1	-1	-1	-1	-1	-1	-1	-1	-1	-1	-1	-1	0	0	0	1	1	0
CTR_MGH.GCATTAGTCCGTTGAA	-1	-1	-1	-1	-1	-1	-1	-1	-1	-1	-1	-1	-1	-1	-1	-1	-1	-1	-1	-1	-1	-1	-1	-1	-1	-1	-1	-1	-1	-1	-1	-1	-1	-1	-1	-1	-1	-1	-1	-1	-1	-1	-1	-1	-1	-1	-1	-1	-1	-1	-1	0	1	1	1	1	0	0	1	1	-1	-1	-1	-1	-1	-1	-1	-1	-1	-1	-1	-1
CTR_MGH.ATTTCACGTACAAGTA	-1	-1	-1	-1	-1	-1	-1	-1	-1	-1	-1	-1	-1	-1	-1	-1	-1	-1	-1	-1	-1	-1	-1	-1	-1	-1	-1	-1	-1	-1	-1	-1	-1	-1	-1	-1	-1	-1	-1	-1	-1	-1	-1	-1	-1	-1	-1	-1	-1	-1	-1	1	1	1	1	1	0	0	1	1	-1	-1	-1	-1	-1	-1	-1	-1	-1	-1	-1	-1
CTR_MGH.CTGTATTAGTGCACCC	-1	-1	-1	-1	-1	-1	-1	-1	-1	-1	-1	-1	-1	-1	-1	-1	-1	-1	-1	-1	-1	-1	-1	-1	-1	-1	-1	-1	-1	-1	1	0	0	-1	-1	-1	1	2	0	1	1	8	1	14	1	1	1	1	5	0	1	-1	-1	-1	-1	-1	-1	-1	-1	-1	1	1	0	0	1	2	-1	-1	-1	-1	-1	-1
CTR_MGH.GGTCACGTCCATGCAA	-1	-1	-1	-1	-1	-1	-1	-1	-1	-1	-1	-1	-1	-1	-1	-1	-1	-1	-1	-1	-1	-1	-1	-1	-1	-1	-1	-1	-1	-1	-1	-1	-1	-1	-1	-1	-1	-1	-1	-1	-1	-1	-1	-1	-1	-1	-1	-1	-1	-1	-1	1	1	1	1	1	0	0	1	1	-1	-1	-1	-1	-1	-1	-1	-1	-1	-1	-1	-1
CTR_MGH.CCACGTTAGCGTCTGC	-1	-1	-1	-1	-1	-1	-1	-1	-1	-1	-1	-1	-1	-1	-1	-1	-1	-1	-1	-1	-1	-1	-1	-1	-1	-1	-1	-1	-1	-1	-1	-1	-1	-1	-1	-1	-1	-1	-1	-1	-1	-1	-1	-1	-1	-1	-1	-1	-1	-1	-1	0	1	1	1	0	0	0	1	1	-1	-1	-1	-1	-1	-1	-1	-1	-1	-1	-1	-1
CTR_MGH.ACCAAACGTAAGCAAT	0	0	0	0	0	0	0	0	0	0	0	0	0	0	0	1	0	0	0	1	0	3	0	0	-1	-1	-1	-1	-1	-1	-1	-1	-1	-1	-1	-1	-1	-1	-1	-1	-1	-1	-1	-1	-1	-1	-1	-1	-1	-1	-1	-1	-1	-1	-1	-1	-1	-1	-1	-1	-1	-1	-1	-1	-1	-1	-1	-1	-1	-1	-1	-1
CTR_MGH.AACAAGAAGACGCTCC	-1	-1	-1	-1	-1	-1	-1	-1	-1	-1	-1	-1	-1	-1	-1	-1	-1	-1	-1	-1	-1	-1	-1	-1	1	0	4	1	1	3	4	1	1	0	2	0	-1	-1	-1	1	1	2	-1	-1	-1	1	1	1	0	3	1	-1	-1	-1	-1	-1	-1	-1	-1	-1	0	1	4	-1	-1	-1	-1	-1	-1	-1	-1	-1
CTR_MGH.AGGGCTCAGCGTGCCT	-1	-1	-1	-1	-1	-1	-1	-1	-1	-1	-1	-1	-1	-1	-1	-1	-1	-1	-1	-1	-1	-1	-1	-1	-1	-1	-1	-1	-1	-1	-1	-1	-1	-1	-1	-1	-1	-1	-1	-1	-1	-1	-1	-1	-1	-1	-1	-1	-1	-1	-1	-1	-1	-1	-1	-1	-1	-1	-1	-1	-1	-1	-1	-1	-1	-1	0	0	0	1	1	0
CTR_MGH.AACCAACGTGACTATC	-1	-1	-1	-1	-1	-1	-1	-1	-1	-1	-1	-1	-1	-1	-1	-1	-1	-1	-1	-1	-1	-1	-1	-1	-1	-1	-1	-1	-1	-1	-1	-1	-1	-1	-1	-1	-1	-1	-1	-1	-1	-1	-1	-1	-1	-1	-1	-1	-1	-1	-1	0	1	1	1	1	0	0	1	1	-1	-1	-1	-1	-1	-1	-1	-1	-1	-1	-1	-1
CTR_MGH.GGAGAACCACATCCCT	-1	-1	-1	-1	-1	-1	-1	-1	-1	-1	-1	-1	-1	-1	-1	-1	-1	-1	-1	-1	-1	-1	-1	-1	-1	-1	-1	-1	-1	-1	-1	-1	-1	-1	-1	-1	-1	-1	-1	-1	-1	-1	-1	-1	-1	-1	-1	-1	-1	-1	-1	0	1	1	1	1	0	0	1	1	-1	-1	-1	-1	-1	-1	-1	-1	-1	-1	-1	-1
CTR_MGH.CTATCCGCAGGTGGAT	-1	-1	-1	-1	-1	-1	-1	-1	-1	-1	-1	-1	-1	-1	-1	-1	-1	-1	-1	-1	-1	-1	-1	-1	-1	-1	-1	-1	-1	-1	-1	-1	-1	-1	-1	-1	-1	-1	-1	-1	-1	-1	-1	-1	-1	-1	-1	-1	-1	-1	-1	-1	-1	-1	-1	-1	-1	-1	-1	-1	-1	-1	-1	-1	-1	-1	1	0	0	0	1	0
CTR_MGH.AATCGTGCAGAGTCAG	-1	-1	-1	-1	-1	-1	-1	-1	-1	-1	-1	-1	-1	-1	-1	-1	-1	-1	-1	-1	-1	-1	-1	-1	-1	-1	-1	-1	-1	-1	-1	-1	-1	-1	-1	-1	-1	-1	-1	-1	-1	-1	-1	-1	-1	-1	-1	-1	-1	-1	-1	0	1	1	-1	-1	-1	0	1	1	-1	-1	-1	-1	-1	-1	-1	-1	-1	-1	-1	-1
CTR_MGH.CGGAGAACACGGTGTC	-1	-1	-1	-1	-1	-1	-1	-1	-1	-1	-1	-1	-1	-1	-1	-1	-1	-1	-1	-1	-1	-1	-1	-1	-1	-1	-1	-1	-1	-1	-1	-1	-1	-1	-1	-1	-1	-1	-1	-1	-1	-1	-1	-1	-1	-1	-1	-1	-1	-1	-1	0	1	1	1	1	0	0	1	1	-1	-1	-1	-1	-1	-1	-1	-1	-1	-1	-1	-1
CTR_MGH.GAGAGGTTCTAGAACC	0	6	0	0	0	0	0	0	0	0	0	0	0	3	0	1	0	0	0	0	0	0	0	0	-1	-1	-1	-1	-1	-1	-1	-1	-1	-1	-1	-1	-1	-1	-1	-1	-1	-1	-1	-1	-1	-1	-1	-1	-1	-1	-1	-1	-1	-1	-1	-1	-1	-1	-1	-1	-1	-1	-1	-1	-1	-1	-1	-1	-1	-1	-1	-1
CTR_MGH.TGTGGCGGTAGAGATT	-1	-1	-1	-1	-1	-1	-1	-1	-1	-1	-1	-1	-1	-1	-1	-1	-1	-1	-1	-1	-1	-1	-1	-1	-1	-1	-1	-1	-1	-1	-1	-1	-1	-1	-1	-1	-1	-1	-1	-1	-1	-1	-1	-1	-1	-1	-1	-1	-1	-1	-1	0	1	1	1	1	0	0	1	1	-1	-1	-1	-1	-1	-1	-1	-1	-1	-1	-1	-1
CTR_MGH.AGCTACACATCGATGT	-1	-1	-1	-1	-1	-1	-1	-1	-1	-1	-1	-1	-1	-1	-1	-1	-1	-1	-1	-1	-1	-1	-1	-1	-1	-1	-1	-1	-1	-1	-1	-1	-1	-1	-1	-1	-1	-1	-1	-1	-1	-1	-1	-1	-1	-1	-1	-1	-1	-1	-1	0	1	1	1	1	0	0	1	1	-1	-1	-1	-1	-1	-1	-1	-1	-1	-1	-1	-1
CTR_MGH.GCTACCTAGGCATCAG	0	12	0	0	0	0	0	0	0	5	0	0	0	0	0	1	0	0	0	1	0	0	0	0	-1	-1	-1	-1	-1	-1	-1	-1	-1	-1	-1	-1	-1	-1	-1	-1	-1	-1	-1	-1	-1	-1	-1	-1	-1	-1	-1	-1	-1	-1	-1	-1	-1	-1	-1	-1	-1	-1	-1	-1	-1	-1	-1	-1	-1	-1	-1	-1
CTR_MGH.ATCACAGCAACGATCT	-1	-1	-1	-1	-1	-1	-1	-1	-1	-1	-1	-1	-1	-1	-1	-1	-1	-1	-1	-1	-1	-1	-1	-1	-1	-1	-1	-1	-1	-1	-1	-1	-1	-1	-1	-1	-1	-1	-1	-1	-1	-1	-1	-1	-1	-1	-1	-1	-1	-1	-1	0	1	1	1	0	0	0	1	1	-1	-1	-1	-1	-1	-1	-1	-1	-1	-1	-1	-1
CTR_MGH.GCTACCTCAATACAGA	-1	-1	-1	-1	-1	-1	-1	-1	-1	-1	-1	-1	-1	-1	-1	-1	-1	-1	-1	-1	-1	-1	-1	-1	-1	-1	-1	-1	-1	-1	-1	-1	-1	-1	-1	-1	-1	-1	-1	-1	-1	-1	-1	-1	-1	-1	-1	-1	-1	-1	-1	0	1	1	1	1	0	0	1	1	-1	-1	-1	-1	-1	-1	-1	-1	-1	-1	-1	-1
CTR_MGH.GTGACGCAGCCACCGT	-1	-1	-1	-1	-1	-1	-1	-1	-1	-1	-1	-1	-1	-1	-1	-1	-1	-1	-1	-1	-1	-1	-1	-1	-1	-1	-1	-1	-1	-1	-1	-1	-1	-1	-1	-1	-1	-1	-1	-1	-1	-1	-1	-1	-1	-1	-1	-1	-1	-1	-1	-1	-1	-1	-1	-1	-1	-1	-1	-1	-1	-1	-1	-1	-1	-1	0	2	0	1	1	0
CTR_MGH.TGAGGAGAGCCAAGCA	-1	-1	-1	-1	-1	-1	-1	-1	-1	-1	-1	-1	-1	-1	-1	-1	-1	-1	-1	-1	-1	-1	-1	-1	-1	-1	-1	-1	-1	-1	-1	-1	-1	-1	-1	-1	-1	-1	-1	-1	-1	-1	-1	-1	-1	-1	-1	-1	-1	-1	-1	0	1	1	1	1	0	0	1	1	-1	-1	-1	-1	-1	-1	-1	-1	-1	-1	-1	-1
CTR_MGH.GGGATGATCCTCACCA	-1	-1	-1	-1	-1	-1	-1	-1	-1	-1	-1	-1	-1	-1	-1	-1	-1	-1	-1	-1	-1	-1	-1	-1	1	0	2	1	1	0	0	0	7	0	1	1	1	0	5	2	2	9	-1	-1	-1	1	1	1	-1	-1	-1	-1	-1	-1	-1	-1	-1	-1	-1	-1	2	1	0	0	1	1	-1	-1	-1	-1	-1	-1
CTR_MGH.GGGTGTCCATACAGCT	-1	-1	-1	-1	-1	-1	-1	-1	-1	-1	-1	-1	-1	-1	-1	-1	-1	-1	-1	-1	-1	-1	-1	-1	-1	-1	-1	-1	-1	-1	-1	-1	-1	-1	-1	-1	-1	-1	-1	-1	-1	-1	-1	-1	-1	-1	-1	-1	-1	-1	-1	0	1	1	-1	-1	-1	0	1	1	-1	-1	-1	-1	-1	-1	-1	-1	-1	-1	-1	-1
CTR_MGH.CAGTTAGTCTGTCAGA	-1	-1	-1	-1	-1	-1	-1	-1	-1	-1	-1	-1	-1	-1	-1	-1	-1	-1	-1	-1	-1	-1	-1	-1	-1	-1	-1	1	1	5	0	1	1	0	1	0	1	0	0	-1	-1	-1	1	15	1	1	1	1	0	12	1	-1	-1	-1	-1	-1	-1	-1	-1	-1	5	2	5	0	1	0	-1	-1	-1	-1	-1	-1
CTR_MGH.TGGTGATCACCATATG	0	6	0	2	4	0	0	0	0	0	0	0	0	3	0	1	0	0	0	0	0	0	0	0	-1	-1	-1	-1	-1	-1	-1	-1	-1	-1	-1	-1	-1	-1	-1	-1	-1	-1	-1	-1	-1	-1	-1	-1	-1	-1	-1	-1	-1	-1	-1	-1	-1	-1	-1	-1	-1	-1	-1	-1	-1	-1	-1	-1	-1	-1	-1	-1
CTR_MGH.TGAGCATTCACTACTT	-1	-1	-1	-1	-1	-1	-1	-1	-1	-1	-1	-1	-1	-1	-1	-1	-1	-1	-1	-1	-1	-1	-1	-1	-1	-1	-1	-1	-1	-1	-1	-1	-1	-1	-1	-1	-1	-1	-1	-1	-1	-1	-1	-1	-1	-1	-1	-1	-1	-1	-1	-1	-1	-1	-1	-1	-1	-1	-1	-1	-1	-1	-1	-1	-1	-1	0	0	0	0	1	0
CTR_MGH.ATCACGACAAATGCGG	-1	-1	-1	-1	-1	-1	-1	-1	-1	-1	-1	-1	-1	-1	-1	-1	-1	-1	-1	-1	-1	-1	-1	-1	-1	-1	-1	1	1	0	3	12	0	0	1	1	1	5	0	1	1	0	1	0	1	1	1	1	1	13	2	-1	-1	-1	-1	-1	-1	-1	-1	-1	0	1	4	1	1	2	-1	-1	-1	-1	-1	-1
CTR_MGH.AGCGCCATCCGATGTA	-1	-1	-1	-1	-1	-1	-1	-1	-1	-1	-1	-1	-1	-1	-1	-1	-1	-1	-1	-1	-1	-1	-1	-1	-1	-1	-1	-1	-1	-1	-1	-1	-1	-1	-1	-1	-1	-1	-1	-1	-1	-1	-1	-1	-1	-1	-1	-1	-1	-1	-1	0	1	1	1	1	2	0	1	1	-1	-1	-1	-1	-1	-1	-1	-1	-1	-1	-1	-1
CTR_MGH.TACCTCGTCACTGTCC	-1	-1	-1	-1	-1	-1	-1	-1	-1	-1	-1	-1	-1	-1	-1	-1	-1	-1	-1	-1	-1	-1	-1	-1	-1	-1	-1	-1	-1	-1	-1	-1	-1	-1	-1	-1	-1	-1	-1	-1	-1	-1	-1	-1	-1	-1	-1	-1	-1	-1	-1	-1	-1	-1	-1	-1	-1	-1	-1	-1	-1	-1	-1	-1	-1	-1	1	5	0	0	1	0
CTR_MGH.CACGTTCAGAGTGACC	-1	-1	-1	-1	-1	-1	-1	-1	-1	-1	-1	-1	-1	-1	-1	-1	-1	-1	-1	-1	-1	-1	-1	-1	-1	-1	-1	-1	-1	-1	-1	-1	-1	-1	-1	-1	-1	-1	-1	-1	-1	-1	-1	-1	-1	-1	-1	-1	-1	-1	-1	0	1	1	1	1	0	3	1	1	-1	-1	-1	-1	-1	-1	-1	-1	-1	-1	-1	-1
CTR_MGH.GCATGATTCGCAGTTA	-1	-1	-1	-1	-1	-1	-1	-1	-1	-1	-1	-1	-1	-1	-1	-1	-1	-1	-1	-1	-1	-1	-1	-1	-1	-1	-1	-1	-1	-1	-1	-1	-1	-1	-1	-1	-1	-1	-1	-1	-1	-1	-1	-1	-1	-1	-1	-1	-1	-1	-1	0	1	1	1	1	0	0	1	1	-1	-1	-1	-1	-1	-1	-1	-1	-1	-1	-1	-1
CTR_MGH.TCATCATGTTGGAGAC	-1	-1	-1	-1	-1	-1	-1	-1	-1	-1	-1	-1	-1	-1	-1	-1	-1	-1	-1	-1	-1	-1	-1	-1	-1	-1	-1	-1	-1	-1	-1	-1	-1	-1	-1	-1	-1	-1	-1	-1	-1	-1	-1	-1	-1	-1	-1	-1	-1	-1	-1	0	1	1	1	1	0	0	1	1	-1	-1	-1	-1	-1	-1	-1	-1	-1	-1	-1	-1
CTR_MGH.CGGGACTGTCCAAGAG	-1	-1	-1	-1	-1	-1	-1	-1	-1	-1	-1	-1	-1	-1	-1	-1	-1	-1	-1	-1	-1	-1	-1	-1	-1	-1	-1	-1	-1	-1	-1	-1	-1	-1	-1	-1	-1	-1	-1	-1	-1	-1	-1	-1	-1	-1	-1	-1	-1	-1	-1	0	1	1	1	1	0	0	1	1	-1	-1	-1	-1	-1	-1	-1	-1	-1	-1	-1	-1
CTR_MGH.GGCGTCAAGCCTAACT	-1	-1	-1	-1	-1	-1	-1	-1	-1	-1	-1	-1	-1	-1	-1	-1	-1	-1	-1	-1	-1	-1	-1	-1	2	2	0	1	1	0	0	8	8	-1	-1	-1	1	9	0	1	1	0	1	8	1	1	1	1	0	14	1	-1	-1	-1	-1	-1	-1	-1	-1	-1	0	1	4	0	2	8	-1	-1	-1	-1	-1	-1
CTR_MGH.CCATCACAGGGAACAA	0	0	0	-1	-1	-1	0	0	0	0	9	0	1	0	0	1	0	0	3	0	0	0	0	0	-1	-1	-1	-1	-1	-1	-1	-1	-1	-1	-1	-1	-1	-1	-1	-1	-1	-1	-1	-1	-1	-1	-1	-1	-1	-1	-1	-1	-1	-1	-1	-1	-1	-1	-1	-1	-1	-1	-1	-1	-1	-1	-1	-1	-1	-1	-1	-1
CTR_MGH.ATACTTCGTGCAAGAC	0	0	0	0	0	0	0	0	0	0	0	0	0	0	0	1	1	0	0	1	0	0	0	0	-1	-1	-1	-1	-1	-1	-1	-1	-1	-1	-1	-1	-1	-1	-1	-1	-1	-1	-1	-1	-1	-1	-1	-1	-1	-1	-1	-1	-1	-1	-1	-1	-1	-1	-1	-1	-1	-1	-1	-1	-1	-1	-1	-1	-1	-1	-1	-1
CTR_MGH.GGTCTGGAGACTCATC	0	12	0	-1	-1	-1	0	0	0	-1	-1	-1	0	0	0	1	0	0	-1	-1	-1	0	10	0	-1	-1	-1	-1	-1	-1	-1	-1	-1	-1	-1	-1	-1	-1	-1	-1	-1	-1	-1	-1	-1	-1	-1	-1	-1	-1	-1	-1	-1	-1	-1	-1	-1	-1	-1	-1	-1	-1	-1	-1	-1	-1	-1	-1	-1	-1	-1	-1
CTR_MGH.AACGTCAAGGCTCTAT	-1	-1	-1	-1	-1	-1	-1	-1	-1	-1	-1	-1	-1	-1	-1	-1	-1	-1	-1	-1	-1	-1	-1	-1	-1	-1	-1	-1	-1	-1	-1	-1	-1	-1	-1	-1	-1	-1	-1	-1	-1	-1	-1	-1	-1	-1	-1	-1	-1	-1	-1	-1	-1	-1	-1	-1	-1	-1	-1	-1	-1	-1	-1	-1	-1	-1	0	2	0	1	1	0
CTR_MGH.TCGACCTTCTCTCGCA	-1	-1	-1	-1	-1	-1	-1	-1	-1	-1	-1	-1	-1	-1	-1	-1	-1	-1	-1	-1	-1	-1	-1	-1	1	9	0	1	1	0	0	7	0	-1	-1	-1	1	1	1	1	1	0	1	0	1	1	1	1	0	2	1	-1	-1	-1	-1	-1	-1	-1	-1	-1	0	1	0	0	1	0	-1	-1	-1	-1	-1	-1
CTR_MGH.GATAGAATCCGAACGC	-1	-1	-1	-1	-1	-1	-1	-1	-1	-1	-1	-1	-1	-1	-1	-1	-1	-1	-1	-1	-1	-1	-1	-1	-1	-1	-1	-1	-1	-1	-1	-1	-1	-1	-1	-1	-1	-1	-1	-1	-1	-1	-1	-1	-1	-1	-1	-1	-1	-1	-1	0	1	1	1	1	0	0	1	1	-1	-1	-1	-1	-1	-1	-1	-1	-1	-1	-1	-1
CTR_MGH.GTCTACCAGGGTTAAT	0	0	0	0	5	0	0	0	0	0	0	0	0	0	0	1	0	0	0	1	0	0	6	0	-1	-1	-1	-1	-1	-1	-1	-1	-1	-1	-1	-1	-1	-1	-1	-1	-1	-1	-1	-1	-1	-1	-1	-1	-1	-1	-1	-1	-1	-1	-1	-1	-1	-1	-1	-1	-1	-1	-1	-1	-1	-1	-1	-1	-1	-1	-1	-1
CTR_MGH.GTGTTCCAGCATGAAT	-1	-1	-1	-1	-1	-1	-1	-1	-1	-1	-1	-1	-1	-1	-1	-1	-1	-1	-1	-1	-1	-1	-1	-1	1	1	0	1	1	1	0	1	1	-1	-1	-1	1	0	2	1	1	0	1	1	1	1	1	1	1	0	1	-1	-1	-1	-1	-1	-1	-1	-1	-1	0	1	0	0	1	0	-1	-1	-1	-1	-1	-1
CTR_MGH.GAGATGGTCGCTTGCT	-1	-1	-1	-1	-1	-1	-1	-1	-1	-1	-1	-1	-1	-1	-1	-1	-1	-1	-1	-1	-1	-1	-1	-1	1	5	2	1	1	0	5	13	0	0	1	3	1	5	0	-1	-1	-1	1	0	1	1	1	1	1	0	1	-1	-1	-1	-1	-1	-1	-1	-1	-1	0	1	4	3	1	0	-1	-1	-1	-1	-1	-1
CTR_MGH.TGCTCGTCACTAAACC	-1	-1	-1	-1	-1	-1	-1	-1	-1	-1	-1	-1	-1	-1	-1	-1	-1	-1	-1	-1	-1	-1	-1	-1	-1	-1	-1	-1	-1	-1	-1	-1	-1	-1	-1	-1	-1	-1	-1	-1	-1	-1	-1	-1	-1	-1	-1	-1	-1	-1	-1	0	1	1	1	1	0	0	1	1	-1	-1	-1	-1	-1	-1	-1	-1	-1	-1	-1	-1
CTR_MGH.CGGACACTCATCTCTA	-1	-1	-1	-1	-1	-1	-1	-1	-1	-1	-1	-1	-1	-1	-1	-1	-1	-1	-1	-1	-1	-1	-1	-1	-1	-1	-1	-1	-1	-1	-1	-1	-1	-1	-1	-1	-1	-1	-1	-1	-1	-1	-1	-1	-1	-1	-1	-1	-1	-1	-1	1	1	1	1	1	0	0	1	1	-1	-1	-1	-1	-1	-1	-1	-1	-1	-1	-1	-1
CTR_MGH.AAGCGTTTCCATTGCC	-1	-1	-1	-1	-1	-1	-1	-1	-1	-1	-1	-1	-1	-1	-1	-1	-1	-1	-1	-1	-1	-1	-1	-1	-1	-1	-1	-1	-1	-1	-1	-1	-1	-1	-1	-1	-1	-1	-1	-1	-1	-1	-1	-1	-1	-1	-1	-1	-1	-1	-1	-1	-1	-1	-1	-1	-1	-1	-1	-1	-1	-1	-1	-1	-1	-1	2	6	0	0	1	0
CTR_MGH.TGCACGGGTTCCAAAC	0	0	0	0	0	0	0	0	0	1	0	0	0	0	0	1	0	0	0	0	0	1	0	0	-1	-1	-1	-1	-1	-1	-1	-1	-1	-1	-1	-1	-1	-1	-1	-1	-1	-1	-1	-1	-1	-1	-1	-1	-1	-1	-1	-1	-1	-1	-1	-1	-1	-1	-1	-1	-1	-1	-1	-1	-1	-1	-1	-1	-1	-1	-1	-1
CTR_MGH.TCCATGCTCTAGATCG	-1	-1	-1	-1	-1	-1	-1	-1	-1	-1	-1	-1	-1	-1	-1	-1	-1	-1	-1	-1	-1	-1	-1	-1	-1	-1	-1	-1	-1	-1	-1	-1	-1	-1	-1	-1	-1	-1	-1	-1	-1	-1	-1	-1	-1	-1	-1	-1	-1	-1	-1	0	1	1	-1	-1	-1	0	1	1	-1	-1	-1	-1	-1	-1	-1	-1	-1	-1	-1	-1
CTR_MGH.TTCTAGTTCCAGCTCT	-1	-1	-1	-1	-1	-1	-1	-1	-1	-1	-1	-1	-1	-1	-1	-1	-1	-1	-1	-1	-1	-1	-1	-1	1	10	0	1	1	0	1	3	3	1	1	0	1	1	1	1	1	1	1	2	1	1	1	1	1	2	1	-1	-1	-1	-1	-1	-1	-1	-1	-1	0	1	2	-1	-1	-1	-1	-1	-1	-1	-1	-1
CTR_MGH.AATGAAGGTTAGGACG	-1	-1	-1	-1	-1	-1	-1	-1	-1	-1	-1	-1	-1	-1	-1	-1	-1	-1	-1	-1	-1	-1	-1	-1	1	0	3	-1	-1	-1	1	0	6	0	1	0	1	2	0	1	1	0	-1	-1	-1	1	1	1	0	3	1	-1	-1	-1	-1	-1	-1	-1	-1	-1	0	1	0	1	1	2	-1	-1	-1	-1	-1	-1
CTR_MGH.AGCGTCGCACCAGCTG	0	0	0	0	6	0	0	0	0	0	4	0	0	0	0	1	0	0	0	0	0	0	0	0	-1	-1	-1	-1	-1	-1	-1	-1	-1	-1	-1	-1	-1	-1	-1	-1	-1	-1	-1	-1	-1	-1	-1	-1	-1	-1	-1	-1	-1	-1	-1	-1	-1	-1	-1	-1	-1	-1	-1	-1	-1	-1	-1	-1	-1	-1	-1	-1
CTR_MGH.TGTTCCGCACCGTACG	0	10	0	0	0	0	0	0	0	0	0	0	0	0	0	1	0	0	0	0	0	0	6	0	-1	-1	-1	-1	-1	-1	-1	-1	-1	-1	-1	-1	-1	-1	-1	-1	-1	-1	-1	-1	-1	-1	-1	-1	-1	-1	-1	-1	-1	-1	-1	-1	-1	-1	-1	-1	-1	-1	-1	-1	-1	-1	-1	-1	-1	-1	-1	-1
CTR_MGH.GTGAGCCGTGGTCTGC	0	0	0	0	0	0	0	4	0	0	0	0	0	8	0	-1	-1	-1	0	0	0	0	0	0	-1	-1	-1	-1	-1	-1	-1	-1	-1	-1	-1	-1	-1	-1	-1	-1	-1	-1	-1	-1	-1	-1	-1	-1	-1	-1	-1	-1	-1	-1	-1	-1	-1	-1	-1	-1	-1	-1	-1	-1	-1	-1	-1	-1	-1	-1	-1	-1
CTR_MGH.CATGAGTTCCCACAGG	-1	-1	-1	-1	-1	-1	-1	-1	-1	-1	-1	-1	-1	-1	-1	-1	-1	-1	-1	-1	-1	-1	-1	-1	-1	-1	-1	-1	-1	-1	-1	-1	-1	-1	-1	-1	-1	-1	-1	-1	-1	-1	-1	-1	-1	-1	-1	-1	-1	-1	-1	2	1	1	1	1	0	0	1	1	-1	-1	-1	-1	-1	-1	-1	-1	-1	-1	-1	-1
CTR_MGH.GATAGAACAGGTTTAC	0	12	0	0	0	0	-1	-1	-1	0	0	0	0	0	0	1	0	0	0	0	0	0	10	0	-1	-1	-1	-1	-1	-1	-1	-1	-1	-1	-1	-1	-1	-1	-1	-1	-1	-1	-1	-1	-1	-1	-1	-1	-1	-1	-1	-1	-1	-1	-1	-1	-1	-1	-1	-1	-1	-1	-1	-1	-1	-1	-1	-1	-1	-1	-1	-1
CTR_MGH.TACTTGTAGTGGTGGT	-1	-1	-1	-1	-1	-1	-1	-1	-1	-1	-1	-1	-1	-1	-1	-1	-1	-1	-1	-1	-1	-1	-1	-1	-1	-1	-1	-1	-1	-1	-1	-1	-1	-1	-1	-1	-1	-1	-1	-1	-1	-1	-1	-1	-1	-1	-1	-1	-1	-1	-1	-1	-1	-1	-1	-1	-1	-1	-1	-1	-1	-1	-1	-1	-1	-1	1	0	0	0	1	1
CTR_MGH.AGGTCATCAAAGGCGT	-1	-1	-1	-1	-1	-1	-1	-1	-1	-1	-1	-1	-1	-1	-1	-1	-1	-1	-1	-1	-1	-1	-1	-1	-1	-1	-1	-1	-1	-1	-1	-1	-1	-1	-1	-1	-1	-1	-1	-1	-1	-1	-1	-1	-1	-1	-1	-1	-1	-1	-1	0	1	1	1	1	0	0	1	1	-1	-1	-1	-1	-1	-1	-1	-1	-1	-1	-1	-1
CTR_MGH.TGGGCTGAGTCAAGCG	-1	-1	-1	-1	-1	-1	-1	-1	-1	-1	-1	-1	-1	-1	-1	-1	-1	-1	-1	-1	-1	-1	-1	-1	-1	-1	-1	-1	-1	-1	-1	-1	-1	-1	-1	-1	-1	-1	-1	-1	-1	-1	-1	-1	-1	-1	-1	-1	-1	-1	-1	0	1	1	1	1	0	0	1	1	-1	-1	-1	-1	-1	-1	-1	-1	-1	-1	-1	-1
CTR_MGH.GCGGAAAAGTAGTCAA	-1	-1	-1	-1	-1	-1	-1	-1	-1	-1	-1	-1	-1	-1	-1	-1	-1	-1	-1	-1	-1	-1	-1	-1	-1	-1	-1	-1	-1	-1	-1	-1	-1	-1	-1	-1	-1	-1	-1	-1	-1	-1	-1	-1	-1	-1	-1	-1	-1	-1	-1	0	1	1	1	1	0	1	1	1	-1	-1	-1	-1	-1	-1	-1	-1	-1	-1	-1	-1
CTR_MGH.TGTTCATCAGAGATTA	-1	-1	-1	-1	-1	-1	-1	-1	-1	-1	-1	-1	-1	-1	-1	-1	-1	-1	-1	-1	-1	-1	-1	-1	-1	-1	-1	-1	-1	-1	-1	-1	-1	-1	-1	-1	-1	-1	-1	-1	-1	-1	-1	-1	-1	-1	-1	-1	-1	-1	-1	0	1	1	1	1	0	0	1	1	-1	-1	-1	-1	-1	-1	-1	-1	-1	-1	-1	-1
CTR_MGH.TGCATCCAGGAAGTCC	-1	-1	-1	-1	-1	-1	-1	-1	-1	-1	-1	-1	-1	-1	-1	-1	-1	-1	-1	-1	-1	-1	-1	-1	-1	-1	-1	-1	-1	-1	-1	-1	-1	-1	-1	-1	-1	-1	-1	-1	-1	-1	-1	-1	-1	-1	-1	-1	-1	-1	-1	0	1	1	1	1	0	0	1	1	-1	-1	-1	-1	-1	-1	-1	-1	-1	-1	-1	-1
CTR_MGH.TCTGGCTCACCAGCCA	-1	-1	-1	-1	-1	-1	-1	-1	-1	-1	-1	-1	-1	-1	-1	-1	-1	-1	-1	-1	-1	-1	-1	-1	-1	-1	-1	-1	-1	-1	-1	-1	-1	-1	-1	-1	-1	-1	-1	-1	-1	-1	-1	-1	-1	-1	-1	-1	-1	-1	-1	-1	-1	-1	-1	-1	-1	-1	-1	-1	-1	-1	-1	-1	-1	-1	0	0	0	0	1	1
CTR_MGH.ACCATTTTCGACATAC	-1	-1	-1	-1	-1	-1	-1	-1	-1	-1	-1	-1	-1	-1	-1	-1	-1	-1	-1	-1	-1	-1	-1	-1	-1	-1	-1	-1	-1	-1	-1	-1	-1	-1	-1	-1	-1	-1	-1	-1	-1	-1	-1	-1	-1	-1	-1	-1	-1	-1	-1	-1	-1	-1	-1	-1	-1	-1	-1	-1	-1	-1	-1	-1	-1	-1	0	2	0	1	1	0
CTR_MGH.TCAGCAAAGAGCAGAA	-1	-1	-1	-1	-1	-1	-1	-1	-1	-1	-1	-1	-1	-1	-1	-1	-1	-1	-1	-1	-1	-1	-1	-1	-1	-1	-1	-1	-1	-1	-1	-1	-1	-1	-1	-1	-1	-1	-1	-1	-1	-1	-1	-1	-1	-1	-1	-1	-1	-1	-1	-1	-1	-1	-1	-1	-1	-1	-1	-1	-1	-1	-1	-1	-1	-1	0	2	0	1	1	0
CTR_MGH.CATGGTATCACCTCTG	-1	-1	-1	3	0	0	0	5	0	0	0	0	-1	-1	-1	1	0	0	0	0	0	-1	-1	-1	-1	-1	-1	-1	-1	-1	-1	-1	-1	-1	-1	-1	-1	-1	-1	-1	-1	-1	-1	-1	-1	-1	-1	-1	-1	-1	-1	-1	-1	-1	-1	-1	-1	-1	-1	-1	-1	-1	-1	-1	-1	-1	-1	-1	-1	-1	-1	-1
CTR_MGH.AGGTTACGTCGAGATG	-1	-1	-1	-1	-1	-1	-1	-1	-1	-1	-1	-1	-1	-1	-1	-1	-1	-1	-1	-1	-1	-1	-1	-1	-1	-1	-1	-1	-1	-1	-1	-1	-1	-1	-1	-1	-1	-1	-1	-1	-1	-1	-1	-1	-1	-1	-1	-1	-1	-1	-1	-1	-1	-1	-1	-1	-1	-1	-1	-1	-1	-1	-1	-1	-1	-1	0	0	0	6	1	0
CTR_MGH.CCCTTAGTCGGAATGG	-1	-1	-1	-1	-1	-1	-1	-1	-1	-1	-1	-1	-1	-1	-1	-1	-1	-1	-1	-1	-1	-1	-1	-1	-1	-1	-1	-1	-1	-1	-1	-1	-1	-1	-1	-1	-1	-1	-1	-1	-1	-1	-1	-1	-1	-1	-1	-1	-1	-1	-1	-1	-1	-1	-1	-1	-1	-1	-1	-1	-1	-1	-1	-1	-1	-1	0	0	0	7	1	0
CTR_MGH.TACGTCCTCCTCACTG	-1	-1	-1	-1	-1	-1	-1	-1	-1	-1	-1	-1	-1	-1	-1	-1	-1	-1	-1	-1	-1	-1	-1	-1	-1	-1	-1	-1	-1	-1	-1	-1	-1	-1	-1	-1	-1	-1	-1	-1	-1	-1	-1	-1	-1	-1	-1	-1	-1	-1	-1	-1	-1	-1	-1	-1	-1	-1	-1	-1	-1	-1	-1	-1	-1	-1	0	2	0	1	1	0
