	r1	r2	r3	r4	r5	r6	r7	r8	r9	r10	r11	r12	r13	r14	r15	r16	r17	r18	r19	r20	r21	r22	r23	r24	r25	r26	r27	r28	r29	r30	r31	r32	r33	r34	r35	r36	r37	r38	r39	r40	r41	r42	r43	r44	r45	r46	r47	r48	r49	r50	r51	r52	r53	r54	r55	r56	r57	r58	r59	r60	r61	r62	r63	r64	r65	r66	r67	r68	r69	r70	r71	r72	r73	r74	r75	r76	r77	r78	r79	r80	r81	r82	r83	r84	r85	r86	r87	r88	r89	r90	r91	r92	r93
NMI_MGH.CACAGGCAGATGAATC	0	0	0	0	0	0	1	0	0	0	0	0	0	0	0	1	0	0	0	1	1	0	0	0	-1	-1	-1	-1	-1	-1	-1	-1	-1	-1	-1	-1	-1	-1	-1	-1	-1	-1	-1	-1	-1	-1	-1	-1	-1	-1	-1	-1	-1	-1	-1	-1	-1	-1	-1	-1	-1	-1	-1	-1	-1	-1	-1	-1	-1	-1	-1	-1	-1	-1	-1	-1	-1	-1	-1	-1	-1	-1	-1	-1	-1	-1	-1	-1	-1	-1	-1	-1	-1
NMI_MGH.CCGATGGCATAGTCAC	0	0	0	0	0	0	0	0	0	0	0	0	1	0	0	-1	-1	-1	-1	-1	-1	0	0	0	1	1	0	0	1	1	1	1	1	0	1	1	-1	-1	-1	-1	-1	-1	-1	-1	-1	-1	-1	-1	-1	-1	-1	-1	-1	-1	-1	-1	-1	-1	-1	-1	-1	-1	-1	-1	-1	-1	-1	-1	-1	-1	-1	-1	-1	-1	-1	-1	-1	-1	-1	-1	-1	-1	-1	-1	-1	-1	-1	-1	-1	-1	-1	-1	-1
NMI_MGH.GGGACCTAGAGTGAAG	0	0	0	0	0	0	0	0	0	0	0	0	0	0	0	-1	-1	-1	-1	-1	-1	0	0	0	-1	-1	-1	-1	-1	-1	-1	-1	-1	-1	-1	-1	1	1	0	-1	-1	-1	-1	-1	-1	-1	-1	-1	-1	-1	-1	-1	-1	-1	-1	-1	-1	-1	-1	-1	-1	-1	-1	-1	-1	-1	-1	-1	-1	-1	-1	-1	-1	-1	-1	-1	-1	-1	-1	-1	-1	-1	-1	-1	-1	-1	-1	-1	-1	-1	-1	-1	-1
NMI_MGH.GGTTGTATCCTTTAGT	0	1	0	0	0	0	0	0	0	0	0	0	1	0	0	-1	-1	-1	-1	-1	-1	0	0	0	-1	-1	-1	-1	-1	-1	-1	-1	-1	0	0	2	-1	-1	-1	0	1	1	0	1	1	-1	-1	-1	-1	-1	-1	-1	-1	-1	-1	-1	-1	-1	-1	-1	-1	-1	-1	-1	-1	-1	-1	-1	-1	-1	-1	-1	-1	-1	-1	-1	-1	-1	-1	-1	-1	-1	-1	-1	-1	-1	-1	-1	-1	-1	-1	-1	-1
NMI_MGH.GGGCTACAGGTTACAA	1	0	0	0	0	0	0	0	0	0	0	0	0	0	0	-1	-1	-1	0	1	1	0	0	0	-1	-1	-1	-1	-1	-1	-1	-1	-1	-1	-1	-1	-1	-1	-1	-1	-1	-1	-1	-1	-1	-1	-1	-1	-1	-1	-1	-1	-1	-1	-1	-1	-1	-1	-1	-1	-1	-1	-1	-1	-1	-1	-1	-1	-1	-1	-1	-1	-1	-1	-1	-1	-1	-1	-1	-1	-1	-1	-1	-1	-1	-1	-1	-1	-1	-1	-1	-1	-1
NMI_MGH.AATGGCTAGAGCCGTA	0	0	0	0	0	0	0	0	0	0	0	0	1	0	0	-1	-1	-1	-1	-1	-1	0	0	0	-1	-1	-1	0	2	2	-1	-1	-1	-1	-1	-1	-1	-1	-1	-1	-1	-1	-1	-1	-1	0	1	1	0	0	0	-1	-1	-1	-1	-1	-1	-1	-1	-1	-1	-1	-1	-1	-1	-1	-1	-1	-1	-1	-1	-1	-1	-1	-1	-1	-1	-1	-1	-1	-1	-1	-1	-1	-1	-1	-1	-1	-1	-1	-1	-1	-1
NMI_MGH.GACCAATAGTACCCTA	1	0	0	0	0	0	0	0	0	0	0	0	0	0	0	-1	-1	-1	-1	-1	-1	0	0	0	-1	-1	-1	1	2	2	-1	-1	-1	-1	-1	-1	-1	-1	-1	-1	-1	-1	-1	-1	-1	-1	-1	-1	-1	-1	-1	0	1	1	0	1	1	0	0	1	-1	-1	-1	-1	-1	-1	-1	-1	-1	-1	-1	-1	-1	-1	-1	-1	-1	-1	-1	-1	-1	-1	-1	-1	-1	-1	-1	-1	-1	-1	-1	-1	-1
NMI_MGH.AATTCCTCAACAAGAT	1	0	0	0	0	0	0	0	0	0	0	0	0	0	0	-1	-1	-1	-1	-1	-1	0	0	0	-1	-1	-1	0	2	2	-1	-1	-1	-1	-1	-1	-1	-1	-1	-1	-1	-1	-1	-1	-1	-1	-1	-1	-1	-1	-1	0	1	1	-1	-1	-1	-1	-1	-1	1	1	0	1	0	0	-1	-1	-1	-1	-1	-1	-1	-1	-1	-1	-1	-1	-1	-1	-1	-1	-1	-1	-1	-1	-1	-1	-1	-1	-1	-1	-1
NMI_MGH.AACGTCAGTTTACCAG	0	0	0	-1	-1	-1	0	1	1	1	0	0	1	0	0	-1	-1	-1	-1	-1	-1	1	1	1	-1	-1	-1	-1	-1	-1	-1	-1	-1	-1	-1	-1	-1	-1	-1	1	2	0	-1	-1	-1	0	1	1	-1	-1	-1	-1	-1	-1	0	1	1	-1	-1	-1	-1	-1	-1	-1	-1	-1	-1	-1	-1	-1	-1	-1	-1	-1	-1	-1	-1	-1	-1	-1	-1	-1	-1	-1	-1	-1	-1	-1	-1	-1	-1	-1	-1
NMI_MGH.GATCAGTAGAGAGCAA	0	0	0	0	0	0	0	0	0	0	0	0	0	0	0	-1	-1	-1	0	1	1	0	0	0	-1	-1	-1	-1	-1	-1	-1	-1	-1	-1	-1	-1	-1	-1	-1	-1	-1	-1	-1	-1	-1	-1	-1	-1	-1	-1	-1	-1	-1	-1	-1	-1	-1	-1	-1	-1	1	1	1	-1	-1	-1	1	0	1	-1	-1	-1	-1	-1	-1	-1	-1	-1	-1	-1	-1	-1	-1	-1	-1	-1	-1	-1	-1	-1	-1	-1	-1
NMI_MGH.AGCGTCGTCGCATAGT	0	0	0	0	0	0	0	0	0	0	0	0	1	0	0	-1	-1	-1	-1	-1	-1	0	0	0	-1	-1	-1	-1	-1	-1	-1	-1	-1	-1	-1	-1	-1	-1	-1	-1	-1	-1	-1	-1	-1	-1	-1	-1	-1	-1	-1	-1	-1	-1	-1	-1	-1	-1	-1	-1	-1	-1	-1	-1	-1	-1	-1	-1	-1	0	1	1	-1	-1	-1	-1	-1	-1	-1	-1	-1	-1	-1	-1	-1	-1	-1	-1	-1	-1	-1	-1	-1
NMI_MGH.TTTACCAGTTGCTCAA	0	0	0	0	0	0	0	0	0	0	0	0	1	0	0	-1	-1	-1	-1	-1	-1	0	0	0	-1	-1	-1	-1	-1	-1	-1	-1	-1	-1	-1	-1	-1	-1	-1	-1	-1	-1	-1	-1	-1	-1	-1	-1	-1	-1	-1	-1	-1	-1	-1	-1	-1	-1	-1	-1	-1	-1	-1	-1	-1	-1	-1	-1	-1	-1	-1	-1	0	1	1	1	1	0	-1	-1	-1	-1	-1	-1	-1	-1	-1	-1	-1	-1	-1	-1	-1
NMI_MGH.ATTCTACGTACAGAAT	0	0	0	0	0	0	0	0	0	0	0	0	1	0	0	-1	-1	-1	-1	-1	-1	0	0	0	-1	-1	-1	-1	-1	-1	-1	-1	-1	-1	-1	-1	-1	-1	-1	-1	-1	-1	-1	-1	-1	-1	-1	-1	-1	-1	-1	-1	-1	-1	-1	-1	-1	-1	-1	-1	-1	-1	-1	-1	-1	-1	-1	-1	-1	-1	-1	-1	-1	-1	-1	-1	-1	-1	-1	-1	-1	-1	-1	-1	-1	-1	-1	-1	-1	-1	-1	-1	-1
NMI_MGH.CTCTGGTTCTGCTGAA	0	0	0	0	0	0	0	0	0	0	0	0	0	0	0	-1	-1	-1	-1	-1	-1	0	0	0	-1	-1	-1	-1	-1	-1	0	2	1	-1	-1	-1	-1	-1	-1	-1	-1	-1	-1	-1	-1	-1	-1	-1	-1	-1	-1	-1	-1	-1	-1	-1	-1	1	0	1	-1	-1	-1	-1	-1	-1	-1	-1	-1	0	1	0	-1	-1	-1	-1	-1	-1	-1	-1	-1	-1	-1	-1	-1	-1	-1	-1	-1	-1	-1	-1	-1
NMI_MGH.ATGTCTTTCCACGGGT	0	0	0	0	0	0	0	0	0	0	0	0	0	0	0	-1	-1	-1	-1	-1	-1	0	0	0	-1	-1	-1	-1	-1	-1	-1	-1	-1	-1	-1	-1	1	1	0	-1	-1	-1	-1	-1	-1	0	1	1	-1	-1	-1	-1	-1	-1	-1	-1	-1	-1	-1	-1	1	1	0	-1	-1	-1	-1	-1	-1	-1	-1	-1	-1	-1	-1	-1	-1	-1	0	1	1	0	0	0	-1	-1	-1	-1	-1	-1	-1	-1	-1
NMI_MGH.TTCATGTGTACGTGTT	0	0	0	0	0	0	0	0	0	0	1	0	0	0	0	-1	-1	-1	-1	-1	-1	0	0	0	-1	-1	-1	-1	-1	-1	-1	-1	-1	-1	-1	-1	-1	-1	-1	-1	-1	-1	-1	-1	-1	-1	-1	-1	-1	-1	-1	-1	-1	-1	-1	-1	-1	-1	-1	-1	1	1	1	-1	-1	-1	-1	-1	-1	0	1	0	-1	-1	-1	-1	-1	-1	-1	-1	-1	-1	-1	-1	-1	-1	-1	-1	-1	-1	-1	-1	-1
NMI_MGH.GTGAGCCTCCGTCAAA	0	1	0	0	0	0	0	0	0	0	0	0	1	0	0	-1	-1	-1	-1	-1	-1	0	0	0	-1	-1	-1	-1	-1	-1	-1	-1	-1	-1	-1	-1	-1	-1	-1	-1	-1	-1	-1	-1	-1	-1	-1	-1	-1	-1	-1	-1	-1	-1	-1	-1	-1	-1	-1	-1	-1	-1	-1	-1	-1	-1	-1	-1	-1	-1	-1	-1	-1	-1	-1	-1	-1	-1	0	1	0	-1	-1	-1	-1	-1	-1	-1	-1	-1	-1	-1	-1
NMI_MGH.TGGATCATCTTACCGC	0	0	0	0	0	0	0	0	0	-1	-1	-1	1	0	0	-1	-1	-1	-1	-1	-1	0	0	0	-1	-1	-1	-1	-1	-1	0	3	1	-1	-1	-1	-1	-1	-1	-1	-1	-1	-1	-1	-1	-1	-1	-1	-1	-1	-1	-1	-1	-1	-1	-1	-1	-1	-1	-1	-1	-1	-1	-1	-1	-1	-1	-1	-1	-1	-1	-1	-1	-1	-1	-1	-1	-1	-1	-1	-1	0	0	0	1	1	1	-1	-1	-1	-1	-1	-1
NMI_MGH.ATGACCAGTATCCCTC	0	0	0	0	0	0	0	0	0	0	2	0	1	0	0	-1	-1	-1	-1	-1	-1	0	0	0	-1	-1	-1	-1	-1	-1	0	4	1	-1	-1	-1	-1	-1	-1	-1	-1	-1	-1	-1	-1	-1	-1	-1	-1	-1	-1	-1	-1	-1	-1	-1	-1	-1	-1	-1	-1	-1	-1	-1	-1	-1	-1	-1	-1	0	1	0	-1	-1	-1	-1	-1	-1	-1	-1	-1	-1	-1	-1	-1	-1	-1	-1	-1	-1	-1	-1	-1
NMI_MGH.GACATCAGTGACGTCC	0	0	0	0	0	0	0	0	0	0	0	0	-1	-1	-1	-1	-1	-1	-1	-1	-1	0	0	0	-1	-1	-1	-1	-1	-1	0	4	1	0	0	0	-1	-1	-1	-1	-1	-1	-1	-1	-1	-1	-1	-1	-1	-1	-1	-1	-1	-1	-1	-1	-1	-1	-1	-1	-1	-1	-1	-1	-1	-1	-1	-1	-1	-1	-1	-1	-1	-1	-1	-1	-1	-1	-1	-1	-1	-1	-1	-1	-1	-1	-1	-1	-1	-1	-1	-1	-1
NMI_MGH.TGACGCGCAGGCTATT	0	0	0	0	0	0	0	0	0	0	0	0	-1	-1	-1	-1	-1	-1	-1	-1	-1	0	0	0	1	1	0	-1	-1	-1	-1	-1	-1	-1	-1	-1	2	1	0	-1	-1	-1	-1	-1	-1	-1	-1	-1	-1	-1	-1	-1	-1	-1	-1	-1	-1	-1	-1	-1	-1	-1	-1	1	0	0	-1	-1	-1	-1	-1	-1	-1	-1	-1	-1	-1	-1	0	1	2	-1	-1	-1	-1	-1	-1	-1	-1	-1	-1	-1	-1
NMI_MGH.TGACCCTCATCCGTGG	0	0	0	0	0	0	0	0	0	-1	-1	-1	1	0	0	-1	-1	-1	-1	-1	-1	0	0	0	-1	-1	-1	-1	-1	-1	-1	-1	-1	-1	-1	-1	-1	-1	-1	-1	-1	-1	-1	-1	-1	-1	-1	-1	-1	-1	-1	-1	-1	-1	-1	-1	-1	-1	-1	-1	-1	-1	-1	-1	-1	-1	-1	-1	-1	-1	-1	-1	-1	-1	-1	-1	-1	-1	-1	-1	-1	-1	-1	-1	-1	-1	-1	1	0	0	-1	-1	-1
NMI_MGH.ATGTCCCCAATACAGA	0	0	0	0	0	0	0	0	0	0	0	0	1	0	0	-1	-1	-1	-1	-1	-1	0	0	0	-1	-1	-1	-1	-1	-1	-1	-1	-1	-1	-1	-1	-1	-1	-1	0	2	0	-1	-1	-1	-1	-1	-1	-1	-1	-1	0	1	1	-1	-1	-1	-1	-1	-1	-1	-1	-1	-1	-1	-1	-1	-1	-1	-1	-1	-1	-1	-1	-1	1	1	0	-1	-1	-1	-1	-1	-1	-1	-1	-1	-1	-1	-1	-1	-1	-1
NMI_MGH.TTCGGTCAGTATAGGT	0	0	0	0	0	0	0	0	0	0	0	0	1	0	0	-1	-1	-1	-1	-1	-1	0	0	0	-1	-1	-1	-1	-1	-1	-1	-1	-1	-1	-1	-1	-1	-1	-1	-1	-1	-1	-1	-1	-1	-1	-1	-1	-1	-1	-1	-1	-1	-1	-1	-1	-1	0	0	1	1	1	0	-1	-1	-1	-1	-1	-1	-1	-1	-1	-1	-1	-1	-1	-1	-1	-1	-1	-1	-1	-1	-1	-1	-1	-1	-1	-1	-1	-1	-1	-1
NMI_MGH.ACTGTCCTCGCAAGAG	1	0	0	0	0	0	0	0	0	0	0	0	0	0	0	-1	-1	-1	-1	-1	-1	0	0	0	-1	-1	-1	-1	-1	-1	-1	-1	-1	0	2	0	-1	-1	-1	-1	-1	-1	-1	-1	-1	-1	-1	-1	-1	-1	-1	-1	-1	-1	-1	-1	-1	-1	-1	-1	-1	-1	-1	-1	-1	-1	-1	-1	-1	-1	-1	-1	-1	-1	-1	0	1	0	1	1	0	-1	-1	-1	-1	-1	-1	-1	-1	-1	-1	-1	-1
NMI_MGH.GCCGTGAGTCATCGGC	0	0	0	0	0	0	0	0	0	-1	-1	-1	1	0	0	-1	-1	-1	-1	-1	-1	0	0	0	-1	-1	-1	-1	-1	-1	-1	-1	-1	-1	-1	-1	-1	-1	-1	-1	-1	-1	-1	-1	-1	-1	-1	-1	-1	-1	-1	-1	-1	-1	-1	-1	-1	-1	-1	-1	-1	-1	-1	-1	-1	-1	2	0	1	-1	-1	-1	-1	-1	-1	-1	-1	-1	-1	-1	-1	-1	-1	-1	1	1	1	-1	-1	-1	-1	-1	-1
NMI_MGH.CATGAGTGTGGCAGAT	0	0	0	0	0	0	0	0	0	-1	-1	-1	1	0	0	0	0	0	-1	-1	-1	0	0	0	1	1	0	-1	-1	-1	-1	-1	-1	-1	-1	-1	-1	-1	-1	-1	-1	-1	-1	-1	-1	-1	-1	-1	-1	-1	-1	-1	-1	-1	-1	-1	-1	-1	-1	-1	-1	-1	-1	-1	-1	-1	-1	-1	-1	-1	-1	-1	-1	-1	-1	-1	-1	-1	-1	-1	-1	-1	-1	-1	-1	-1	-1	-1	-1	-1	-1	-1	-1
NMI_MGH.GTCGCGAAGTAGGATT	0	0	0	0	0	0	0	0	0	-1	-1	-1	1	0	0	-1	-1	-1	-1	-1	-1	0	0	0	1	1	0	-1	-1	-1	-1	-1	-1	0	1	0	-1	-1	-1	0	2	0	-1	-1	-1	-1	-1	-1	-1	-1	-1	-1	-1	-1	-1	-1	-1	-1	-1	-1	-1	-1	-1	-1	-1	-1	-1	-1	-1	-1	-1	-1	-1	-1	-1	-1	-1	-1	-1	-1	-1	-1	-1	-1	-1	-1	-1	-1	-1	-1	-1	-1	-1
NMI_MGH.TCACATTCATTACGGT	2	1	0	0	0	0	0	0	0	0	0	0	1	0	0	-1	-1	-1	0	1	1	0	0	0	-1	-1	-1	-1	-1	-1	-1	-1	-1	0	3	0	-1	-1	-1	-1	-1	-1	-1	-1	-1	-1	-1	-1	-1	-1	-1	-1	-1	-1	-1	-1	-1	-1	-1	-1	-1	-1	-1	-1	-1	-1	-1	-1	-1	-1	-1	-1	-1	-1	-1	0	1	0	-1	-1	-1	-1	-1	-1	-1	-1	-1	-1	-1	-1	-1	-1	-1
NMI_MGH.GATAGCTCACCCTTGT	0	0	0	0	0	0	0	0	0	-1	-1	-1	1	0	0	-1	-1	-1	-1	-1	-1	0	0	0	-1	-1	-1	0	2	2	-1	-1	-1	-1	-1	-1	-1	-1	-1	-1	-1	-1	-1	-1	-1	-1	-1	-1	-1	-1	-1	-1	-1	-1	-1	-1	-1	2	0	1	-1	-1	-1	-1	-1	-1	-1	-1	-1	-1	-1	-1	-1	-1	-1	-1	-1	-1	1	1	0	0	0	0	-1	-1	-1	-1	-1	-1	-1	-1	-1
NMI_MGH.TACTGCCGTACCGTCG	0	0	0	0	0	0	0	0	0	0	0	0	0	0	0	-1	-1	-1	-1	-1	-1	0	0	0	-1	-1	-1	0	2	2	-1	-1	-1	-1	-1	-1	-1	-1	-1	-1	-1	-1	-1	-1	-1	-1	-1	-1	-1	-1	-1	0	1	1	-1	-1	-1	-1	-1	-1	-1	-1	-1	-1	-1	-1	-1	-1	-1	-1	-1	-1	-1	-1	-1	2	1	0	-1	-1	-1	-1	-1	-1	-1	-1	-1	-1	-1	-1	-1	-1	-1
NMI_MGH.CTCCAACTCACGTCCT	0	1	0	0	0	0	0	0	0	0	0	0	1	0	0	-1	-1	-1	-1	-1	-1	0	0	0	-1	-1	-1	0	3	3	-1	-1	-1	-1	-1	-1	-1	-1	-1	-1	-1	-1	-1	-1	-1	-1	-1	-1	-1	-1	-1	-1	-1	-1	-1	-1	-1	-1	-1	-1	-1	-1	-1	-1	-1	-1	-1	-1	-1	-1	-1	-1	-1	-1	-1	-1	-1	-1	-1	-1	-1	-1	-1	-1	-1	-1	-1	-1	-1	-1	-1	-1	-1
NMI_MGH.GATGAGGTCCACATAG	0	0	0	0	0	0	0	0	0	0	0	0	-1	-1	-1	-1	-1	-1	-1	-1	-1	0	0	0	-1	-1	-1	-1	-1	-1	-1	-1	-1	-1	-1	-1	-1	-1	-1	-1	-1	-1	-1	-1	-1	-1	-1	-1	-1	-1	-1	0	1	1	-1	-1	-1	-1	-1	-1	-1	-1	-1	-1	-1	-1	-1	-1	-1	-1	-1	-1	-1	-1	-1	-1	-1	-1	-1	-1	-1	-1	-1	-1	1	1	1	-1	-1	-1	-1	-1	-1
NMI_MGH.CAAGACTGTGACTCTA	0	0	0	0	0	0	0	0	0	-1	-1	-1	1	0	0	-1	-1	-1	-1	-1	-1	0	0	0	-1	-1	-1	-1	-1	-1	-1	-1	-1	-1	-1	-1	-1	-1	-1	-1	-1	-1	-1	-1	-1	-1	-1	-1	0	0	0	-1	-1	-1	-1	-1	-1	-1	-1	-1	-1	-1	-1	-1	-1	-1	-1	-1	-1	-1	-1	-1	-1	-1	-1	1	1	0	0	1	0	-1	-1	-1	1	1	1	-1	-1	-1	-1	-1	-1
NMI_MGH.TTGCTGCCACTTACAG	0	0	0	0	0	0	0	0	0	0	0	0	1	0	0	-1	-1	-1	-1	-1	-1	0	0	0	-1	-1	-1	-1	-1	-1	-1	-1	-1	-1	-1	-1	-1	-1	-1	-1	-1	-1	-1	-1	-1	-1	-1	-1	-1	-1	-1	0	1	1	-1	-1	-1	-1	-1	-1	-1	-1	-1	-1	-1	-1	-1	-1	-1	-1	-1	-1	-1	-1	-1	-1	-1	-1	-1	-1	-1	-1	-1	-1	-1	-1	-1	-1	-1	-1	-1	-1	-1
NMI_MGH.AGGCTGCTCATTCACT	0	0	0	0	0	0	0	2	0	0	0	0	0	0	0	-1	-1	-1	-1	-1	-1	0	0	0	1	1	0	-1	-1	-1	-1	-1	-1	-1	-1	-1	-1	-1	-1	-1	-1	-1	-1	-1	-1	-1	-1	-1	-1	-1	-1	-1	-1	-1	-1	-1	-1	-1	-1	-1	-1	-1	-1	-1	-1	-1	-1	-1	-1	-1	-1	-1	-1	-1	-1	-1	-1	-1	0	1	0	-1	-1	-1	-1	-1	-1	-1	-1	-1	-1	-1	-1
NMI_MGH.ATCCCTGAGCTTTGTG	1	0	0	0	0	0	1	0	0	0	0	0	1	0	0	0	0	0	-1	-1	-1	0	0	0	-1	-1	-1	-1	-1	-1	-1	-1	-1	-1	-1	-1	-1	-1	-1	0	2	0	-1	-1	-1	-1	-1	-1	-1	-1	-1	-1	-1	-1	-1	-1	-1	-1	-1	-1	1	1	2	1	0	0	1	0	1	-1	-1	-1	-1	-1	-1	-1	-1	-1	-1	-1	-1	-1	-1	-1	-1	-1	-1	1	0	0	-1	-1	-1
NMI_MGH.CCTCACAGTTCGGTAT	0	0	0	0	0	0	0	0	0	0	0	0	0	0	0	-1	-1	-1	-1	-1	-1	0	0	0	-1	-1	-1	-1	-1	-1	-1	-1	-1	-1	-1	-1	1	1	0	-1	-1	-1	-1	-1	-1	-1	-1	-1	-1	-1	-1	-1	-1	-1	-1	-1	-1	-1	-1	-1	-1	-1	-1	-1	-1	-1	-1	-1	-1	-1	-1	-1	-1	-1	-1	-1	-1	-1	-1	-1	-1	-1	-1	-1	1	1	1	-1	-1	-1	0	0	0
NMI_MGH.CCGATGGCACCCTTGT	0	0	0	0	0	0	0	0	0	0	0	0	1	0	0	-1	-1	-1	-1	-1	-1	0	0	0	-1	-1	-1	0	2	2	-1	-1	-1	-1	-1	-1	-1	-1	-1	-1	-1	-1	-1	-1	-1	-1	-1	-1	-1	-1	-1	-1	-1	-1	-1	-1	-1	-1	-1	-1	-1	-1	-1	-1	-1	-1	-1	-1	-1	-1	-1	-1	-1	-1	-1	-1	-1	-1	-1	-1	-1	-1	-1	-1	-1	-1	-1	-1	-1	-1	-1	-1	-1
NMI_MGH.TGCCGAGTCTCCGTGT	-1	-1	-1	0	0	0	-1	-1	-1	0	0	0	1	0	0	-1	-1	-1	-1	-1	-1	0	0	0	-1	-1	-1	-1	-1	-1	2	0	1	-1	-1	-1	-1	-1	-1	-1	-1	-1	-1	-1	-1	-1	-1	-1	-1	-1	-1	-1	-1	-1	1	1	1	-1	-1	-1	-1	-1	-1	-1	-1	-1	-1	-1	-1	-1	-1	-1	-1	-1	-1	-1	-1	-1	-1	-1	-1	-1	-1	-1	-1	-1	-1	-1	-1	-1	-1	-1	-1
NMI_MGH.TACGGTACAGCGGATA	0	2	0	0	0	1	-1	-1	-1	0	0	0	1	1	0	-1	-1	-1	-1	-1	-1	0	0	0	-1	-1	-1	-1	-1	-1	-1	-1	-1	-1	-1	-1	-1	-1	-1	0	2	0	-1	-1	-1	0	1	1	-1	-1	-1	-1	-1	-1	-1	-1	-1	-1	-1	-1	-1	-1	-1	-1	-1	-1	-1	-1	-1	-1	-1	-1	-1	-1	-1	-1	-1	-1	-1	-1	-1	-1	-1	-1	-1	-1	-1	-1	-1	-1	-1	-1	-1
NMI_MGH.TTGCCTGGTTTCTTAC	0	0	0	0	0	0	0	0	0	0	0	0	0	0	0	-1	-1	-1	-1	-1	-1	0	0	0	-1	-1	-1	-1	-1	-1	-1	-1	-1	-1	-1	-1	-1	-1	-1	-1	-1	-1	-1	-1	-1	-1	-1	-1	-1	-1	-1	-1	-1	-1	0	1	1	-1	-1	-1	-1	-1	-1	-1	-1	-1	-1	-1	-1	-1	-1	-1	-1	-1	-1	-1	-1	-1	-1	-1	-1	-1	-1	-1	-1	-1	-1	-1	-1	-1	-1	-1	-1
NMI_MGH.AGGGAGTGTTGTTGAC	0	1	1	0	0	0	0	0	0	0	0	0	1	0	0	-1	-1	-1	-1	-1	-1	0	0	0	-1	-1	-1	-1	-1	-1	-1	-1	-1	-1	-1	-1	-1	-1	-1	-1	-1	-1	-1	-1	-1	-1	-1	-1	-1	-1	-1	-1	-1	-1	-1	-1	-1	-1	-1	-1	-1	-1	-1	-1	-1	-1	-1	-1	-1	-1	-1	-1	-1	-1	-1	-1	-1	-1	-1	-1	-1	-1	-1	-1	-1	-1	-1	-1	-1	-1	-1	-1	-1
NMI_MGH.GAAGAATTCGAGTACT	0	0	0	0	0	0	0	0	0	0	0	0	0	0	0	-1	-1	-1	-1	-1	-1	0	0	0	-1	-1	-1	-1	-1	-1	-1	-1	-1	-1	-1	-1	-1	-1	-1	0	2	0	-1	-1	-1	-1	-1	-1	0	0	0	-1	-1	-1	-1	-1	-1	-1	-1	-1	-1	-1	-1	-1	-1	-1	-1	-1	-1	-1	-1	-1	-1	-1	-1	-1	-1	-1	-1	-1	-1	0	0	0	-1	-1	-1	-1	-1	-1	0	0	0
NMI_MGH.CAAGCTACAGTGTGCC	0	0	0	0	0	0	0	0	0	0	0	0	0	0	0	-1	-1	-1	0	1	1	0	0	0	-1	-1	-1	0	2	2	-1	-1	-1	-1	-1	-1	-1	-1	-1	-1	-1	-1	-1	-1	-1	-1	-1	-1	-1	-1	-1	-1	-1	-1	0	1	1	-1	-1	-1	-1	-1	-1	-1	-1	-1	-1	-1	-1	-1	-1	-1	-1	-1	-1	-1	-1	-1	-1	-1	-1	-1	-1	-1	-1	-1	-1	-1	-1	-1	-1	-1	-1
NMI_MGH.TATTTCGTCAGGAAGC	2	0	2	0	0	2	0	0	1	0	3	0	1	0	0	-1	-1	-1	-1	-1	-1	0	0	0	-1	-1	-1	-1	-1	-1	-1	-1	-1	0	4	0	-1	-1	-1	-1	-1	-1	-1	-1	-1	-1	-1	-1	-1	-1	-1	-1	-1	-1	-1	-1	-1	-1	-1	-1	-1	-1	-1	-1	-1	-1	-1	-1	-1	-1	-1	-1	-1	-1	-1	-1	-1	-1	-1	-1	-1	-1	-1	-1	1	1	1	-1	-1	-1	-1	-1	-1
NMI_MGH.AACAAAGTCCTTCTAA	0	0	0	0	0	0	0	0	0	-1	-1	-1	1	0	0	-1	-1	-1	0	1	1	0	0	0	-1	-1	-1	-1	-1	-1	-1	-1	-1	-1	-1	-1	-1	-1	-1	-1	-1	-1	-1	-1	-1	-1	-1	-1	-1	-1	-1	-1	-1	-1	-1	-1	-1	-1	-1	-1	-1	-1	-1	-1	-1	-1	-1	-1	-1	-1	-1	-1	-1	-1	-1	-1	-1	-1	-1	-1	-1	-1	-1	-1	-1	-1	-1	-1	-1	-1	-1	-1	-1
NMI_MGH.CAGATTGAGCGCCGTT	0	0	0	0	0	0	0	3	0	0	0	0	0	0	0	-1	-1	-1	-1	-1	-1	0	0	0	-1	-1	-1	-1	-1	-1	-1	-1	-1	-1	-1	-1	-1	-1	-1	-1	-1	-1	-1	-1	-1	-1	-1	-1	-1	-1	-1	-1	-1	-1	-1	-1	-1	0	0	1	-1	-1	-1	-1	-1	-1	-1	-1	-1	0	1	2	-1	-1	-1	-1	-1	-1	-1	-1	-1	-1	-1	-1	-1	-1	-1	-1	-1	-1	-1	-1	-1
NMI_MGH.TCGGATATCCTAGCCT	0	0	0	0	0	0	0	0	0	0	0	0	1	0	0	-1	-1	-1	0	1	1	0	0	0	-1	-1	-1	-1	-1	-1	-1	-1	-1	-1	-1	-1	-1	-1	-1	-1	-1	-1	-1	-1	-1	-1	-1	-1	-1	-1	-1	-1	-1	-1	0	1	1	-1	-1	-1	-1	-1	-1	-1	-1	-1	-1	-1	-1	-1	-1	-1	-1	-1	-1	-1	-1	-1	-1	-1	-1	-1	-1	-1	-1	-1	-1	2	0	0	-1	-1	-1
NMI_MGH.GGAGGTACATGTGACT	0	0	0	0	0	0	0	0	0	0	0	0	0	0	0	0	0	1	-1	-1	-1	0	0	0	-1	-1	-1	-1	-1	-1	-1	-1	-1	-1	-1	-1	1	1	0	-1	-1	-1	-1	-1	-1	-1	-1	-1	-1	-1	-1	-1	-1	-1	-1	-1	-1	-1	-1	-1	-1	-1	-1	-1	-1	-1	1	0	1	-1	-1	-1	-1	-1	-1	-1	-1	-1	0	1	0	0	0	0	-1	-1	-1	-1	-1	-1	-1	-1	-1
NMI_MGH.CCTCATGCATTGTCGA	0	0	0	0	0	0	0	0	0	0	0	0	0	0	0	-1	-1	-1	0	1	1	0	0	0	-1	-1	-1	0	2	2	-1	-1	-1	0	4	2	-1	-1	-1	-1	-1	-1	-1	-1	-1	-1	-1	-1	-1	-1	-1	-1	-1	-1	-1	-1	-1	-1	-1	-1	-1	-1	-1	-1	-1	-1	-1	-1	-1	-1	-1	-1	-1	-1	-1	-1	-1	-1	-1	-1	-1	-1	-1	-1	-1	-1	-1	-1	-1	-1	-1	-1	-1
NMI_MGH.GTGTGATTCATTTGGG	0	0	0	0	0	0	0	0	0	0	0	0	1	0	0	-1	-1	-1	-1	-1	-1	0	0	0	-1	-1	-1	-1	-1	-1	-1	-1	-1	-1	-1	-1	-1	-1	-1	-1	-1	-1	-1	-1	-1	-1	-1	-1	0	0	0	-1	-1	-1	0	1	1	-1	-1	-1	-1	-1	-1	-1	-1	-1	-1	-1	-1	-1	-1	-1	-1	-1	-1	3	1	0	0	1	0	-1	-1	-1	-1	-1	-1	-1	-1	-1	-1	-1	-1
NMI_MGH.CACTTCGAGGGTTAGC	0	0	0	0	0	0	0	0	0	0	0	0	1	0	0	-1	-1	-1	-1	-1	-1	0	0	0	-1	-1	-1	-1	-1	-1	3	5	1	-1	-1	-1	-1	-1	-1	-1	-1	-1	0	1	1	-1	-1	-1	-1	-1	-1	-1	-1	-1	-1	-1	-1	-1	-1	-1	1	1	1	1	0	0	-1	-1	-1	-1	-1	-1	-1	-1	-1	-1	-1	-1	1	1	1	-1	-1	-1	-1	-1	-1	-1	-1	-1	-1	-1	-1
NMI_MGH.AGTCAACGTAAGTCAA	0	0	0	0	0	0	0	0	0	0	0	0	1	0	0	-1	-1	-1	-1	-1	-1	0	0	0	-1	-1	-1	-1	-1	-1	-1	-1	-1	-1	-1	-1	-1	-1	-1	0	1	1	-1	-1	-1	-1	-1	-1	-1	-1	-1	-1	-1	-1	-1	-1	-1	-1	-1	-1	-1	-1	-1	-1	-1	-1	-1	-1	-1	-1	-1	-1	-1	-1	-1	-1	-1	-1	1	1	0	-1	-1	-1	-1	-1	-1	-1	-1	-1	-1	-1	-1
NMI_MGH.CGCCATTCACACCTTC	0	0	0	0	0	0	0	0	0	0	0	0	0	0	0	-1	-1	-1	-1	-1	-1	0	0	0	1	1	0	-1	-1	-1	-1	-1	-1	-1	-1	-1	-1	-1	-1	-1	-1	-1	-1	-1	-1	-1	-1	-1	-1	-1	-1	0	1	1	-1	-1	-1	-1	-1	-1	-1	-1	-1	-1	-1	-1	-1	-1	-1	-1	-1	-1	0	1	1	-1	-1	-1	-1	-1	-1	-1	-1	-1	-1	-1	-1	-1	-1	-1	0	0	0
NMI_MGH.AGTTCGAAGTTGCCTA	0	0	0	0	0	0	0	0	0	-1	-1	-1	1	0	0	-1	-1	-1	-1	-1	-1	0	0	0	1	1	1	-1	-1	-1	-1	-1	-1	-1	-1	-1	-1	-1	-1	-1	-1	-1	-1	-1	-1	-1	-1	-1	-1	-1	-1	-1	-1	-1	-1	-1	-1	-1	-1	-1	-1	-1	-1	-1	-1	-1	-1	-1	-1	-1	-1	-1	-1	-1	-1	-1	-1	-1	-1	-1	-1	-1	-1	-1	-1	-1	-1	-1	-1	-1	-1	-1	-1
NMI_MGH.ATACTTCTCTTTCAGT	0	0	0	0	0	0	0	0	0	-1	-1	-1	1	0	0	-1	-1	-1	-1	-1	-1	0	0	0	-1	-1	-1	-1	-1	-1	-1	-1	-1	-1	-1	-1	-1	-1	-1	-1	-1	-1	-1	-1	-1	-1	-1	-1	-1	-1	-1	-1	-1	-1	-1	-1	-1	-1	-1	-1	-1	-1	-1	-1	-1	-1	-1	-1	-1	-1	-1	-1	-1	-1	-1	-1	-1	-1	-1	-1	-1	-1	-1	-1	-1	-1	-1	-1	-1	-1	-1	-1	-1
NMI_MGH.GATAGAACACAATTCG	0	0	0	1	0	0	1	0	0	0	0	0	1	0	0	-1	-1	-1	-1	-1	-1	0	0	0	-1	-1	-1	-1	-1	-1	-1	-1	-1	-1	-1	-1	-1	-1	-1	-1	-1	-1	0	1	1	-1	-1	-1	-1	-1	-1	-1	-1	-1	-1	-1	-1	-1	-1	-1	-1	-1	-1	-1	-1	-1	-1	-1	-1	-1	-1	-1	-1	-1	-1	-1	-1	-1	-1	-1	-1	-1	-1	-1	-1	-1	-1	2	0	0	-1	-1	-1
NMI_MGH.TGGTAGTCAATCGCGC	0	0	0	0	0	0	0	0	0	0	0	0	0	0	0	-1	-1	-1	0	1	1	0	0	0	-1	-1	-1	-1	-1	-1	0	4	1	-1	-1	-1	-1	-1	-1	0	1	1	-1	-1	-1	-1	-1	-1	-1	-1	-1	-1	-1	-1	-1	-1	-1	-1	-1	-1	-1	-1	-1	1	0	1	-1	-1	-1	-1	-1	-1	-1	-1	-1	-1	-1	-1	-1	-1	-1	-1	-1	-1	-1	-1	-1	-1	-1	-1	-1	-1	-1
NMI_MGH.TGGGAAGCAGACACCC	1	0	0	0	0	0	0	0	0	0	0	0	0	0	0	-1	-1	-1	-1	-1	-1	0	0	0	-1	-1	-1	-1	-1	-1	-1	-1	-1	-1	-1	-1	-1	-1	-1	0	1	1	-1	-1	-1	-1	-1	-1	-1	-1	-1	-1	-1	-1	-1	-1	-1	-1	-1	-1	1	1	1	-1	-1	-1	-1	-1	-1	-1	-1	-1	0	1	1	-1	-1	-1	-1	-1	-1	-1	-1	-1	-1	-1	-1	1	0	0	-1	-1	-1
NMI_MGH.GACTTCCTCCTAAACG	0	0	0	0	0	0	0	0	0	-1	-1	-1	1	0	0	-1	-1	-1	-1	-1	-1	0	0	0	-1	-1	-1	-1	-1	-1	-1	-1	-1	-1	-1	-1	-1	-1	-1	-1	-1	-1	-1	-1	-1	-1	-1	-1	-1	-1	-1	-1	-1	-1	-1	-1	-1	0	0	1	-1	-1	-1	-1	-1	-1	-1	-1	-1	-1	-1	-1	-1	-1	-1	-1	-1	-1	-1	-1	-1	-1	-1	-1	-1	-1	-1	-1	-1	-1	-1	-1	-1
NMI_MGH.CCTAACCGTGTAAATG	0	0	0	0	0	0	0	0	0	0	0	0	0	0	0	-1	-1	-1	-1	-1	-1	0	0	0	-1	-1	-1	-1	-1	-1	-1	-1	-1	-1	-1	-1	-1	-1	-1	-1	-1	-1	-1	-1	-1	-1	-1	-1	-1	-1	-1	-1	-1	-1	-1	-1	-1	-1	-1	-1	-1	-1	-1	-1	-1	-1	-1	-1	-1	-1	-1	-1	0	1	1	-1	-1	-1	-1	-1	-1	-1	-1	-1	-1	-1	-1	-1	-1	-1	-1	-1	-1
NMI_MGH.GTGAGGAGTCGTACTA	-1	-1	-1	0	0	0	0	0	1	0	0	0	1	0	0	-1	-1	-1	-1	-1	-1	0	0	0	-1	-1	-1	-1	-1	-1	-1	-1	-1	-1	-1	-1	-1	-1	-1	-1	-1	-1	-1	-1	-1	-1	-1	-1	-1	-1	-1	-1	-1	-1	-1	-1	-1	-1	-1	-1	-1	-1	-1	-1	-1	-1	-1	-1	-1	-1	-1	-1	-1	-1	-1	-1	-1	-1	-1	-1	-1	-1	-1	-1	-1	-1	-1	-1	-1	-1	-1	-1	-1
NMI_MGH.CACAGATTCACTGATG	1	0	0	0	0	0	0	0	0	0	0	0	0	0	0	-1	-1	-1	-1	-1	-1	0	0	0	-1	-1	-1	-1	-1	-1	-1	-1	-1	1	3	0	-1	-1	-1	-1	-1	-1	-1	-1	-1	-1	-1	-1	-1	-1	-1	-1	-1	-1	0	1	1	-1	-1	-1	-1	-1	-1	-1	-1	-1	-1	-1	-1	-1	-1	-1	-1	-1	-1	-1	-1	-1	-1	-1	-1	-1	-1	-1	-1	-1	-1	-1	-1	-1	-1	-1	-1
NMI_MGH.GACCGTGAGTAAACTG	0	0	0	0	0	0	0	0	0	0	0	0	0	0	0	-1	-1	-1	0	1	1	0	0	0	-1	-1	-1	-1	-1	-1	4	6	2	-1	-1	-1	-1	-1	-1	-1	-1	-1	-1	-1	-1	-1	-1	-1	-1	-1	-1	-1	-1	-1	1	1	1	-1	-1	-1	-1	-1	-1	-1	-1	-1	-1	-1	-1	-1	-1	-1	-1	-1	-1	-1	-1	-1	-1	-1	-1	-1	-1	-1	-1	-1	-1	-1	-1	-1	-1	-1	-1
NMI_MGH.TACCCACCAACGCATT	0	0	0	0	0	0	0	0	2	0	0	0	1	0	0	-1	-1	-1	0	1	1	-1	-1	-1	-1	-1	-1	-1	-1	-1	-1	-1	-1	-1	-1	-1	-1	-1	-1	-1	-1	-1	-1	-1	-1	-1	-1	-1	-1	-1	-1	-1	-1	-1	-1	-1	-1	-1	-1	-1	-1	-1	-1	-1	-1	-1	-1	-1	-1	-1	-1	-1	-1	-1	-1	-1	-1	-1	-1	-1	-1	-1	-1	-1	-1	-1	-1	-1	-1	-1	-1	-1	-1
NMI_MGH.CTGTAGAGTCGAGCAA	0	0	0	0	0	0	0	0	0	0	0	0	0	0	0	-1	-1	-1	-1	-1	-1	0	0	0	-1	-1	-1	-1	-1	-1	-1	-1	-1	-1	-1	-1	-1	-1	-1	-1	-1	-1	-1	-1	-1	-1	-1	-1	-1	-1	-1	-1	-1	-1	-1	-1	-1	-1	-1	-1	-1	-1	-1	-1	-1	-1	-1	-1	-1	-1	-1	-1	-1	-1	-1	-1	-1	-1	-1	-1	-1	-1	-1	-1	-1	-1	-1	-1	-1	-1	-1	-1	-1
NMI_MGH.TCTAACTAGAAGGGAT	0	0	0	0	0	0	0	0	0	0	0	0	1	0	0	1	0	0	-1	-1	-1	0	0	0	-1	-1	-1	-1	-1	-1	-1	-1	-1	-1	-1	-1	-1	-1	-1	-1	-1	-1	-1	-1	-1	0	1	1	-1	-1	-1	-1	-1	-1	1	1	1	-1	-1	-1	-1	-1	-1	1	0	0	1	0	1	-1	-1	-1	-1	-1	-1	-1	-1	-1	-1	-1	-1	-1	-1	-1	-1	-1	-1	2	0	0	-1	-1	-1
NMI_MGH.GGGAGTATCCATCACC	0	0	0	0	0	0	0	0	0	0	0	0	0	0	0	-1	-1	-1	-1	-1	-1	0	0	0	-1	-1	-1	-1	-1	-1	-1	-1	-1	-1	-1	-1	1	1	0	-1	-1	-1	0	1	1	-1	-1	-1	-1	-1	-1	-1	-1	-1	-1	-1	-1	-1	-1	-1	-1	-1	-1	-1	-1	-1	-1	-1	-1	-1	-1	-1	-1	-1	-1	-1	-1	-1	-1	-1	-1	-1	-1	-1	-1	-1	-1	-1	-1	-1	-1	-1	-1
NMI_MGH.ACCCTTGCATGGCTAT	0	0	0	0	0	0	0	0	0	0	0	0	1	0	0	-1	-1	-1	-1	-1	-1	0	0	0	-1	-1	-1	-1	-1	-1	-1	-1	-1	-1	-1	-1	-1	-1	-1	-1	-1	-1	-1	-1	-1	-1	-1	-1	-1	-1	-1	-1	-1	-1	-1	-1	-1	-1	-1	-1	-1	-1	-1	-1	-1	-1	-1	-1	-1	-1	-1	-1	-1	-1	-1	-1	-1	-1	-1	-1	-1	-1	-1	-1	-1	-1	-1	-1	-1	-1	0	0	0
