	r1	r2	r3	r4	r5	r6	r7	r8	r9	r10	r11	r12	r13	r14	r15	r16	r17	r18	r19	r20	r21	r22	r23	r24	r25	r26	r27	r28	r29	r30	r31	r32	r33	r34	r35	r36	r37	r38	r39	r40	r41	r42	r43	r44	r45	r46	r47	r48	r49	r50	r51	r52	r53	r54	r55	r56	r57	r58	r59	r60
NMI_MGH.AAACGCTGTTCTAACG	0	1	1	1	1	1	0	1	1	1	0	1	1	1	1	1	1	0	0	1	1	1	1	1	-1	-1	-1	-1	-1	-1	-1	-1	-1	-1	-1	-1	-1	-1	-1	-1	-1	-1	-1	-1	-1	-1	-1	-1	-1	-1	-1	-1	-1	-1	-1	-1	-1	-1	-1	-1
NMI_MGH.CATGCTCTCGCTGCGA	0	1	1	1	1	1	-1	-1	-1	1	0	1	1	1	1	-1	-1	-1	0	1	1	-1	-1	-1	-1	-1	-1	-1	-1	-1	-1	-1	-1	-1	-1	-1	-1	-1	-1	-1	-1	-1	-1	-1	-1	-1	-1	-1	-1	-1	-1	-1	-1	-1	-1	-1	-1	-1	-1	-1
NMI_MGH.TACACCCGTGAGACGT	1	1	0	-1	-1	-1	-1	-1	-1	1	1	1	1	1	1	-1	-1	-1	0	1	1	-1	-1	-1	0	1	1	0	1	1	1	1	1	1	0	1	-1	-1	-1	-1	-1	-1	-1	-1	-1	-1	-1	-1	-1	-1	-1	-1	-1	-1	-1	-1	-1	-1	-1	-1
NMI_MGH.GATGACTAGGGAGTGG	0	1	1	1	1	1	-1	-1	-1	1	0	1	1	1	1	-1	-1	-1	0	1	1	-1	-1	-1	0	1	1	-1	-1	-1	-1	-1	-1	-1	-1	-1	0	1	0	-1	-1	-1	-1	-1	-1	-1	-1	-1	-1	-1	-1	-1	-1	-1	-1	-1	-1	-1	-1	-1
NMI_MGH.CTCCCAAAGAGCTGCA	0	1	1	1	1	1	-1	-1	-1	1	0	1	1	1	1	-1	-1	-1	0	1	1	-1	-1	-1	-1	-1	-1	-1	-1	-1	-1	-1	-1	-1	-1	-1	-1	-1	-1	1	1	1	-1	-1	-1	-1	-1	-1	-1	-1	-1	-1	-1	-1	-1	-1	-1	-1	-1	-1
NMI_MGH.TGTTCATAGCGCCTAC	0	1	1	1	1	1	-1	-1	-1	1	2	1	1	1	1	-1	-1	-1	1	1	1	-1	-1	-1	-1	-1	-1	-1	-1	-1	-1	-1	-1	-1	-1	-1	-1	-1	-1	-1	-1	-1	0	1	0	-1	-1	-1	-1	-1	-1	-1	-1	-1	-1	-1	-1	-1	-1	-1
NMI_MGH.TGTTCCGGTGGCTACC	1	1	0	-1	-1	-1	-1	-1	-1	1	1	1	1	1	1	-1	-1	-1	-1	-1	-1	-1	-1	-1	-1	-1	-1	-1	-1	-1	1	1	1	-1	-1	-1	-1	-1	-1	-1	-1	-1	-1	-1	-1	-1	-1	-1	-1	-1	-1	-1	-1	-1	-1	-1	-1	-1	-1	-1
NMI_MGH.CCAAGCGTCGTAGGAG	0	1	1	1	1	1	-1	-1	-1	1	0	1	-1	-1	-1	-1	-1	-1	0	1	1	-1	-1	-1	-1	-1	-1	-1	-1	-1	-1	-1	-1	-1	-1	-1	-1	-1	-1	-1	-1	-1	-1	-1	-1	0	1	1	-1	-1	-1	-1	-1	-1	-1	-1	-1	-1	-1	-1
NMI_MGH.TTCTTCCGTGATACAA	1	1	2	-1	-1	-1	-1	-1	-1	1	0	1	1	1	1	-1	-1	-1	0	1	1	-1	-1	-1	1	1	2	-1	-1	-1	0	1	1	1	0	1	-1	-1	-1	-1	-1	-1	0	1	0	-1	-1	-1	-1	-1	-1	-1	-1	-1	-1	-1	-1	-1	-1	-1
NMI_MGH.GTCATTTGTGATATAG	1	1	0	-1	-1	-1	-1	-1	-1	1	1	1	1	1	1	-1	-1	-1	0	1	1	1	1	0	-1	-1	-1	-1	-1	-1	1	1	1	1	0	1	-1	-1	-1	-1	-1	-1	-1	-1	-1	-1	-1	-1	-1	-1	-1	-1	-1	-1	-1	-1	-1	-1	-1	-1
NMI_MGH.GAATCACGTGCCTGAC	1	1	0	-1	-1	-1	0	1	1	1	1	1	1	1	1	-1	-1	-1	0	1	1	-1	-1	-1	0	1	0	-1	-1	-1	1	1	1	1	0	1	-1	-1	-1	-1	-1	-1	-1	-1	-1	-1	-1	-1	-1	-1	-1	-1	-1	-1	-1	-1	-1	-1	-1	-1
NMI_MGH.CCACGAGTCGAGTGAG	1	1	2	-1	-1	-1	-1	-1	-1	1	3	1	1	1	1	2	1	1	0	1	1	-1	-1	-1	-1	-1	-1	-1	-1	-1	0	1	1	1	0	1	-1	-1	-1	-1	-1	-1	-1	-1	-1	-1	-1	-1	-1	-1	-1	-1	-1	-1	-1	-1	-1	-1	-1	-1
NMI_MGH.CCATCACGTCACCCTT	1	1	2	-1	-1	-1	-1	-1	-1	1	0	1	1	1	1	-1	-1	-1	0	1	1	-1	-1	-1	-1	-1	-1	-1	-1	-1	0	1	1	1	0	1	-1	-1	-1	-1	-1	-1	-1	-1	-1	0	1	1	1	1	1	-1	-1	-1	-1	-1	-1	-1	-1	-1
NMI_MGH.TTAGGGTAGCGTCTCG	0	1	1	1	1	1	-1	-1	-1	1	4	1	1	1	1	-1	-1	-1	2	1	1	-1	-1	-1	-1	-1	-1	-1	-1	-1	-1	-1	-1	-1	-1	-1	-1	-1	-1	-1	-1	-1	-1	-1	-1	-1	-1	-1	-1	-1	-1	-1	-1	-1	-1	-1	-1	-1	-1	-1
NMI_MGH.TTCAGGAGTCTTTCAT	1	1	2	-1	-1	-1	-1	-1	-1	1	3	1	1	1	1	-1	-1	-1	0	1	1	1	1	1	-1	-1	-1	-1	-1	-1	0	1	1	1	0	1	-1	-1	-1	-1	-1	-1	0	1	0	-1	-1	-1	0	2	2	-1	-1	-1	-1	-1	-1	-1	-1	-1
NMI_MGH.ATTCCCGAGCTCTTCC	1	1	0	-1	-1	-1	-1	-1	-1	1	1	1	-1	-1	-1	-1	-1	-1	0	1	1	1	1	0	-1	-1	-1	-1	-1	-1	1	1	1	1	0	1	-1	-1	-1	1	1	0	-1	-1	-1	-1	-1	-1	-1	-1	-1	0	1	1	-1	-1	-1	-1	-1	-1
NMI_MGH.AGCTCAAGTCAAAGCG	1	1	0	-1	-1	-1	-1	-1	-1	1	0	1	1	1	1	-1	-1	-1	0	1	1	-1	-1	-1	0	1	0	-1	-1	-1	0	1	1	1	0	1	-1	-1	-1	-1	-1	-1	-1	-1	-1	-1	-1	-1	-1	-1	-1	-1	-1	-1	-1	-1	-1	-1	-1	-1
NMI_MGH.CCCGGAAAGAACAGGA	1	1	2	-1	-1	-1	-1	-1	-1	1	0	1	1	1	1	-1	-1	-1	0	1	1	-1	-1	-1	0	1	1	-1	-1	-1	0	1	1	1	0	1	-1	-1	-1	-1	-1	-1	-1	-1	-1	-1	-1	-1	-1	-1	-1	-1	-1	-1	-1	-1	-1	-1	-1	-1
NMI_MGH.ATTTACCCATCCCACT	1	1	0	-1	-1	-1	0	1	1	1	0	1	1	1	1	-1	-1	-1	0	1	1	-1	-1	-1	-1	-1	-1	-1	-1	-1	0	1	1	1	0	1	-1	-1	-1	-1	-1	-1	-1	-1	-1	-1	-1	-1	-1	-1	-1	0	1	1	-1	-1	-1	-1	-1	-1
NMI_MGH.GCAGCCAAGCATCCCG	0	1	1	1	1	1	-1	-1	-1	1	0	1	1	1	1	2	1	2	0	1	1	-1	-1	-1	-1	-1	-1	-1	-1	-1	-1	-1	-1	-1	-1	-1	-1	-1	-1	-1	-1	-1	-1	-1	-1	-1	-1	-1	-1	-1	-1	-1	-1	-1	-1	-1	-1	-1	-1	-1
NMI_MGH.AAGGTAAAGCATCCCG	1	1	2	-1	-1	-1	-1	-1	-1	1	0	1	1	1	1	-1	-1	-1	0	1	1	-1	-1	-1	-1	-1	-1	-1	-1	-1	0	1	1	1	0	1	-1	-1	-1	1	1	0	0	1	0	-1	-1	-1	-1	-1	-1	-1	-1	-1	-1	-1	-1	-1	-1	-1
NMI_MGH.TTGGGCGGTCAATCTG	0	1	1	1	1	1	-1	-1	-1	1	0	1	1	1	1	-1	-1	-1	0	1	1	-1	-1	-1	0	1	1	-1	-1	-1	-1	-1	-1	-1	-1	-1	-1	-1	-1	-1	-1	-1	-1	-1	-1	-1	-1	-1	-1	-1	-1	-1	-1	-1	-1	-1	-1	-1	-1	-1
NMI_MGH.TAGACTGTCCTATGGA	0	1	1	-1	-1	-1	0	1	1	1	5	1	1	1	1	-1	-1	-1	0	1	1	-1	-1	-1	-1	-1	-1	-1	-1	-1	0	1	1	1	1	1	-1	-1	-1	-1	-1	-1	-1	-1	-1	0	1	1	-1	-1	-1	-1	-1	-1	-1	-1	-1	-1	-1	-1
NMI_MGH.GCCAGTGAGCTCCACG	1	1	2	-1	-1	-1	-1	-1	-1	1	3	1	1	1	1	-1	-1	-1	0	1	1	-1	-1	-1	0	1	0	-1	-1	-1	0	1	1	1	0	1	-1	-1	-1	-1	-1	-1	-1	-1	-1	-1	-1	-1	-1	-1	-1	0	1	1	-1	-1	-1	-1	-1	-1
NMI_MGH.GCCGATGAGCACCGAA	0	1	1	1	1	1	-1	-1	-1	1	0	1	1	1	1	-1	-1	-1	0	1	1	-1	-1	-1	-1	-1	-1	-1	-1	-1	-1	-1	-1	-1	-1	-1	0	1	0	-1	-1	-1	-1	-1	-1	-1	-1	-1	-1	-1	-1	-1	-1	-1	0	1	0	-1	-1	-1
NMI_MGH.ACTTTCACAGATTTCG	0	1	1	1	1	1	-1	-1	-1	1	0	1	1	1	1	-1	-1	-1	0	1	1	-1	-1	-1	-1	-1	-1	-1	-1	-1	-1	-1	-1	-1	-1	-1	-1	-1	-1	1	1	0	-1	-1	-1	-1	-1	-1	-1	-1	-1	-1	-1	-1	-1	-1	-1	-1	-1	-1
NMI_MGH.TCACTCGAGATTAGCA	0	1	1	1	1	1	-1	-1	-1	1	0	1	1	1	1	-1	-1	-1	0	1	1	-1	-1	-1	-1	-1	-1	-1	-1	-1	-1	-1	-1	-1	-1	-1	-1	-1	-1	-1	-1	-1	-1	-1	-1	-1	-1	-1	-1	-1	-1	-1	-1	-1	-1	-1	-1	-1	-1	-1
NMI_MGH.TAGGAGGTCCAGGACC	0	1	1	1	1	1	-1	-1	-1	1	0	1	1	1	1	-1	-1	-1	0	1	1	-1	-1	-1	-1	-1	-1	-1	-1	-1	-1	-1	-1	-1	-1	-1	-1	-1	-1	-1	-1	-1	-1	-1	-1	0	1	1	-1	-1	-1	-1	-1	-1	-1	-1	-1	-1	-1	-1
NMI_MGH.CCGGTAGAGCTATCCA	0	1	1	1	1	1	0	1	1	1	0	1	1	1	1	-1	-1	-1	0	1	1	-1	-1	-1	-1	-1	-1	-1	-1	-1	-1	-1	-1	-1	-1	-1	-1	-1	-1	-1	-1	-1	-1	-1	-1	-1	-1	-1	-1	-1	-1	-1	-1	-1	-1	-1	-1	-1	-1	-1
NMI_MGH.ATCACAGTCTACTTCA	0	1	1	1	1	1	-1	-1	-1	1	0	1	1	1	1	0	1	0	3	2	2	-1	-1	-1	-1	-1	-1	-1	-1	-1	0	1	2	-1	-1	-1	-1	-1	-1	-1	-1	-1	-1	-1	-1	0	1	1	-1	-1	-1	-1	-1	-1	-1	-1	-1	-1	-1	-1
NMI_MGH.CGTTCTGTCGTCGGGT	1	1	2	-1	-1	-1	-1	-1	-1	1	0	1	1	1	1	0	1	0	0	1	1	1	1	0	-1	-1	-1	-1	-1	-1	2	1	1	1	0	1	-1	-1	-1	-1	-1	-1	-1	-1	-1	-1	-1	-1	-1	-1	-1	-1	-1	-1	-1	-1	-1	-1	-1	-1
NMI_MGH.ACGGTTAGTCACCGAC	0	1	1	1	1	1	-1	-1	-1	1	0	1	1	1	1	2	1	1	0	1	1	-1	-1	-1	-1	-1	-1	-1	-1	-1	-1	-1	-1	-1	-1	-1	-1	-1	-1	-1	-1	-1	-1	-1	-1	-1	-1	-1	-1	-1	-1	-1	-1	-1	-1	-1	-1	-1	-1	-1
NMI_MGH.TTTGACTTCTTGAACG	0	1	1	1	1	1	-1	-1	-1	1	0	1	1	1	1	-1	-1	-1	0	1	1	-1	-1	-1	-1	-1	-1	-1	-1	-1	-1	-1	-1	-1	-1	-1	0	1	0	-1	-1	-1	-1	-1	-1	-1	-1	-1	-1	-1	-1	-1	-1	-1	-1	-1	-1	-1	-1	-1
NMI_MGH.GCGTTTCGTCCACATA	1	1	0	-1	-1	-1	-1	-1	-1	1	1	1	1	1	1	-1	-1	-1	0	1	1	-1	-1	-1	0	1	0	0	1	1	1	1	1	1	0	1	-1	-1	-1	-1	-1	-1	-1	-1	-1	-1	-1	-1	-1	-1	-1	-1	-1	-1	-1	-1	-1	-1	-1	-1
NMI_MGH.GCTTCACAGCCGATTT	1	1	2	-1	-1	-1	-1	-1	-1	1	0	1	1	1	1	-1	-1	-1	0	1	1	-1	-1	-1	-1	-1	-1	-1	-1	-1	0	1	1	1	0	1	-1	-1	-1	-1	-1	-1	-1	-1	-1	0	1	1	-1	-1	-1	-1	-1	-1	-1	-1	-1	-1	-1	-1
NMI_MGH.TCATGTTCATGGCACC	1	1	0	-1	-1	-1	-1	-1	-1	1	1	1	1	1	1	-1	-1	-1	0	1	1	1	1	0	-1	-1	-1	0	1	1	1	1	1	1	2	1	-1	-1	-1	-1	-1	-1	-1	-1	-1	-1	-1	-1	-1	-1	-1	-1	-1	-1	-1	-1	-1	-1	-1	-1
NMI_MGH.CAAGCTATCCAGTACA	1	1	0	-1	-1	-1	-1	-1	-1	1	6	1	1	1	1	-1	-1	-1	4	1	1	-1	-1	-1	0	1	1	0	1	1	3	1	1	1	3	1	-1	-1	-1	-1	-1	-1	-1	-1	-1	-1	-1	-1	-1	-1	-1	-1	-1	-1	-1	-1	-1	-1	-1	-1
NMI_MGH.ATCCCTGCAAGTCGTT	0	1	1	1	1	1	-1	-1	-1	1	0	1	1	1	1	-1	-1	-1	0	1	1	-1	-1	-1	-1	-1	-1	-1	-1	-1	-1	-1	-1	-1	-1	-1	-1	-1	-1	-1	-1	-1	-1	-1	-1	-1	-1	-1	-1	-1	-1	-1	-1	-1	0	1	0	-1	-1	-1
NMI_MGH.GGTCTGGAGTTTGGCT	1	1	2	-1	-1	-1	-1	-1	-1	1	3	1	1	1	1	-1	-1	-1	0	1	1	-1	-1	-1	-1	-1	-1	-1	-1	-1	0	1	1	1	4	1	-1	-1	-1	1	1	0	-1	-1	-1	-1	-1	-1	-1	-1	-1	-1	-1	-1	-1	-1	-1	-1	-1	-1
NMI_MGH.TGGAGAGCATTGACCA	1	1	2	-1	-1	-1	0	1	1	1	3	1	1	1	1	-1	-1	-1	0	1	1	-1	-1	-1	-1	-1	-1	-1	-1	-1	0	1	1	1	0	1	-1	-1	-1	-1	-1	-1	-1	-1	-1	-1	-1	-1	-1	-1	-1	-1	-1	-1	-1	-1	-1	-1	-1	-1
NMI_MGH.TAAGCGTGTATCTCTT	1	1	0	-1	-1	-1	-1	-1	-1	1	0	1	1	1	1	-1	-1	-1	0	1	1	-1	-1	-1	2	1	0	-1	-1	-1	0	1	1	1	0	1	-1	-1	-1	-1	-1	-1	-1	-1	-1	-1	-1	-1	-1	-1	-1	-1	-1	-1	-1	-1	-1	-1	-1	-1
NMI_MGH.GTGCGTGTCTTTGCAT	2	1	1	1	1	1	-1	-1	-1	1	0	1	1	1	1	-1	-1	-1	0	1	1	-1	-1	-1	-1	-1	-1	-1	-1	-1	-1	-1	-1	-1	-1	-1	-1	-1	-1	1	1	0	-1	-1	-1	-1	-1	-1	-1	-1	-1	-1	-1	-1	-1	-1	-1	-1	-1	-1
NMI_MGH.TTGCGTCTCACCTTGC	0	1	1	1	1	1	-1	-1	-1	1	0	1	-1	-1	-1	-1	-1	-1	0	1	1	-1	-1	-1	-1	-1	-1	0	1	1	-1	-1	-1	-1	-1	-1	-1	-1	-1	-1	-1	-1	0	1	0	-1	-1	-1	-1	-1	-1	-1	-1	-1	-1	-1	-1	-1	-1	-1
NMI_MGH.GACAGCCAGGAAGTGA	0	1	1	1	1	1	-1	-1	-1	1	0	1	1	1	1	-1	-1	-1	3	2	2	-1	-1	-1	-1	-1	-1	-1	-1	-1	0	1	2	-1	-1	-1	-1	-1	-1	-1	-1	-1	-1	-1	-1	-1	-1	-1	-1	-1	-1	-1	-1	-1	-1	-1	-1	-1	-1	-1
NMI_MGH.CCTTCAGCAGAACTTC	0	1	1	1	1	1	-1	-1	-1	1	0	1	1	1	1	-1	-1	-1	0	1	1	-1	-1	-1	-1	-1	-1	0	1	1	0	1	0	-1	-1	-1	-1	-1	-1	-1	-1	-1	-1	-1	-1	-1	-1	-1	-1	-1	-1	-1	-1	-1	-1	-1	-1	-1	-1	-1
NMI_MGH.GTTTACTCACGACGTC	1	1	2	-1	-1	-1	-1	-1	-1	1	0	1	1	1	1	-1	-1	-1	0	1	1	-1	-1	-1	-1	-1	-1	-1	-1	-1	0	1	1	1	0	1	-1	-1	-1	1	1	0	-1	-1	-1	-1	-1	-1	-1	-1	-1	-1	-1	-1	-1	-1	-1	-1	-1	-1
NMI_MGH.GTGGAGACAGCGTATT	1	1	0	-1	-1	-1	0	1	1	1	1	1	1	1	1	-1	-1	-1	1	1	1	-1	-1	-1	-1	-1	-1	-1	-1	-1	1	1	1	1	0	1	-1	-1	-1	-1	-1	-1	-1	-1	-1	-1	-1	-1	-1	-1	-1	-1	-1	-1	-1	-1	-1	-1	-1	-1
NMI_MGH.TAACGACTCATTGCTT	0	1	1	1	1	1	-1	-1	-1	1	0	1	1	1	1	-1	-1	-1	0	1	1	-1	-1	-1	-1	-1	-1	-1	-1	-1	-1	-1	-1	-1	-1	-1	-1	-1	-1	-1	-1	-1	-1	-1	-1	-1	-1	-1	-1	-1	-1	0	1	1	-1	-1	-1	-1	-1	-1
NMI_MGH.ACTGCAAGTAGGCAAC	0	1	1	1	1	1	-1	-1	-1	1	0	1	1	1	1	-1	-1	-1	0	1	1	-1	-1	-1	-1	-1	-1	-1	-1	-1	-1	-1	-1	-1	-1	-1	-1	-1	-1	1	1	0	0	1	0	-1	-1	-1	-1	-1	-1	-1	-1	-1	-1	-1	-1	-1	-1	-1
NMI_MGH.GATGGAGGTATTGAGA	0	1	1	1	1	1	-1	-1	-1	1	0	1	1	1	1	-1	-1	-1	0	1	1	-1	-1	-1	-1	-1	-1	-1	-1	-1	-1	-1	-1	-1	-1	-1	-1	-1	-1	-1	-1	-1	0	1	0	-1	-1	-1	0	3	3	-1	-1	-1	-1	-1	-1	0	1	1
NMI_MGH.CATCCGTAGACCTTTG	1	1	0	-1	-1	-1	0	1	1	1	1	1	1	1	1	-1	-1	-1	0	1	1	-1	-1	-1	-1	-1	-1	-1	-1	-1	1	1	1	1	0	1	-1	-1	-1	-1	-1	-1	-1	-1	-1	-1	-1	-1	-1	-1	-1	-1	-1	-1	-1	-1	-1	-1	-1	-1
NMI_MGH.TCCATGCTCCTATGGA	0	1	1	1	1	1	-1	-1	-1	1	0	1	1	1	1	-1	-1	-1	0	1	1	-1	-1	-1	-1	-1	-1	-1	-1	-1	-1	-1	-1	-1	-1	-1	-1	-1	-1	-1	-1	-1	-1	-1	-1	-1	-1	-1	-1	-1	-1	-1	-1	-1	-1	-1	-1	-1	-1	-1
NMI_MGH.TTGTGTTAGAGTTGTA	0	1	1	1	1	1	-1	-1	-1	1	0	1	1	1	1	-1	-1	-1	3	2	2	-1	-1	-1	-1	-1	-1	-1	-1	-1	0	1	2	-1	-1	-1	-1	-1	-1	-1	-1	-1	-1	-1	-1	0	1	1	-1	-1	-1	-1	-1	-1	-1	-1	-1	-1	-1	-1
NMI_MGH.ACCTACCAGATTAGTG	1	1	2	-1	-1	-1	-1	-1	-1	1	0	1	1	1	1	-1	-1	-1	0	1	1	-1	-1	-1	-1	-1	-1	-1	-1	-1	0	1	1	1	0	1	-1	-1	-1	-1	-1	-1	-1	-1	-1	-1	-1	-1	-1	-1	-1	-1	-1	-1	-1	-1	-1	-1	-1	-1
NMI_MGH.TTGTTCAAGTTTGAGA	1	1	2	-1	-1	-1	-1	-1	-1	1	3	1	1	1	1	-1	-1	-1	0	1	1	-1	-1	-1	-1	-1	-1	-1	-1	-1	0	1	1	1	0	1	0	1	0	-1	-1	-1	-1	-1	-1	-1	-1	-1	-1	-1	-1	-1	-1	-1	-1	-1	-1	0	2	1
NMI_MGH.TGTAACGTCACAAGAA	1	1	0	-1	-1	-1	-1	-1	-1	1	1	1	1	1	1	-1	-1	-1	0	1	1	-1	-1	-1	-1	-1	-1	-1	-1	-1	1	1	1	1	0	1	-1	-1	-1	-1	-1	-1	-1	-1	-1	-1	-1	-1	-1	-1	-1	-1	-1	-1	-1	-1	-1	-1	-1	-1
NMI_MGH.TGTGCGGCAACACGAG	1	1	0	-1	-1	-1	-1	-1	-1	1	1	1	1	1	1	-1	-1	-1	1	1	1	-1	-1	-1	-1	-1	-1	-1	-1	-1	1	1	1	1	0	1	-1	-1	-1	-1	-1	-1	-1	-1	-1	-1	-1	-1	-1	-1	-1	-1	-1	-1	-1	-1	-1	-1	-1	-1
NMI_MGH.CTATAGGTCTACTATC	0	1	1	1	1	1	-1	-1	-1	-1	-1	-1	1	1	1	-1	-1	-1	0	1	1	-1	-1	-1	0	1	1	-1	-1	-1	0	1	3	-1	-1	-1	-1	-1	-1	-1	-1	-1	-1	-1	-1	-1	-1	-1	-1	-1	-1	-1	-1	-1	-1	-1	-1	-1	-1	-1
NMI_MGH.ACTCCCAGTGTCCAAT	1	1	2	-1	-1	-1	-1	-1	-1	1	0	1	1	1	1	-1	-1	-1	0	1	1	-1	-1	-1	-1	-1	-1	-1	-1	-1	0	1	1	1	0	1	-1	-1	-1	-1	-1	-1	-1	-1	-1	-1	-1	-1	-1	-1	-1	-1	-1	-1	-1	-1	-1	-1	-1	-1
NMI_MGH.GAGCCTGGTGGGTATG	0	1	1	1	1	1	-1	-1	-1	1	0	1	1	1	1	-1	-1	-1	0	1	1	-1	-1	-1	-1	-1	-1	-1	-1	-1	-1	-1	-1	-1	-1	-1	-1	-1	-1	-1	-1	-1	0	1	0	-1	-1	-1	-1	-1	-1	-1	-1	-1	-1	-1	-1	-1	-1	-1
NMI_MGH.TCATTCATCGCCTTGT	1	1	2	-1	-1	-1	-1	-1	-1	1	3	1	1	1	1	-1	-1	-1	0	1	1	-1	-1	-1	-1	-1	-1	-1	-1	-1	0	1	1	1	0	1	-1	-1	-1	-1	-1	-1	-1	-1	-1	1	1	1	-1	-1	-1	-1	-1	-1	-1	-1	-1	-1	-1	-1
NMI_MGH.GCTTTCGTCGGTATGT	0	1	1	1	1	1	-1	-1	-1	1	0	1	1	1	1	1	1	0	0	1	1	1	1	0	-1	-1	-1	0	1	1	-1	-1	-1	-1	-1	-1	-1	-1	-1	-1	-1	-1	-1	-1	-1	-1	-1	-1	-1	-1	-1	-1	-1	-1	-1	-1	-1	-1	-1	-1
NMI_MGH.GATTCGAGTGCCCAGT	-1	-1	-1	-1	-1	-1	-1	-1	-1	1	0	1	1	1	1	2	1	1	0	1	1	1	1	1	-1	-1	-1	-1	-1	-1	0	1	1	-1	-1	-1	-1	-1	-1	-1	-1	-1	-1	-1	-1	-1	-1	-1	0	4	4	-1	-1	-1	-1	-1	-1	-1	-1	-1
NMI_MGH.CTCATCGGTCATCACA	1	1	3	-1	-1	-1	-1	-1	-1	1	1	1	1	1	1	-1	-1	-1	0	1	1	-1	-1	-1	-1	-1	-1	-1	-1	-1	1	1	1	1	5	1	-1	-1	-1	-1	-1	-1	0	2	1	-1	-1	-1	-1	-1	-1	-1	-1	-1	-1	-1	-1	-1	-1	-1
NMI_MGH.GGTTGTAGTCGGTACC	1	1	1	-1	-1	-1	-1	-1	-1	1	1	1	1	1	1	-1	-1	-1	0	1	1	-1	-1	-1	-1	-1	-1	-1	-1	-1	1	1	1	1	1	1	-1	-1	-1	-1	-1	-1	-1	-1	-1	-1	-1	-1	-1	-1	-1	-1	-1	-1	-1	-1	-1	-1	-1	-1
NMI_MGH.AGCGCTGTCATCCTGC	1	1	2	-1	-1	-1	-1	-1	-1	1	0	1	1	1	1	-1	-1	-1	0	1	1	-1	-1	-1	-1	-1	-1	-1	-1	-1	0	1	1	1	0	1	-1	-1	-1	-1	-1	-1	-1	-1	-1	0	1	1	-1	-1	-1	-1	-1	-1	0	1	0	-1	-1	-1
NMI_MGH.ACTTTCACACACAGCC	0	1	1	1	1	1	-1	-1	-1	1	0	1	1	1	1	-1	-1	-1	0	1	1	-1	-1	-1	-1	-1	-1	-1	-1	-1	-1	-1	-1	-1	-1	-1	-1	-1	-1	1	1	0	0	2	1	-1	-1	-1	-1	-1	-1	-1	-1	-1	-1	-1	-1	-1	-1	-1
NMI_MGH.TTCCACGGTGGCTAGA	0	1	1	1	1	1	-1	-1	-1	-1	-1	-1	1	1	1	-1	-1	-1	-1	-1	-1	-1	-1	-1	-1	-1	-1	-1	-1	-1	0	1	0	-1	-1	-1	-1	-1	-1	-1	-1	-1	-1	-1	-1	-1	-1	-1	-1	-1	-1	-1	-1	-1	1	1	0	-1	-1	-1
NMI_MGH.GACCCTTAGAGAACCC	1	1	0	-1	-1	-1	-1	-1	-1	1	1	1	1	1	1	-1	-1	-1	1	1	1	-1	-1	-1	-1	-1	-1	-1	-1	-1	1	1	1	1	6	1	-1	-1	-1	-1	-1	-1	-1	-1	-1	-1	-1	-1	0	5	2	-1	-1	-1	-1	-1	-1	0	2	1
NMI_MGH.CATCCGTCACCTATCC	1	1	0	-1	-1	-1	-1	-1	-1	1	1	1	1	1	1	-1	-1	-1	0	1	1	-1	-1	-1	-1	-1	-1	-1	-1	-1	-1	-1	-1	1	0	1	0	1	1	-1	-1	-1	-1	-1	-1	-1	-1	-1	-1	-1	-1	-1	-1	-1	-1	-1	-1	-1	-1	-1
NMI_MGH.GATAGCTGTTGTCATG	0	1	1	1	1	1	-1	-1	-1	1	0	1	1	1	1	-1	-1	-1	0	1	1	1	1	1	-1	-1	-1	-1	-1	-1	-1	-1	-1	-1	-1	-1	-1	-1	-1	-1	-1	-1	-1	-1	-1	-1	-1	-1	-1	-1	-1	-1	-1	-1	-1	-1	-1	-1	-1	-1
NMI_MGH.AGCGCTGGTTAGAAAC	1	1	2	-1	-1	-1	-1	-1	-1	1	3	1	-1	-1	-1	-1	-1	-1	0	1	1	-1	-1	-1	-1	-1	-1	-1	-1	-1	0	1	1	1	7	1	-1	-1	-1	-1	-1	-1	-1	-1	-1	-1	-1	-1	-1	-1	-1	-1	-1	-1	-1	-1	-1	-1	-1	-1
NMI_MGH.CCCGAAGAGAACCCGA	1	1	0	-1	-1	-1	-1	-1	-1	1	1	1	1	1	1	-1	-1	-1	0	1	1	-1	-1	-1	-1	-1	-1	-1	-1	-1	1	1	1	1	0	1	-1	-1	-1	-1	-1	-1	0	1	0	-1	-1	-1	-1	-1	-1	-1	-1	-1	0	1	0	-1	-1	-1
NMI_MGH.GGGATGATCGCCAGAC	0	1	1	1	1	1	-1	-1	-1	1	0	1	-1	-1	-1	-1	-1	-1	0	1	1	-1	-1	-1	-1	-1	-1	-1	-1	-1	-1	-1	-1	-1	-1	-1	-1	-1	-1	-1	-1	-1	-1	-1	-1	-1	-1	-1	-1	-1	-1	-1	-1	-1	-1	-1	-1	0	3	1
NMI_MGH.TCCACGTGTTGCACGC	1	1	1	-1	-1	-1	-1	-1	-1	1	0	1	1	1	1	-1	-1	-1	0	1	1	-1	-1	-1	0	1	1	-1	-1	-1	0	1	1	1	0	1	1	1	0	-1	-1	-1	-1	-1	-1	-1	-1	-1	-1	-1	-1	-1	-1	-1	-1	-1	-1	-1	-1	-1
NMI_MGH.TGGAACTAGACCATGG	1	1	0	-1	-1	-1	-1	-1	-1	1	1	1	1	1	1	-1	-1	-1	0	1	1	-1	-1	-1	-1	-1	-1	-1	-1	-1	-1	-1	-1	1	0	1	-1	-1	-1	-1	-1	-1	-1	-1	-1	-1	-1	-1	-1	-1	-1	-1	-1	-1	-1	-1	-1	-1	-1	-1
NMI_MGH.CCTCACACAACATACC	1	1	0	-1	-1	-1	-1	-1	-1	1	1	1	1	1	1	-1	-1	-1	2	1	1	-1	-1	-1	-1	-1	-1	-1	-1	-1	1	1	1	1	2	1	-1	-1	-1	-1	-1	-1	-1	-1	-1	-1	-1	-1	-1	-1	-1	1	1	1	-1	-1	-1	-1	-1	-1
NMI_MGH.CTACCCACAGCTTCGG	1	1	0	-1	-1	-1	-1	-1	-1	1	7	1	1	1	1	-1	-1	-1	0	1	1	1	1	0	-1	-1	-1	-1	-1	-1	0	1	1	-1	-1	-1	-1	-1	-1	-1	-1	-1	-1	-1	-1	-1	-1	-1	-1	-1	-1	-1	-1	-1	-1	-1	-1	-1	-1	-1
NMI_MGH.GGGCTCACAGTGCCTG	0	1	1	1	1	1	-1	-1	-1	1	0	1	-1	-1	-1	-1	-1	-1	0	1	1	-1	-1	-1	-1	-1	-1	-1	-1	-1	-1	-1	-1	-1	-1	-1	-1	-1	-1	-1	-1	-1	-1	-1	-1	0	1	1	-1	-1	-1	-1	-1	-1	-1	-1	-1	-1	-1	-1
NMI_MGH.GTAACACCAGAAATCA	1	1	2	-1	-1	-1	0	1	1	1	0	1	1	1	1	-1	-1	-1	0	1	1	-1	-1	-1	-1	-1	-1	-1	-1	-1	0	1	1	1	0	1	-1	-1	-1	-1	-1	-1	-1	-1	-1	-1	-1	-1	-1	-1	-1	-1	-1	-1	-1	-1	-1	0	2	1
NMI_MGH.ATCGTCCCACAATGCT	0	1	1	1	1	1	-1	-1	-1	-1	-1	-1	1	1	1	-1	-1	-1	0	1	1	-1	-1	-1	-1	-1	-1	-1	-1	-1	-1	-1	-1	-1	-1	-1	-1	-1	-1	-1	-1	-1	-1	-1	-1	-1	-1	-1	-1	-1	-1	-1	-1	-1	-1	-1	-1	-1	-1	-1
